5.020000028610223
10.279999790191656
-2.521999883651735
-1.3199998760223353
-1.7249998188018807
0.7750000095367449
2.7469999837875343
-0.8349999332427992
5.291999969482416
8.856000061035157
5.264999923706053
6.436999881267551
-0.3110000753402687
12.560999960899359
15.302000060081475
6.77399984359741
30.54699995994568
0.5609998750686679
-0.7890000009536777
0.4630000162124666
3.204999942779545
0.4459999227523768
0.6569999122619599
2.0080000734329224
3.8639999008178747
3.3920001125335686
9.33800015926361
2.8859999942779573
9.347000012397766
0.16600000381469743
-1.3730000162124611
103.92199957847598
9.991999740600589
1.841000127792359
15.330000052452078
2.889999885559082
1.2350000047683738
-0.5829998540878341
-0.2339998006820644
2.773999919891356
0.1279999732971155
0.3070001602172854
0.4240000963211047
1.7659999227523808
-1.2599998331069986
2.2970001697540288
11.102000007629387
22.28399998664856
-0.020999903678895655
2.4090000867843635
4.165999975204465
4.592000150680539
0.8459998321533199
1.3789998483657853
3.329000034332276
1.2670001697540294
37.801999702453585
1.4979998207092304
0.4990001726150516
2.0899997806549067
0.4840001392364518
8.101999988555908
-0.33100038051605435
0.15199996471404859
-0.6669999885559073
42.85100028991701
0.12099995613098363
36.990999736785895
13.647999954223636
1.9930000877380345
0.6699999237060555
14.293999910354614
19.946000018119808
7.755999975204468
0.4650000000000011
-0.7760000658035273
4.92100004673004
18.127999892234794
6.8329999637603756
1.1790002107620237
0.7159999513626103
0.3770000267028826
1.9299999380111703
1.8770000314712507
8.91499980449676
-0.13600007534026884
0.7300000762939456
3.039000082015992
4.888999924659729
7.188000121116639
2.4280001640319804
-0.3450000762939467
2.012999930381775
1.2269998598098761
29.573000121116646
0.8610000228881831
1.2390000247955308
5.556999945640567
0.38099998474121055
6.794000091552735
17.222999844551097
3.693999943733215
0.0809999895095814
9.478999872207645
1.2290000009536728
21.24999989509584
1.3910000896453834
11.669000091552741
2.315999989509585
-0.14199997425079539
14.429999914169315
1.9000000810623185
-0.38199997901916327
1.933999943733214
1.372999873161316
1.9800000286102302
5.147000045776368
-0.21600019931793335
0.8530000543594364
1.2200001239776601
-0.11799994945526104
2.3350000143051126
3.574000062942506
0.7720000839233412
1.204999990463256
11.074999952316277
58.49699967384338
2.1040000486373915
21.831999936103816
18.95999999999998
3.4389999294281006
-0.4749999666214017
6.1270001125335725
0.0529998970031754
2.869000105857847
-0.014999895095826013
20.38300003051757
7.102999916076657
2.752000064849852
0.9509999322891233
-0.03000009059905856
1.4570001506805417
15.32799998283387
2.3310000514984144
-0.06500001430511408
0.4379998302459697
4.241000056266785
9.135000135898592
0.9780000686645491
1.9960000228881831
8.271999974250797
33.67799999713897
0.043999872207643016
2.131999931335449
18.87399979114532
14.553000092506421
0.33600011825561504
-0.3939999866485595
-0.2379999542236333
11.309999899864204
0.8140000581741347
1.6999998760223405
11.459000000953665
1.9760000181198116
10.510000047683725
31.546000247001647
0.8579999971389789
4.9560001039505
15.027999711036676
0.3660000467300427
2.7319999408721944
1.8800000381469741
0.519000129699707
1.1960001039505013
22.140000071525574
14.977999887466428
1.5430000114440938
0.604999909400942
6.529000053405764
294.5250010085106
0.7059999227523792
1.4550000953674345
23.988999860286704
0.0069999361038192015
0.7280000162124628
8.780000100135805
0.28800002574920636
58.69399949550627
24.341000242233285
0.0500000762939446
0.2900000476837142
1.46799996852875
0.2069999742507918
25.680000190734866
14.483000059127805
0.404000144004824
1.1990000820159903
3.77999994277954
15.937999992370605
2.3569999265670774
1.7600000667572036
41.16099962711335
6.051999979019166
15.120999994277952
13.049999999999997
7.974999957084658
3.6030001020431497
20.744999952316277
20.961000037193305
0.521999931335449
50.95700013160705
2.4059998798370335
19.521000175476082
0.5570001554489153
1.439999847412111
0.750999989509584
0.4919999837875386
0.49899992942809945
1.3599999761581423
0.15599998950958427
0.5449999618530273
-0.17000006675720303
15.90199999332428
182.84099955558767
19.97400012016296
0.6839998579025247
0.9619999885559085
1.6289999961853026
0.6150000858306872
83.91700029924507
0.9349999999999995
0.3500000429153432
3.389999928474424
0.4849999332427964
13.574999804496759
55.55100010871887
2.122000026702879
43.19000037193297
0.1490001153945916
1.4039999485015864
1.8040001058578499
-0.967999992370605
0.9080001258850103
-0.3790000772476199
7.03300000667572
0.9790000724792469
-0.2910001564025864
2.3179999876022346
-0.06499988079071134
29.965999798774725
1.1870000553131126
24.688999972343446
1.12099992275238
1.35199996471405
-0.5509999132156358
1.286999931335449
22.414999885559073
0.8559999370574942
16.034000158309933
1.6890000724792498
1.1669999933242792
-0.16799992561340182
0.7170000934600829
50.14400027155878
1.341999974250793
1.654999799728393
1.10400007247925
20.774000082016013
0.9930000543594347
0.2750000429153464
2.2930000066757206
8.02300009250641
-0.06100007057189982
2.1220000076293966
1.6599998521804824
0.5470000123977663
0.3700000333785994
-0.02500005245208789
0.12200009346008299
1.3479999017715447
23.658000073432923
3.58499997138977
1.1129999065399185
0.9729999732971195
39.7419998788834
0.25500012397766036
0.6540000629425056
24.31000006675721
2.1020001745223977
-1.2470000839233404
1.4209999895095815
6.369999833106991
1.6780000352859525
-0.029999961853027175
1.166999855041502
-0.1310000705718986
23.23599999427797
2.0459999227523804
-0.7579999542236339
13.5859999370575
0.0540001058578501
-0.14500025272369355
1.6520000219345077
0.3240000200271627
0.4490000295639053
0.6090001058578501
0.32200008869171054
1.75800011634827
-0.7640000295639017
1.3840000772476202
11.447000098228457
0.9000001001358057
3.8039999198913574
0.8620000171661365
33.157999997138965
4.91000004291534
0.37900000095367564
-0.02800000190734702
1.342000093460082
0.9310000753402725
7.367999963760374
16.294000029563918
0.027000012397765352
0.3719998979568482
4.564000139236456
0.33499995231628554
0.9250000238418596
1.522999911308288
0.622000007629395
56.560999975204474
9.497000093460082
9.010999927520754
1.4029999542236333
8.367000117301938
-0.7299998474121092
4.581999907493587
0.4340000200271591
1.1359999465942403
0.2420000314712508
42.791000185012834
2.2390000152587914
91.167999586612
4.472000122070314
20.983999905586252
20.374999947547906
20.866000118255606
124.05400014936927
2.1049999570846585
1.7590000629425044
3.70200008392334
0.005000042915346379
0.7740000295639048
-0.1079999017715475
0.3529999351501488
56.99599999427795
9.4479999923706
17.779000105857854
-0.6199999570846574
0.9890000295639044
19.210000090599053
1.0099999523162833
8.583999948501578
2.123999910354617
0.08799989223480302
0.727000060081481
29.099000053405774
-0.33899998664856157
21.795000219345084
10.326000103950504
3.790000004768371
1.9200000524520857
0.8269999933242803
1.6829999494552619
2.0660000133514402
9.917999987602231
1.5239999866485612
18.130999927520755
3.4049999475479154
0.850999979972841
1.8639999198913548
0.08000000000000196
3.1170000362396206
2.6049999666214028
-0.11400009632110575
0.2569999885559094
0.5849999046325686
1.287000298500063
36.448999986648545
18.119999957084648
1.959000039100648
3.3359998989105226
14.014999985694882
0.7329999351501485
0.27900001049041623
-0.5320000314712543
0.44900012969970726
0.7520000076293927
1.0130000734329223
48.31200026512146
2.29299999713898
8.394000077247624
0.19599984645843488
-0.952999987602234
19.113999962806695
0.4660000133514416
7.653000192642209
-0.3850000524520886
0.5879998874664302
-0.016000070571899845
180.79500072956085
21.31799993515015
0.3820001888275135
29.734999861717228
0.6249999713897695
38.341000223159796
-0.742000131607057
43.54000010013581
2.4009999704360956
55.605999893695106
39.31900038719176
0.19799983978271526
69.06500010013588
16.901000065803526
34.841000032424965
1.8670000839233398
0.6190002346038803
0.2860000371932992
1.965000205039979
2.114999980926515
0.6669999980926519
0.1569999313354504
2.2640000295639022
-0.23599980354309022
32.30699990749359
219.33499994039545
10.736999988555908
7.385999927520754
71.61400003343816
11.811999950408937
-0.6229998683929422
1.6640000009536748
33.24700014591218
3.275999922752383
1.1690000247955323
12.906999959945672
0.28500002861022916
0.13699995517730726
17.5400001525879
34.090999627113355
-1.4089998626708984
1.4000000286102288
0.6510000658035262
1.6680001831054698
1.0859999513626093
18.69700027465822
2.9859998798370397
0.44199988842010657
0.3269997930526731
14.911000103950496
24.97900001525878
-0.8500000429153453
0.409999876022337
1.6849998998641964
9.899999990463266
0.16399999141693195
1.3629999876022327
5.60099992752075
0.6230000543594367
1.1579999828338643
13.443000197410578
-0.14300008296966726
-0.7469999313354476
-0.006999993324280007
0.685999875068663
6.570000128746032
20.207000088691707
9.13099981784821
0.36199997425079183
1.1240000343322758
1.399000015258789
37.80699988842012
15.983000173568733
-0.10700005054473705
12.019999980926507
52.95099992275237
72.89499950885768
0.9639999914169314
17.279999756813037
53.36400012016297
11.759000000953671
0.706999940872194
1.4169999313354509
4.706000108718873
1.326999983787538
-0.664000010490416
0.12199992656707598
