116.98600027084346	62.53000003620981	70.49599977970128
15.587999997138981	61.30599998861551	79.995999917984
121.95999981999401	63.83599994659426	75.95200010776519
1.158000106811523	66.08999976038925	71.46799969196316
67.83799962043757	73.86199981331822	76.64799985826019
37.29400030136108	56.898000001907334	123.20000023543813
0.9400000762939444	70.65000009223826	82.47400047302251
15.755999937057494	62.48600006937986	77.24200006127363
121.19800040960307	67.51600012898447	74.14999991014605
22.817999744415275	66.61600001811982	75.37400016367434
21.13000004768373	63.316000127047246	68.81400003433225
1.716000022888185	58.9260001635552	70.62999977871786
1.2099999713897722	61.293999957144244	78.19999988079071
1.2480000400543203	66.19999965071673	74.1120000171662
22.918000106811537	68.73600024223323	74.85600006371743
68.94999954223636	66.99000027924772	76.07200034141536
110.1320012140274	63.4959998369217	88.35599998205902
81.13999982833862	65.3659999704361	67.41399992942802
45.52199973106381	63.360000298023216	85.39400023967028
32.98799962997438	61.29200010761616	76.34000005006787
0.05199986457824704	63.36400004923346	71.36600002109996
78.77000009059908	67.6180002593994	66.84999994397157
-0.5059999561309825	61.9019999925792	76.44199993610378
3.3800001239776596	67.60800002872948	67.83600003197787
23.38600011825561	58.01800005018712	65.90200000047678
48.553999519348174	66.76200016438955	78.80399993419647
14.606000041961671	64.76400035962459	75.07200034737585
0.05600000381469804	63.13800010249019	97.55199993997809
0.7819998359680184	63.20799985587596	90.8800003051758
10.3300001335144	62.837999970912925	64.77599990844728
98.92999995231622	65.14599986076357	68.25200024604793
2.2400000858306863	62.10999985694885	74.61799991369244
102.42199968755244	66.6120000362396	70.05200001791124
-0.8019999122619611	70.16199983835214	90.82800005555147
6.578000030517576	65.74599957585332	62.967999964952476
22.955999898910513	70.57599984169006	72.55199991106988
4.833999862670903	61.45200033903126	66.93200001239776
16.43000000953673	62.63999987840648	67.2619998186827
28.953999834060657	71.71799995064738	68.5960000610351
-0.538000049591065	68.11400014519693	98.57600004285565
6.943999996185296	61.57999999329447	66.01200005531315
67.1900003910065	64.2200001573562	84.33800027608869
17.37199986457826	59.09199988365175	66.04400005817413
32.06599991321565	61.190000046789635	72.54200029492374
0.04200005531311077	85.03799979969861	74.60600019946698
286.80799715042093	60.449999976158104	67.79999987483022
7.378000154495236	79.24200015306452	70.17800005912777
0.11199990272522051	82.55200019255281	65.01800017118458
78.69599923133848	66.59000005692243	69.77800038427111
21.59999972343443	62.897999850511525	71.94600002527235
0.7899998855590814	62.241999838948246	75.93000020697721
6.519999904632569	81.70000019073483	67.19999992132189
265.7859987306597	63.864000035971344	72.80800012767315
0.6740000438690187	59.36400008961552	67.21599976539618
0.7780000400543243	66.67599978446962	71.7420001482964
56.582000617980945	60.46599982097743	85.51800001144402
5.963999958038326	71.3899999284744	72.38800017267461
147.81599968671793	65.37000006318092	71.26199993610388
30.702000007629387	146.78599937796594	110.06200014144181
36.19999985694885	60.8160002493858	65.94399992465979
1.8580000782012962	66.72599992945783	79.78999985218049
0.08799995422363233	74.5120001506806	61.60600007906557
1.0499999809265153	63.69399989888074	65.19599979728456
14.63199992179872	66.04800001144405	78.1400004716217
99.21800093650822	63.57800002336499	69.94400013089175
17.483999996185293	64.49000006675719	69.75599988341335
1.7380000209808342	64.99200043976306	63.13599998652934
4.792000055313114	64.06000012308357	93.81600040674226
53.84200004577635	78.90799984216692	71.12999971151345
157.97799996286648	63.869999962300014	71.89399977490305
0.04800002098083341	60.67000005483628	71.23600014433268
1.6499999046325684	70.31400002911684	99.01600013732904
29.09400032997132	64.95400013446805	70.99199999004595
102.18399936676032	66.8120002269745	72.85400010108947
219.49400043010715	66.12000021934513	68.10799984931946
2.171999998092653	81.50999968364827	87.96000018998978
2.3600000286102314	59.423999719619786	88.03800000667577
38.689999580383294	61.56999980166553	72.81200005054475
44.098000457286844	59.68799995183947	71.85600020647043
39.308000059127835	67.2500002360344	65.97600003197786
65.98200047969824	60.934000036716455	66.1500000882148
1.198000030517578	66.27400002196426	87.30000012755393
31.157999773025512	66.1480000333488	66.8240000963211
0.20599997520446814	69.07400009155276	66.14400026559831
111.90600036144261	61.67200004771352	86.32199983820315
2.6679999828338623	81.16400031566609	82.18799968272452
8.556000156402588	65.57399986028669	64.51599992752077
163.36799989223476	68.31800005137914	69.79800024986271
6.5460001945495625	55.468000066131346	100.89400042057038
20.753999929428097	59.12400007203218	71.70000014066693
0.5339999771118156	64.76799993157381	69.59400002956384
46.06199995994566	61.58400000095367	68.69200016140942
27.8840002155304	65.6879998350143	66.5840001165867
23.417999973297114	64.27400015354159	74.22600001573561
128.2260008430481	71.39599987864496	70.00600047826761
1.1139999580383313	63.52599982887513	83.47999973237522
0.8780000877380365	65.40199990034104	66.9919998502731
31.38399971961976	67.74199986457822	80.43999965906146
6.194000062942503	61.3939999365807	66.2360001850128
0.20999990463256774	67.27999971032135	73.0999999332428
1972.2599757003875	53.029999935776004	60.7260003635288
20.30000008583068	60.34600002765654	87.05999994277943
56.12799940109255	59.82200013637542	70.03399997711178
2.1779999160766597	72.56399991035457	97.92199949562544
0.030000000000000103	59.57000008821492	66.82999997437001
24.669999847412093	81.50400007873772	70.09600019216539
22.523999814987178	63.465999897718476	95.43399993896472
162.61599946498873	81.90800009191034	71.53399996161451
1.1419999408721944	58.853999993801125	71.65000004410741
9.476000003814697	63.76999967575074	70.07200004577639
191.37599982261676	56.478000065386254	65.0099999207258
-0.130000095367431	72.58799973428256	81.79600016593936
44.617999858856216	99.9579996678233	66.58200014501809
53.11199999809266	66.03799973011012	81.04999986052515
37.195999803543145	62.67799997329705	74.73799977064138
21.36799978256227	61.895999966859776	82.01599977135663
50.32599973678588	57.10600000351672	68.48600018501278
1.345999994277953	63.98799994707109	72.36999994277957
19.143999910354623	69.08399992465964	71.00799990251657
196.41999931171526	70.54000001907345	69.34200010061261
0.2639999580383302	60.025999922752355	86.63600013911724
12.6359998703003	67.89200020551684	68.09999991178509
91.44599990844732	62.226000002026474	71.84799999356261
41.749999580383296	101.89400046110157	68.90599993705749
5.098000020980837	68.65599999904634	71.22199995040897
6.416000099182122	69.50200034722688	84.5319996142387
3.1640001678466794	68.96600010037416	71.21800006300217
34.53800008773804	58.18599989652636	73.29000029563906
0.44599992752075207	64.13599990367885	70.45400002956396
11.334000167846682	82.51200017869479	65.31200000151992
42.05000006198885	65.86000027179726	69.11999988734718
0.7840000009536723	66.2400001955032	67.91000007629397
0.4680000209808335	58.0220000457763	83.83400003939867
1.146000022888183	82.90399982452391	73.86399998068818
10.214000082015989	66.84599998190997	91.23799988985064
-0.7520000362396237	71.21799970865246	80.45400002241132
1.3360000801086418	71.04400003433221	70.04000013589857
-0.21800001144409034	60.43199989080425	79.9559998095035
163.83399924471965	63.60800006583333	88.54800006628037
76.04399950504306	61.30400013267992	72.8339998856186
40.05200019836424	66.00599982857699	81.49799991130828
2.2320000362396217	67.78000003278257	89.33799988269806
19.610000095367436	67.19199987769125	67.15799993515012
3.9739999866485616	63.13400000244379	72.60000022411346
0.14399991035461263	62.59399996995921	71.06000019073484
1.6999998378753658	58.442000150680464	65.32200003147123
0.6799999237060549	65.67399983882908	69.21199973940853
10.392000083923337	62.00199991822242	70.20600006580348
0.1419999980926511	68.15799991369245	82.95400027394292
0.4499999618530274	75.94200011342767	70.54000000715256
0.38199992179870773	61.962000174522395	68.11399988055237
79.89199990272512	67.22799989268184	93.158000266552
0.7860000133514402	67.385999994874	66.38599983930582
4.674000101089481	73.83200033664704	68.53999974250789
43.8579996967316	63.56200026944277	66.15000021934507
2.2239999675750752	67.55000012010332	66.43200015544888
0.7199999904632572	57.825999848842606	69.26199994087219
1.7959999847412105	71.23200006961824	73.45599990844728
0.9160000991821299	62.07199992299078	78.87600009992711
2.9999999046325683	59.83000000357627	69.41000001072874
267.5540000033377	65.42399997234342	71.3100002098083
12.12000005722046	66.75599993348119	69.94199996531009
6.55200002670288	63.01999981522556	66.57399991586806
5.425999965667724	75.32800008296965	71.65200007438656
217.1859997034071	61.29800025552515	70.80599992573258
0.48800003051757646	61.490000078082076	70.45400009393694
1.4240001106262217	62.05199982523917	81.5020000711084
11.06399985313416	73.2039998960495	68.76799986034636
8.580000114440928	71.14000002145767	88.78999974012378
20.65000001907348	60.26399999737741	73.16400030136106
42.545999875068695	69.3039999386668	70.28199995517728
79.86199987411497	58.40800003454087	94.83799979686734
0.9520000743865965	60.380000183582254	71.92999988943336
14.172000007629393	61.089999692439996	69.69599982500074
72.07400001525878	59.39399982929224	67.82599995732303
10.65199989318848	60.8400000190735	70.99799999237058
-0.4079999637603759	75.1940000383556	82.69000026658179
-0.1520000171661365	62.28799990177153	73.97199998855585
64.77200016975398	67.10599983930585	74.40200008034701
41.17600026130677	62.31599990129467	66.53799998477103
1.4440000438690173	66.60799960047002	77.91800005674364
21.801999979019143	66.56200013786558	102.75800028800964
108.63600004672995	61.98999986171727	77.60199996322392
24.950000162124628	70.25000009536747	71.01199986457826
10.62400002479553	59.27799994468681	76.12000006437295
1.0340000915527354	69.28000008344647	76.97600006610155
108.7039993286133	67.55800008237364	72.99600001335143
1.5139999580383285	64.45199981689451	72.13400013685224
48.61399971961977	77.62000011920924	73.20200003385546
8.918000049591067	73.3080001449585	73.65600000262255
-0.2859999275207504	62.827999980449704	77.25399989604954
0.1359999752044688	63.20999981999391	69.59999982357029
82.90600022554393	70.38000011071564	78.77799993515019
1.201999969482423	62.29000026464464	73.96600006103519
-0.5059999942779528	79.89799998804929	122.58599956870077
0.50800006866455	60.68400017142298	73.53199985980986
1.1299998855590836	66.27599986463787	113.31199993848794
63.26600050449373	103.05200030207637	80.22600030422211
1.6439999485015857	74.06400030851366	70.42599997997283
0.49999996185302775	68.7139999341964	102.37399967193602
72.86999947547918	66.7339997848868	72.51599997580051
63.90999971151349	65.3720001363754	67.7039999103546
2.0099999332427987	74.63400026082998	74.37200003862391
155.93999912500365	62.22400007724754	67.47599996685983
25.629999809265136	59.711999988555895	68.66599989891057
0.009999999999999315	65.25599977254865	116.35799985945229
13.375999889373777	66.73399995088575	103.52399954795843
443.52399522781366	65.41599978327748	71.89199992418277
45.63200014114378	60.531999826431324	68.94999989509583
19.754000120162956	61.04400008916858	69.46399998188016
45.89599976062776	65.16000020027155	66.8760001182556
4.019999942779547	65.76400001406662	73.82000002920626
168.23199878692617	64.91999995663764	98.30800032138838
17.259999856948852	59.449999957084664	65.45600006580354
118.89800071716309	60.87400001764293	97.20399982452406
67.37200016975402	74.2940001381933	80.41800038099294
98.77200026035315	73.83800044730297	68.18400003671645
9.745999937057494	70.01199988365174	87.69999995708474
82.74200039863587	65.06200000405306	75.61199974060065
72.19799975395206	59.43400002390144	69.20400022506715
36.40400006294252	75.02000024557108	73.96800019502642
-0.05399998664855996	62.65000005364414	65.64400019168858
17.92600018501284	67.50200008869172	69.32200009346003
9.531999959945686	60.99199989199636	82.60200024992237
167.95800014019036	70.21600008487697	76.51800036430352
20.08800008773805	67.44599995493886	88.73400009885432
4.532000074386595	76.59999979496	84.36399981319913
56.917999677658095	69.39400017976757	76.1160001003742
17.112000217437735	72.57600007340304	75.31999994277953
0.23000000000000176	66.7920002174377	87.14600024342533
0.8680000686645511	58.07800000429152	71.23599999427798
169.14399831771848	66.63000012874603	68.12399991989133
2.728000097274781	76.70200027942661	71.49600035190579
0.2720000648498533	60.125999768078316	67.60800013780594
1.5139999675750728	70.68400007009508	72.96199990153306
47.465999875068626	61.43999993264673	75.86200007006529
1.4480000114440927	74.28599967479705	70.0300001934171
-0.48600006103515603	71.136000173688	72.97999984741212
76.05800000667567	63.44200014233585	68.12799989521505
182.9939992952347	57.598000053167354	74.41400017738346
0.29199997901916674	60.53800003603097	90.65600042343142
0.7960000324249255	69.09200034856792	77.45199982404706
4.9180000591278095	68.29200005412103	73.9420000469685
-0.5900001049041752	57.04400026530025	81.42200020551688
28.95400020599365	69.4699998605251	86.50199996948251
44.014000148773164	59.04400006294249	84.17399977415802
11.861999826431273	62.16000007867815	66.58200026512145
2.1560001182556165	69.35400000900029	71.38600007057184
33.6959996795654	66.66200001001357	71.29000013113021
0.699999990463257	64.23199987247587	86.29800027936697
1.0039999485015862	61.51199992775918	70.23000005960465
36.044000101089445	65.9840000107884	105.79400027438999
14.560000162124634	65.42199995160098	70.71000008463861
27.04400031566623	99.88400021016594	66.65599998950962
1.8400000476837164	65.95400006383659	75.82400005176665
75.08200017929076	63.71000018358229	73.94000003337855
22.325999937057503	59.1920001734793	66.97800005912784
16.76000001907347	87.29799999713889	73.58600000485778
60.03200017929076	64.6959999120235	86.1899995875359
25.175999975204455	67.82199997350575	69.70599974721665
0.05399988174438361	77.88200013875962	84.50599964141844
51.64200012207032	60.286000165939264	70.99800022512672
214.56999705314635	60.77999995470046	70.09999996185306
78.69199935913088	61.979999945461714	87.1360005640984
1.6120000076293959	65.72999990463252	82.0919998264312
-0.43600008964538556	69.3459997653961	65.26200004369021
9.915999984741207	68.92599981665609	65.74199999809257
21.301999864578242	75.71800020217889	84.54600019931782
26.251999721527085	60.87000022038819	70.42200009882453
109.94199953079222	61.120000117719144	73.67999983131891
36.774000434875525	66.2379997974634	71.78000002384184
26.213999719619743	66.33999986648564	73.61400026798246
8.231999940872187	73.09599997997279	88.38999965041886
20.209999880790715	73.70399965956808	76.15800007820133
-1.2640000438690189	69.08599987506865	87.05999963283539
38.54799988746645	61.911999889612275	74.44800022304055
-0.9400001144409184	65.32599993035195	66.41200023651122
9.21199996948242	61.77600002646451	70.64399998366838
12.850000104904172	67.32400015756483	68.75400000095362
44.46799993038179	63.75400002673271	73.95600008070473
126.9080003023148	62.60400022983552	103.105999751091
46.63799982070922	58.291999931037395	66.81400016307833
1.1100000476837144	63.66800016880037	78.11399999618538
55.70399977684022	77.65800017118451	65.30600007772446
205.83199799537644	66.96199998140334	70.43999998286364
187.62399921357624	60.952000107765095	70.07400009632106
288.96599853038816	75.55600004673013	107.6300003600121
0.8679999351501481	64.96799997925753	68.45200038909915
61.16199954032898	63.21600014030932	83.88599997520464
131.39999975651486	63.30599992752072	68.17000019788739
34.41799998760218	65.9200000429153	81.53199986696248
63.2519999313354	69.97199994564059	67.66399991512294
2.173999996185304	78.26999946355818	74.5320000295341
16.171999835968016	62.51200016021729	70.92600003719328
37.17999992370604	63.49400012016291	66.16400013566012
134.087999843359	69.12400016069408	67.04400008201597
105.05600025176999	68.83800006866453	82.58000011444094
5.313999891281124	61.174000110626245	79.41199998140333
222.29599814221262	80.42599993705753	79.20400038003926
36.42799974441528	74.58799999311556	66.98599996864796
3.4220000743865997	61.141999995708474	77.53799996018412
1.330000009536745	81.32199995040901	70.69799976989636
0.43399993896484473	59.8660000348091	66.20999997377402
29.68599980831145	60.28999998450277	68.09599996179341
-0.04399999618530411	80.75199955970048	73.85799972712994
137.6739998435975	69.96799985885616	78.14800004482275
-0.06800003051757862	65.3240000122785	91.87800008118141
195.70999966144552	76.86600027322764	68.5159998929501
50.25800015449525	66.33800010919575	72.55600010633464
22.723999843597394	72.04199975103134	84.96000027179713
20.149999589920053	56.98599997282028	64.06799988657237
17.171999931335456	60.74799998283382	75.8779998242855
19.158000240325926	62.53399994373323	69.64199997246263
1.275999870300292	64.7259998989105	74.41999989509577
34.73999972820282	81.4039999699592	75.17800030708307
-0.3660000419616719	65.01800014168015	70.78000006675724
7.602000055313112	69.68999975681302	70.23600001096717
34.61000029563905	62.597999944686926	74.07200008779753
19.126000032424912	63.702000015974036	65.53199990272522
41.73599965095519	65.54199998378756	79.38399979710579
1.2800000762939436	74.89599993035188	73.71400008678434
88.34999954462054	66.26400014087561	82.09999985933317
1.451999912261962	70.18199981927874	67.27200008630746
13.19599991798401	60.615999916791914	71.70999992698432
1.241999931335449	60.06200022250419	70.22599977374077
0.3240000534057621	56.242000170648154	90.53799956798555
445.49199517533185	72.2179999446869	71.66199987888332
60.80399994850161	66.03199993133542	74.94399992942807
0.2560000324249281	66.31199994444852	68.25400008484726
52.21399981498717	63.421999975442866	62.62600006103515
4.612000045776366	61.00000011205678	74.46000016212463
10.114000177383431	62.2620000441372	72.1259999775886
0.37399990081787005	59.44399992465977	68.79400023415684
66.08000011444092	67.88000016212466	79.75800013065339
61.08199979782107	69.2079998934268	65.45599998280406
-0.4080000114440935	65.01200046777723	65.52600001335142
0.6040000247955339	61.79400006055833	70.13600013449792
-0.1159999370574964	61.330000157356274	63.34999992370603
-0.1440000343322751	60.603999912738736	75.19400015711778
26.187999639511112	68.26999982833861	71.82399993300439
0.7119999217987063	61.78800001814958	113.54999991178511
8.705999860763553	63.43200008869173	74.99600001335143
-0.05799993515014592	58.38399994492536	80.25200003430247
15.42400014877319	71.38199959471824	67.18600009202956
45.637999792099016	62.02600015401839	66.16599997878072
165.37799939155582	71.38400027751922	124.02199952006345
11.355999927520761	74.47800022721286	73.67600013256077
0.40999996185302684	67.07400011062622	67.80599987030031
24.550000095367427	71.19799984455108	73.87599985241889
110.45399986743932	63.70000017642976	73.77800007820132
24.12000010490417	69.98199980378146	87.37399990081785
0.4920001125335701	67.74999988362194	67.32400031358007
45.407999954223605	64.37200001239775	85.80000001639138
1.8279999732971208	58.96400000214579	79.60399965882299
35.38599989891051	66.30199993908411	69.59400000810628
10.921999959945689	59.295999999046295	70.46000013470648
27.36399982452392	74.29800012826921	74.63400017112498
3.0400000858306897	66.30199983209366	69.11399985313417
14.890000028610222	65.489999986887	73.34400029659277
11.472000055313101	58.6420000688732	73.79800006866455
1.3280000495910638	63.030000057220505	76.70199992060655
13.17799991607666	66.03800027787685	92.44000000670546
29.811999788284314	60.94799991071228	67.70599980473521
1.4000000572204612	67.26799979880451	107.83599982738497
33.87999998092651	61.70200004756452	67.61999998331066
47.79399995803833	66.60799989461894	74.21599994778626
9.846000063866379	61.55000001385809	73.2560002326966
5.389999895095821	61.47399970293043	68.49999999135733
37.27200013160708	72.01200004816059	73.74400026798247
134.49199943721294	69.87400023743501	63.309999899864174
10.788000106811527	60.57399992108345	70.7219999609888
12.9119999217987	63.80200001358987	94.74400011301049
1.0400000190734882	69.62600004106757	95.1320001393557
1.1240000724792483	65.43600006580357	71.92999992370602
1.4859999179840098	64.58999967962505	79.09399998843679
1.4200001239776632	65.02200018167494	75.70000000476841
2.108000144958494	89.10600015386939	78.2020001137257
97.71199978753918	80.0019998306036	76.59000030279157
0.4780000782012937	61.34800013720984	71.78200016617774
127.39999861598014	67.24000000536437	82.36400013804435
0.43000007629394693	64.54199991464615	79.81200013875964
49.79999939441683	61.20800000429151	68.6640001821518
7.309999980926517	61.186000025272406	71.57200022459031
0.713999996185303	65.3060001659393	70.32999996185299
60.85399968147284	63.4460001683235	67.86800010442732
1.0460000419616708	66.67399983808394	67.09599987983697
2.0599999809265133	65.8119998157025	62.4419999915361
22.71800023078919	79.19000001668928	89.74399989843366
1.1580001354217535	69.7040001761913	77.65600036859513
2.5499999523162806	66.89600011736151	83.68400031656026
38.479999895095844	58.143999971151324	101.05800026893613
0.1140000534057618	58.767999988794294	72.10999973773954
35.055999794006354	70.08400033742191	67.43799974441527
30.52800025939944	70.33399996638292	71.30800014019007
0.5920000171661364	80.15599995940926	78.05599984437221
28.75600002288816	65.73600015595548	71.2319999560713
34.220000500679035	67.82599990963935	73.83200018733741
1.9460000228881833	62.61199994385246	72.89799991130826
1.6579998970031746	78.43199980571859	86.88799973249438
1.3759999179840061	64.89600007236007	71.80400010585784
40.95400012969968	61.62800004243852	87.8040003180504
6.683999948501585	64.35999990701683	73.10399983882908
35.9860000514984	59.87000018119815	77.26599987149241
52.97400004386904	60.833999941050934	65.87000012516972
9.295999841690065	62.91400014758108	69.53400028228762
-0.593999977111817	63.80199979066841	96.36800012543792
189.1499988135695	65.62200006008139	68.33200001955026
23.8340001821518	69.68200009062885	74.87999984502797
44.88599970817568	79.315999917984	114.83000020682819
89.47000071763982	61.47799994632603	68.07600021362308
12.71599997520447	67.35800006508832	68.63600002616639
13.6439997768402	59.677999762743674	70.21599983215323
1.542000160217284	61.4319999217987	76.33399989128107
69.76399999618535	92.33399974584569	77.01000002026562
57.181999731063875	58.997999804019926	82.23799992561344
0.3619999313354492	62.443999950885804	84.43200004577636
1.6160000133514427	67.91599988937372	93.56200024604799
0.21199999809265116	79.65800011947738	73.41600014686581
126.29199948310853	64.97599998712543	70.70600004673003
0.1240000438690175	65.22799986004831	71.28600016593934
46.23799998283386	67.03800002709036	92.22200009346007
61.85399940013889	73.11199984788892	64.18600008487704
0.24400000572204722	63.0059999732673	83.82600033462046
11.59800009727479	57.94399987965818	87.00200013786558
14.421999979019173	67.34000037431716	70.86600002765648
-0.2740001249313353	57.875999984741185	75.73400009274495
0.7640000057220443	63.312000050544746	81.395999774933
-0.608000106811522	58.970000009089624	66.66199996277693
17.92199976921082	61.108000035285954	64.63200008705256
50.313999953269985	80.37200024411094	75.97400021582847
39.23000003814692	70.45800020813937	75.06999987602238
-0.15800006866455021	65.0440002137423	88.58400034666066
103.36799953222277	61.85000003814696	72.52200005769734
12.816000022888174	86.94199971556651	72.49799997851252
26.829999866485604	59.51399994373318	99.30799987912187
-0.8260000610351572	61.34800017833714	79.9580004489422
0.1639999580383295	76.29200034022332	70.33200000286104
14.148000040054326	67.25599986389285	84.86400006651883
5.610000066757203	60.27200000524524	68.75399990975856
6.061999976634979	64.16600006908182	76.26800025820728
281.3839982163909	75.8920001550018	84.83599983930596
28.439999856948845	61.6580002188683	70.98600007295612
17.421999874115002	61.73800005599859	72.67799990653991
56.17400023460386	60.88399983704091	72.24399991184474
52.23999993324277	61.866000012159354	66.61799994468693
21.450000228881844	58.83400013685225	72.41200005769733
1.031999979019166	83.51199946224695	70.95400022625915
44.66800015449526	67.64000026792289	81.27000025272368
21.224000005722047	68.50000006794932	69.92400003433227
0.9000000095367421	64.0200001192093	70.37999993324274
1.021999979019166	62.69199991703031	89.09999990105628
9.460000028610217	63.94800024271011	70.3539999884367
1.6780000209808366	75.50199962973598	72.4920001417398
9.256000194549555	64.28400004863744	81.13400011777871
29.268000173568733	57.769999935030974	71.14399981379502
0.47999986648559684	73.49599988415834	89.62599977970127
12.897999839782717	60.27400020837785	78.01200004100806
2.032000074386597	67.51800027370452	77.49799994230267
17.688000221252448	73.14799980968236	71.32400000572204
89.07599982738498	73.83400032430887	68.8259998214245
22.948000020980864	59.29000000238415	81.77800028562542
-0.48399999618530165	134.70199923992158	84.01600010871886
0.9820000839233375	57.5959998703003	65.89600016117097
362.36599712371833	69.14600008010865	77.00599999666211
22.09599997520446	60.35400010704991	73.03600019454954
1.314000082015991	65.140000166297	72.96200010061263
58.72999987602235	64.65000019788731	68.487999830246
58.91000015258789	59.49400016665458	70.44399981617923
-0.025999956130981258	62.91400002628559	68.97400028288367
104.21599882125854	63.20199994623661	69.4259998142719
0.9219999790191667	62.652000169754054	100.8799998569489
1.2519999504089367	71.75599987983698	103.8539997196198
43.68599971771239	62.77800001978876	85.60600013256075
0.35400000572204454	81.55400035023688	79.02200019001963
1.161999893188477	60.938000087290995	73.34599985837933
41.36000001907347	66.67200004577641	69.22400014787907
8.122000236511226	61.28999998807909	126.11999968439338
14.26199990272522	66.68600019365547	72.72999993860721
0.861999883651735	61.714000014066684	69.29399997949604
10.890000000000004	72.4600002276897	70.8399998563528
0.5579999446868912	60.009999979734374	66.97799991518262
49.119999694824266	67.31600020408636	70.93599996209149
0.9719999027252202	72.2900000905991	66.49600009366871
25.30999979972839	66.02800014689569	77.05199982404706
57.03600012779238	67.96799980163568	72.31800020396712
1.1940000820159924	67.76799965620044	78.73000011920927
85.25600034236902	65.03799991935492	69.52400001674884
261.7759987139702	66.89200005531306	73.08999989986422
0.2519999504089338	63.86000002980227	66.84599999427793
25.052000026702874	79.38000036984684	78.34800020098697
-0.2619999122619633	66.96800007104875	82.52000011876228
15.802000141143813	63.86799985647208	64.16800028324121
0.8300000381469721	63.516000018119776	78.95399984121323
1.3379999542236318	70.32799983739847	67.01000009536735
7.697999954223629	68.2160000437498	79.57600012630225
27.05599986076356	63.097999844551104	68.72000015020363
10.063999910354621	63.553999845981565	67.33600005477665
0.9100001144409169	64.31399999499322	71.54000012755394
6.217999992370598	74.72800019145014	69.18800018787381
0.7020000076293939	60.508000109791745	68.94800004005428
2.519999914169311	71.43400020301338	71.56599979400639
76.04600017547611	66.6739998435974	70.28000010490422
0.1320000171661388	65.67199996709823	100.70999985218035
-0.7780000495910646	84.27400028228759	84.49999993085856
0.14600005149841316	63.32800006866454	77.51400024890901
40.44400041103361	72.51799981594083	85.23999999642382
132.5979994630813	59.895999985188226	71.46999987050897
19.964000301361086	86.26800022065636	76.23599969387055
48.22800010204315	66.67200019836422	78.30000007390973
26.18399995803832	64.82000005483624	71.5900001049042
2.7660000324249263	58.9059998726845	83.0560001282395
13.641999931335453	63.92600011348722	73.55000010490426
-0.023999891281128054	78.96799990803	76.7099999737739
0.5200000762939472	59.941999879926406	66.85199993610378
1.15	66.62799975872039	68.55000023961072
1.3340000152587868	62.24399994969363	72.49199993968011
10.255999975204464	61.263999885767724	71.39000009775155
13.53400004386901	72.04600018262853	75.99200003385542
0.921999969482421	73.9000002670288	73.05800010919567
19.341999902725245	67.19000004425646	72.82999971151361
173.35599874019624	62.22000014066698	69.4859998488426
0.3640000629425043	62.479999945163726	80.61200026795272
5.485999984741207	62.597999900579495	76.48199980586763
-0.3379999637603773	58.14600013852116	73.28399986445903
7.411999998092647	59.91599975705143	66.60399997234343
1.2659999275207527	70.51999992609025	82.69199995100503
1.9159998035430892	63.18199968457224	89.34800042510027
0.7080000782012925	74.16999994039537	75.58399998188013
66.8039998817443	63.93999979227777	106.9140003319085
202.41399937629697	66.56600000381472	67.52799991250045
64.0380000209808	89.49600010544057	68.6180000266433
9.762000017166134	65.59400007277729	73.9219997930526
0.0860000801086413	64.85200016736982	73.3160001039505
24.89199986457825	65.07999992847445	69.35600006863473
153.87999803543082	63.45599998474117	72.20400016784667
17.3120000267029	61.926000189781185	83.65800020605325
10.834000053405749	66.85399996638293	81.56799985885624
41.421999816894505	72.04199977606534	68.17600005626676
11.51000003814697	76.5140001444518	71.4840000757575
1.7820000648498517	66.15000000476833	82.08400004297485
0.2500000667572006	63.883999741971465	71.7320001769066
8.908000030517577	65.99199978590013	72.51200000286104
0.15600007057190016	65.6320000332594	82.80999957561494
121.25599905014035	67.7779999268055	67.79800006866449
18.118000011444096	62.65999999403953	86.46800023317341
7.775999898910524	59.783999991416856	68.99399989604944
-0.370000009536742	74.7859998893738	73.22000021189447
28.385999507904035	58.80599993228917	70.89800032138821
55.39999990940089	59.498000023364945	69.79599996209144
2.069999885559079	67.0120000973343	67.8819999051094
39.4559995651245	72.16399984359737	72.0000000464916
12.640000076293942	69.29399996280668	79.52600018024447
224.65399769783025	106.11599983096123	85.1419997292757
72.81400014519694	84.07799980759611	71.99399993896482
14.39600031852722	66.57800008058545	68.74000028610227
35.29400013923645	58.58599987462162	69.67000001668929
2.178000011444092	62.987999916821686	80.56200022488838
417.5199965953826	59.65799999669192	77.62200008869165
-0.3320000171661391	63.948000175356846	78.91400000780813
1.6139999198913566	80.45000018596652	73.54800010204325
150.4340022969246	94.37399980530155	80.61800014019012
23.542000036239653	86.56000054717053	78.77199997678402
44.55199972152706	68.62000011682507	97.41799989819536
1.4579999637603773	68.87200012922284	69.14600008964537
-0.7939999961853027	65.62200015425678	70.55799999833114
0.7340000152587887	64.78200001120564	82.98000002503402
16.049999904632575	60.31200012564657	70.06800006628033
0.8819999885559089	65.88599990218873	68.92399970054625
18.269999933242794	65.95800011157988	66.9899999141693
15.336000080108636	70.94000007808208	72.11600007057189
22.45399985313416	62.383999966681024	92.40400000333776
8.980000009536754	65.71199986219402	78.28200005769735
66.4900004482269	69.36200003147121	71.5020000267029
662.4559941005706	62.39000001907349	69.09000002473594
118.55199923515325	65.9320002174377	73.16799997806554
49.16800053596496	56.632000035047454	69.87599988698956
7.929999961853027	80.49800035953524	71.9600000357628
74.05400008201597	68.82200000107287	72.7099997663498
36.901999807357754	67.66399995893237	69.70000013068321
68.1860006904602	65.19200019598006	72.12799991413947
11.2339999961853	63.072000011205645	87.43600008487695
14.433999948501576	59.79400002956384	75.8220001366735
-0.9340001010894771	59.906000008583064	76.13199983596805
124.05800001055006	73.27400011539463	65.78200016498569
6.220000133514402	64.81600002646442	76.01800035834302
188.58000013634566	63.423999942541165	102.02399996519087
2.2659999465942398	66.99200019955632	74.41799991369247
138.50400010108953	71.88399981975547	71.05400030612947
65.75199973106386	68.87999978542325	164.42799968481057
26.47199975967407	55.858000099658945	72.76800009727476
5.255999984741208	67.25400000095371	64.5639999783039
44.34799985885619	102.0939994187653	95.43799959897997
1.4280000972747793	63.58599986851216	71.69599999904632
20.99599986076356	105.43800040110945	91.74800000429161
14.640000038146976	64.5460000324249	73.02800001621242
0.1839999961853014	68.2440002036094	71.88399981498725
11.919999952316285	71.68000010251993	71.10799967765813
6.534000053405761	65.51800000384449	70.55999999761576
0.46800012588500983	81.21200014114378	67.32800024151805
103.40800032615662	66.52799996793269	70.50399981260296
14.321999816894541	56.13600002765658	69.72200013637546
39.77400009155273	77.69599984168998	83.51600013330588
124.86799961090088	67.49400026798246	67.25399999380112
1.3500000762939464	73.6400001263618	79.62600016593929
1.9480001068115247	62.0959997355938	70.35600028231747
8.716000099182132	66.35199986740953	72.86199997901919
8.472000102996834	94.23399973154068	73.22200000762942
24.628000164031977	60.78199999094011	70.91400018811228
39.95599997997284	65.83599985182288	67.34600025355822
11.160000057220469	59.22799985289571	71.99199978828433
92.64600058555594	62.262000138759596	75.03199978113179
96.0779991531372	70.69200002476563	72.09000000953671
78.92800067901612	65.14399997994298	76.31200011223557
-0.6220000839233413	60.885999903678865	87.89600024893876
22.05600031852722	71.51599988460539	66.05200003623959
-0.6919999790191665	65.86599998652936	73.86200021266933
12.370000038146987	62.30600008606908	76.89600015521052
18.914000043869027	59.14999995946882	100.35599975109105
2.7120000648498555	68.2140000593661	73.3740000486374
4.097999897003173	62.5580001039803	71.80199990987781
55.23800007820128	64.18399963855748	76.66000036239625
25.152000427246087	63.6380000287295	77.31800005316741
9.577999897003183	60.988000022172905	69.96399980783458
0.6819999980926498	92.93400038957583	69.60400018990036
14.2479999256134	62.94000002697114	83.47200003147127
65.36000019073482	63.91400022745134	70.66400008678437
37.12199980735784	69.28400014519691	66.14800020605324
0.2600000858306888	56.26200033843524	75.28199973583229
231.85599945157776	92.99600026249884	70.61399990171192
0.5579998588562016	61.910000028610156	77.85599979877473
0.44199996948242165	83.74799991011614	72.75400008201595
1.6059998035430918	63.830000141114006	75.59000016689295
26.466000161170975	64.74800002574919	65.23599989414208
-0.16799999237060587	62.11799988657235	79.67000007152568
1.6900000762939464	73.66000041961671	104.33399976789964
-0.5679998683929454	62.892000007629434	84.21600029706956
80.71999978065487	62.37800013065335	81.89000014781949
-0.5260002040863024	65.77199993371961	70.06600034713743
0.4439999580383286	60.029999866783605	71.79999989464883
1.9080000209808328	84.81399990394706	71.41799994707098
26.45800007820128	68.59199998140336	74.90800019234423
105.19600023984907	71.2779999876022	87.6840004193782
20.833999652862538	59.0120001125335	68.55800011038782
74.44000017166145	67.44000016018751	70.07000013351436
49.270000009536744	70.53599973320956	66.63599995613104
0.14199995994567785	67.7160000395775	78.05399991035463
34.29599974632261	60.783999973535536	72.28200006008147
97.22399996757501	61.33800017774102	75.9899998664856
0.4879999637603757	66.53799992620937	67.5319998693466
0.24399989128112634	66.36200022220608	81.84000003144145
14.103999986648578	68.3559999069571	70.79600032567983
13.74200010299684	62.04200000673532	95.33800060868265
0.43800001144409084	62.74399988174433	80.78200006008149
48.01599968910218	60.9980000412464	67.35799996092906
7.29200002670288	74.59799993157387	68.88800004959108
140.34799928188306	62.84800014972691	67.53399992749091
29.52199998855592	68.8380000466108	68.06599992513654
21.890000038146958	65.81799985885617	77.24999988317497
26.737999782562255	64.28400009155277	68.85799999654293
0.49600008010864205	65.53599985241887	85.91400017291303
0.32400006294250344	65.60800008296972	77.04599980637427
0.49799991607666094	60.848000045567744	70.14200020253658
18.943999891281138	66.61999996900553	76.0100000143051
25.029999990463253	65.09200003623963	70.17199989289044
0.6700001716613755	58.77000007927412	64.6840001869202
1.0900000572204578	63.75199998170136	65.22400023102763
1.6039999866485608	68.25599998906253	93.56400079369548
0.8180000877380365	79.6040001273155	86.6359999608994
1.0280000495910655	65.82800005540258	105.33399983763685
12.904000024795538	64.3380000448227	65.69199998378751
0.43399985313415673	66.20600013613705	64.76000026702879
0.07600004196167146	65.31799992278215	70.48400009632107
1.7359998989105234	63.58200013607735	94.15399982124565
0.3980001258850098	71.18400020599364	79.7900001692772
5.9360000610351555	70.7020000696182	68.01599983930583
17.365999975204495	67.36600027367474	68.13999984741213
13.5020000553131	65.81600004196162	80.40400002479548
67.90000019073489	77.31000026330355	72.07999989748
66.971999835968	62.09399996399874	120.70999996185299
168.96199964612717	64.84400007486346	68.74200007438662
13.393999948501591	69.54199974119663	68.13400001525872
-0.06399999618530425	58.534000234603916	69.84799973487851
-0.6100000762939439	65.58800022125236	95.89999979496
-0.2639998435974119	67.46399985313408	69.02399996668102
181.03200038909924	64.7860000872612	66.57600014209746
18.612000207901016	84.46399986580008	73.13200026512148
1.3400000000000012	68.86399998486036	71.37599983245127
1.9479999160766606	58.678000065088305	77.83200019836423
-0.33599996566772344	64.68999998688702	68.81999989986417
63.862000222206134	60.47000012218956	94.10600022792813
81.22999996185307	73.53599986195569	73.8920000886917
8.219999933242802	73.79999967336647	70.54400030136107
41.35199973106383	88.30200014039882	69.24400006890293
81.14199993133546	67.71999978661539	96.9879997792839
9.014000110626212	55.80000007867812	77.2740001559257
1.4980000209808328	62.6300000667572	84.40200007438654
-0.9320000743865987	61.142000089883815	68.3040002274513
0.5119999313354489	62.92399987220762	70.9099999451637
0.05599983215332068	99.25999988079072	65.40200006410474
11.253999967575076	59.92400021880862	70.67200006246564
104.4220007061958	60.90200010180471	66.10600009202957
5.195999832153317	109.10199969440693	140.6039994263649
57.272000207901	71.97799984216692	84.00000057220461
22.571999845504767	65.44800001382828	72.19200016379362
82.37400044918063	78.18600027561186	72.62399981454011
0.4840000438690166	61.893999849855945	67.0219999670982
145.12799885749794	71.17000002980238	99.09400020360943
24.8020000553131	64.63599999427795	71.88400010108948
2.4080000400543238	68.38199998214846	78.66799991920583
4.116000013351438	60.21799996852875	67.78200030803681
12.577999954223634	65.25600001424552	68.0800001192092
13.253999910354615	60.82200005218386	69.35200016319754
0.6779999446868916	76.73800009250635	93.09400062084194
6.6640000629425105	62.550000195503216	67.10400022506714
99.18800044059749	75.61800021409991	98.1940000939369
137.92599964857098	62.30999991178515	79.82399986267095
6.499999856948855	66.27799985766417	68.94200009584428
0.6439999961853027	66.40399999618532	72.21599987030031
21.970000267028812	59.69400003433227	74.03599995613101
1.2219999313354497	64.23599985718724	67.63800008773802
-0.5900000572204578	57.93599990844724	69.33199997425078
0.5200000858306895	56.175999852418855	90.25600002005704
15.617999897003182	63.34999973103409	72.00000006794922
19.338000278472894	62.65000005960466	77.35199997186668
1.2660000514984129	59.99600003480911	74.59800009056926
30.000000314712537	61.98599996477358	105.59799986362455
92.87799960970882	67.58000006198878	72.91599999383087
-0.48600003242492545	78.50199993386869	77.89400012016297
23.321999893188472	65.372000130713	66.28599982440468
11.858000202178957	62.13800031661989	70.09200022786861
26.659999885559085	65.61600001290441	72.3700001573562
11.547999944686888	58.97400000184776	66.12399980068206
17.775999975204453	64.74399998605253	75.20399976730351
0.22999995231628245	63.34000011146071	92.8800002473593
59.85000001907344	61.02399991154668	64.54000012397765
157.93199904918674	70.36799987912173	81.80200015932321
18.67800026893616	57.59400010585786	66.67599979400632
83.85200058937076	76.90600021123876	76.30800006389609
20.24400024414062	62.52399985313417	74.06199980020523
28.979999885559092	58.50400007680061	72.32400014042851
101.2539995396137	82.41800008475792	70.14799982309347
28.73800002098084	78.47799996420747	82.4240003037453
36.66800028800968	59.432000044584285	86.72800047397617
20.852000112533588	61.99600001573562	81.13399998307227
22.801999731063848	63.9419999293983	74.87800034284584
0.43000002861022935	67.67799984455105	76.73400005340575
185.4479986453055	61.41999966144559	93.7599997258187
20.177999954223623	70.6780004048347	71.49999993085859
76.31200006484993	68.21000007033345	67.24199990987776
1.0099999427795403	75.31199967741966	74.02999996304513
17.606000247001653	68.72800004050136	73.20000021010635
2.0880000400543235	68.07200009822846	74.62199984073642
312.98599756479246	74.74599985480309	93.84199989318853
21.915999560356166	60.11400020807984	71.43600002884862
48.24200029373168	59.748000106215486	73.26800028800956
12.827999944686889	64.44399974867703	67.53799995169052
51.20400004386903	66.06399994730953	72.75999994754794
63.835999984741164	64.83800022423267	69.39799973309042
3.3840001296997064	66.03600008755926	66.66999998480082
9.71400004386902	60.56799991130827	161.52600032091152
15.271999931335458	66.37200008869179	69.00200003743174
7.053999862670892	64.96199980735778	70.86399994015696
1.3839999389648443	71.97199995636939	67.26600012779234
0.398000059127808	63.24399978160858	60.407999990731454
0.10200006484985522	65.45799995541572	69.47600025177
3.961999864578246	117.83399973690501	67.60000010490414
20.892000017166147	61.994000120162966	68.19000003099441
37.38200001716617	59.065999726057	66.1240001690388
16.27399987220765	68.28400001168248	131.01399996116749
296.4979973101616	65.09199988365175	70.77400001764293
42.454000234603875	69.73200017482039	84.10400028705602
32.45000013351441	63.568000075817096	65.07000008583064
138.25599897265417	58.28599981784824	68.8520002043247
1.5480000495910626	64.92599993824956	66.65399997711182
58.240000028610204	63.859999925345114	67.24200021028514
127.04799939155572	65.27800021454686	69.28400010585783
89.54399920821191	70.3600000691413	76.0099999642371
2.0200000667572033	78.26199985146526	72.51600004672999
12.079999990463245	65.99799988806251	65.93800007104873
17.901999921798684	61.473999957144244	69.6020000076295
0.7819999408721925	81.80800001740455	92.4479999947548
0.7540001964569095	68.25000001668926	124.50400086879728
6.777999973297118	63.911999960243776	71.50799980878828
5.978000087738035	63.45799977660184	65.9620001125336
0.84999988555908	67.16799974441531	71.57400007724762
0.7340000915527336	65.10399987936016	63.3480000162125
53.681999616622925	68.75600001335151	68.81199999809262
53.43599976539611	66.01600021362306	66.88800009489064
0.3479999732971203	61.49200005203484	86.87199992701407
2.7219999885559076	67.22799995899204	76.04000002980237
5.960000057220455	67.2200000602007	78.61200015187255
63.62800056457523	62.37599964544178	84.0380006182194
1.2960000896453845	69.85000003814697	77.78999988555908
-0.27399994850158643	64.53399997472762	70.87200011253354
6.008000030517582	64.89600004673004	74.29599994272
16.38599987030031	62.3460000818968	64.4560000604391
35.004000072479265	65.14399984478956	69.96999994635576
1.4879999256134049	65.2319999527931	69.71800006389614
17.658000068664563	73.81999991714946	71.62800018787377
1.7419998741149916	62.14200022280212	101.08199986711143
4.175999860763549	54.903999979495985	69.44200003504746
0.9560000324249256	69.34799974799155	73.8360001198947
114.95999951124182	63.3759997880459	68.19000008821493
30.014000215530377	79.31800003200765	76.33799993038176
25.190000143051144	63.08800025582314	70.15999999761583
26.329999761581426	66.36200009822844	79.21199990212915
49.2080003166199	65.43399982869623	67.51999979019158
0.15200003623962552	60.1239999437332	81.1120001888275
20.397999711036675	62.73800009846686	66.23200016349551
1.0639999866485597	63.42999986290924	65.34599998086688
1.7080000686645505	84.73800021886834	78.74399998664849
12.129999799728402	66.94799986556173	72.2079998612404
138.91199947357177	55.91599982023236	74.19199997961519
1.4780000209808375	68.25400015354153	72.3119999426603
56.31999971389773	62.70399980783464	79.96400021493427
1.5359999465942369	63.51199988245964	70.20400011062618
5.374000110626228	62.17800015330313	76.79399994134903
11.684000225067145	60.76400016397241	64.76599996566766
0.06999997138976927	61.040000346899085	68.52800014019017
47.394000186920174	61.49399990797039	68.23600002408024
0.22599995613098056	79.81200007319453	66.22800002098077
36.219999885559105	69.01399988532056	69.20399997547267
1.928000011444091	78.65000019729133	66.30399988353243
4.5099999809265165	60.07199997425076	71.45599985495214
59.773999934196475	55.36599979370828	82.72400015354161
28.90999998092654	69.02399991512296	71.70399998188022
95.32799902915954	80.21200050026174	72.62200009822841
0.07600005149841219	64.38800001859661	73.51200011730195
52.680000400543214	61.54799989700315	100.5339999723435
0.8939999580383311	72.4399999147654	109.88000051736825
0.8539999675750739	63.89799982309336	73.38400012731563
31.441999902725208	70.36599991828201	71.64200014352794
1.2800000095367436	72.13200009346004	83.15600057840344
111.4539996147156	75.24400010585774	64.7159998817741
6.194000120162966	63.913999969959235	96.13200002908717
-0.3760001373291002	68.45999981805683	67.50799991071233
0.8519999313354509	62.22399982407685	85.18400034427634
0.28999992370605393	58.46200025558473	67.2179998499155
107.09399939060212	61.203999919891324	72.95799990043038
121.81999993443485	68.15800028085707	75.74999998092645
-0.5259999752044685	66.17199980616567	77.31400014162064
59.545999507904064	61.31599998474123	68.65800002574919
0.4840000629425034	67.21399998188011	57.87600005567073
0.9120000171661367	64.3039999461174	72.91400011777881
18.802000398635865	65.58999972760675	76.4680002886058
11.152000074386597	60.98800000429155	67.78000012457368
36.68600003242491	64.35400002539163	68.46599979400631
83.86599965333939	65.1559999537468	74.44400008395313
11.184000167846683	61.08199984312059	69.33800012335182
1.01799994468689	66.38999982357024	72.69999992132188
19.94800013542177	98.63999998688693	63.57199995994569
0.6499999904632553	69.60400012046091	73.59200000956653
44.29599978923798	72.48800004124638	67.55199994802487
40.495999488830556	60.21600019216541	70.59400005817415
7.310000123977662	95.21400007054206	86.24000010013576
137.15399984300123	70.64800006389616	68.26400011062624
9.10000008583069	63.59399992227553	68.36800001680855
11.345999860763543	95.05799985647197	67.3979999800026
273.65599758386617	108.68400013402106	80.76400029450657
1.1199998855590836	78.17000021815295	83.50800043821337
0.3360000133514421	63.7959999060631	95.8340000653266
12.812000036239626	63.448000020980786	69.86199977278717
114.17399939537053	59.653999948501536	67.86200012445451
15.033999900817888	64.13799989104272	68.73999993801121
2.0579999732971177	68.23000028133387	95.71799990177158
0.7759999847412121	59.987999854087796	63.64999996185304
0.31799994468689	62.275999789834	68.89999999046327
147.88400023460383	59.29400005131958	65.62800020217887
278.1819994974138	62.46600001335146	66.79399989187722
45.074000053405754	65.22199996471409	62.30399993419642
4.342000036239625	74.3619998142123	74.46999992847438
1.0199998855590813	64.41799994468684	68.71800014019011
-0.15599995613097997	61.82000016689299	68.03599976539608
59.22999991416932	65.23799975007772	85.93999990224842
83.52000021457668	59.50000001907353	65.95199988842008
48.54400002956395	78.51599985852828	73.95799989342687
11.369999971389772	65.77999970912931	72.3240000839531
46.940000038147005	67.46999993085862	67.36000000953673
304.46999842643726	62.12399977207181	90.04399994581937
6.8160000038147	60.4060000562668	69.28800014495839
101.22200014546522	57.58000002130866	75.64399979352947
159.22799949645994	62.305999975204465	66.86399999141699
1.166000108718871	80.08999980449674	67.9759998989105
113.89999935150146	66.14600007295611	63.90599987387655
214.72800005435957	57.58599998116494	70.05800009906288
49.54000003814699	68.98200008392331	71.13400016784665
-0.24800002098083662	61.556000045537985	68.68800027847284
115.08200015068059	67.21799983263008	71.21400009036061
20.112000083923334	66.72399986147875	66.88800011038778
0.435999908447267	67.44200020313258	78.86200011253366
56.473999366760275	63.15600017666816	76.16199994325636
-0.4159999179840098	59.95600001871584	90.19199997782708
-0.6819999790191665	63.88199996948236	114.60800042927268
4.274000024795533	78.02199953198435	71.26200025081631
117.98200011253358	61.67200009107585	70.51199983596804
92.72799994468681	61.46599999785419	96.46000034332259
62.565999441146815	75.23400017023081	96.1999994468688
102.51199955940248	72.00200009226803	76.06399997711183
-0.6360000324249265	61.667999799698585	66.57000002861022
66.93600097656253	54.508000241219996	71.78999993711709
20.36999984741212	62.557999784946375	78.27799994111062
8.07999990463257	69.80999995827669	65.51600003600115
30.397999954223632	62.50399988800291	68.82799982786182
-0.22600008964538487	62.91999986648558	73.14000009894366
71.07400057792668	89.42600040346385	69.59200009226798
0.04600009918212878	66.12200009584423	76.09000000715254
98.54199954509734	60.24200023889545	70.50999991416928
-1.4120000171661373	68.13999985218042	82.73400020435463
15.76000006675721	70.1720000767708	138.03200042724592
1.6939999961853025	68.6299998641014	68.46200011491779
-0.16999995231628445	69.6760001254082	67.44200010180471
30.52999985694884	65.91999972939493	68.44600017592317
1.476000003814697	75.6680000901221	82.82400003433224
18.29199984550477	75.3000000500679	80.77999995708458
-0.20800004959106397	63.694000238180166	73.59200020551678
-0.10200008392333824	60.601999880075425	71.94799991846075
35.80000016212463	60.06800006344912	69.80199996948244
52.04999978065488	62.89999986171718	95.18800009444364
-0.4059999465942387	60.34599997520446	66.76600003242491
17.48000015258788	63.13800001978864	86.87000027939678
2.0219999790191636	65.95999998092653	120.26800021052364
92.96799998402595	63.15399984836574	91.6219999498129
3.9260000324249247	76.2199999856949	75.86600025176995
395.56599616572265	65.39400016307832	86.3879994487763
44.14399983406065	60.93400011539457	68.41600019574167
1.9420000076293953	65.5920000678301	89.85199974536894
17.508000154495225	62.90000022172927	62.508000165522134
1.1379999923706046	64.39999999046327	88.12600028038025
93.25000021457673	70.03400041580198	69.12000004291531
43.752000007629384	61.16599999427796	72.62800028800959
98.86199910640708	75.18399980306614	67.00799988269809
103.82999989986428	57.906000128984466	71.48599995672707
95.63200002670284	58.6259998579323	79.13999989032749
0.8619999885559075	59.634000074863415	105.87399987697597
33.36599957942968	59.755999995917115	73.85999982118605
11.532000074386596	67.33599978253243	94.3820001828671
1.2599999713897687	70.18999969482415	73.3720000743866
118.74800011157983	62.95599996477362	70.08800001174212
133.3979989981652	62.08200001537797	76.35800001144419
0.22799997329711888	63.68200017511844	65.46999984979632
2.410000000000001	60.883999774455965	76.27799982070925
40.14800006389619	62.9780000209808	83.51400010213253
167.46399964809422	61.75399991422883	77.84599993109698
212.03400012969968	62.09199989199632	72.48399977445601
66.34999993324278	65.17600009560584	103.14799955636254
1.974000101089476	60.11199990272525	75.03000009059902
2.209999895095825	77.17600024402134	66.8720002484321
0.7580000114440932	68.26199989229444	95.34599943161012
29.075999736785906	84.07999980300661	65.76000000715253
97.38999959111206	62.314000147581105	76.16000003695495
109.97599960044026	69.21399978518485	79.45399999141691
17.807999944686877	63.75800017237669	68.13200009346008
96.29399994850165	58.43199989169834	71.17400009393687
8.479999961853036	60.18999984502789	66.80400019168853
-0.11399996757507254	61.72000004291531	79.53399993896484
33.53799971580511	73.06399999380108	74.14800004243857
2.0679999351501466	69.70200017213816	72.52799991607665
0.9319999980926497	68.58000012159346	67.23200012922293
4.842000017166132	63.77799983143804	70.4460001277923
66.43999970436096	64.80399986028672	77.0080002975464
23.20599997520449	67.16000000476836	72.5640000486374
-0.7079999542236312	63.46400017261501	69.09999995231625
115.13399968147277	67.57199990749358	100.39000032424929
75.8960003280639	59.93400005042548	78.24200019836428
13.150000057220456	109.69400031223893	68.15000000000002
0.8940000915527355	62.163999980986084	78.19199961662298
0.93399998664856	67.14600008964537	72.87000029563904
30.40000030517578	62.48399976179	75.63200008422136
1.8020000457763665	94.21399963289493	89.1619998948276
36.94999970436095	66.47400027438991	91.20399972438821
76.56399995803847	63.829999908208855	71.22000026345248
0.27999993324279704	61.54999979376788	81.89799959778782
130.8119994282722	73.82200013875953	108.01199954032889
10.721999931335453	67.32200012683865	73.90400002956395
74.96199988365166	65.14999982058997	79.71000010967254
99.9340002012253	63.45399981975555	67.13000001475218
60.83800027370453	61.474000088721574	62.977999925613375
35.483999958038325	66.07200016498568	99.88599968671798
1.2779999542236327	61.83199992656703	75.91600004583604
1.8340000629425046	65.09199996650219	73.31799983024594
11.363999834060667	65.99600013732916	129.9299994587898
-0.9960000610351575	65.63599997341633	68.21600008010861
23.75799985885621	62.538000054359436	67.77000000238412
28.215999956131014	62.8340000605583	71.0539998173713
0.8900001811981206	61.3200000487268	84.15799984723333
16.725999917983994	64.6260001003742	65.71200024127961
1.711999959945678	62.81799982666965	80.46800033092492
8.078000040054318	70.61200016573073	72.15600003480907
0.3979999542236332	63.1720001944899	70.09200015544893
29.32000000953675	73.69599999427786	93.41200060844425
31.744000186920182	65.59400015622377	67.46200005054477
0.37600005149841365	82.87799993187184	64.8280000281334
