94.49899993419645	61.88600012302398	76.78600004673001
59.74300002098082	67.13000021219256	64.5319998419285
1.3660000038146964	79.33399978503584	74.35199974536891
0.5480001306533824	65.5939998936653	77.16400009199984
18.32500032901764	105.84599986538292	150.27999935433277
4.5189998245239265	65.93999997615819	65.59000014066693
20.81999993801117	63.41599986553192	61.51199990749361
7.853999953269961	62.355999971628144	68.62599992990492
0.15199995517730586	78.69800035282972	66.15600000143051
14.346999874114985	62.94999998226767	65.9839998793602
7.720000054836274	70.76399961873884	71.08600014924994
24.03200005054473	56.978000077754245	71.48399993777274
13.450000095367434	67.03199996039277	78.48200001090761
0.2160000324249271	61.58599997952583	66.9680002403259
0.32400001049041743	64.00400009870528	69.72400008082388
1.3780000686645506	64.62399968624118	63.103999950885786
6.296000061035154	60.84200002074241	64.59999997615812
1.0799999761581418	58.06400006055835	72.03400017499922
32.217999925613405	63.296000003814704	67.85399988889688
0.25200003147125305	76.0339999461174	58.93199980527165
11.06200003147125	64.76600023984908	67.85200011730193
0.9109999847412114	71.094000044167	72.33199994087212
3.1080001306533793	77.08999993234869	68.82199993640188
9.208999996185296	85.28400014683609	71.96999994039533
7.452000041007996	59.387999644279496	65.63000007629398
8.559999928474424	65.34199989080429	66.20000006675723
1.0580000257492064	66.27199989646675	73.81399974584585
4.367999954223634	76.01399959996346	62.390000041723226
3.1759999799728402	80.01599996238946	65.28799993231885
4.4969998884201035	66.4000003285706	67.34000001430509
1.5850000715255734	67.21599996030328	92.88200032830227
7.689000144004817	61.403999958485386	71.38400011390448
9.577000036239626	60.161999952793124	69.12399981975555
1.330999975204467	66.71599996805199	68.93800003528592
0.12200001239776558	62.4119999170303	63.47600036025049
3.273000059127807	74.87200021907692	64.44999997138974
1.1790000391006472	70.35199966818092	66.20800018906597
0.8639999771118173	60.35600004792212	68.35400001525882
48.90400008678438	62.92599985003476	73.10600032329553
7.079999957084658	70.11200028717515	74.74399981021881
13.703999977111815	61.99599993169313	67.41600011825565
15.826999979019167	64.76999982073897	80.68199962615972
7.709000005722046	72.36800048828123	81.94199972629549
2.6909999656677237	65.3900000464916	68.20999976634985
5.754000101089478	64.79799984708431	74.04399993896494
-0.527000102996826	60.849999896138925	71.61000023216008
0.3050000190734871	59.21799995809795	75.94000023841853
2.900000066757203	82.59799997001896	64.92000009059903
2.9179999256134055	68.10399979114531	65.33200005054478
16.509000101089477	62.47400024056435	68.02600014358761
-0.3399999618530279	59.443999768495544	76.32199978828427
-0.1360000753402729	62.576000081002654	69.38200003385539
0.11299998283386281	71.66400009900329	69.01999997377396
4.3280001163482655	74.27199957102538	72.17000011920923
30.30100015640259	60.327999964207415	96.73000039294354
0.5360000848770153	63.469999923706034	75.63600010871882
9.698999991416933	66.56600007206201	70.48399998307228
9.734000058174134	71.69600000426166	88.99800023555757
0.5479999780654916	67.69399981856341	62.74999991416932
-0.21399991035461485	65.79000017881398	67.8280000019073
-2.005000019073486	63.126000138819215	77.63599968314173
5.129999928474429	63.02199997738002	68.04799995064731
6.809000101089478	66.5000001800061	68.50399998262529
34.6319996547699	60.853999987840666	63.90600022792813
-0.6360000562667855	56.07999999880784	65.1540000134706
26.12199998378754	76.9440000867844	82.27400016784667
32.660000109672545	61.5519997271895	65.37600013256069
-0.4669999885559069	67.5500000190735	85.92000003814707
13.239000024795528	65.71800034418693	71.81599987506866
4.134000000953677	64.33200009107581	64.94599990487094
2.1789998960495005	57.34599987268448	71.1780001321435
10.684999990463261	64.33600007534025	68.34999980211255
12.794000053405762	80.21999949857586	70.40400000929831
14.16200007915497	61.28800002455709	70.23200003623961
1.2839999055862414	65.90200002133848	73.16999999523162
5.681999931335449	63.316000105142614	68.16800016880039
2.2690001058578493	66.39199977993965	68.01999970793727
20.64999991893768	63.025999969243976	66.70400022655728
29.431999959945685	62.37000003844497	67.24199985504144
12.890000123977655	62.42400004267695	66.18599991872907
-0.39000000000000007	57.83600011467934	63.05600006580352
4.185000066757202	68.54199989557266	67.6140001133084
-0.2669999885559088	64.5380001755059	68.38199993133549
11.527000069618225	58.831999913007074	66.82399992704391
29.83900017261504	73.15200004458421	62.07599992036822
20.008000030517564	74.66600048899649	75.02400030374523
13.11900010108948	77.273999928236	70.12399993181228
-0.4619999980926518	70.06599981665615	65.51000004440546
7.791000070571898	68.96999992370603	69.01399986743931
227.5289991474151	57.082000206261895	88.04599988639356
0.8660000658035292	68.69199996471407	79.74199991226202
-1.0589999485015864	98.07199987173087	81.83199979990714
1.984000039100647	66.2739999246597	70.10000024795534
3.9449999666213973	62.27200001597399	86.07599997043607
0.24899998188018743	53.918000149428885	66.29200026065104
3.1480000734329217	62.41800000399345	70.2479998397827
0.47699993610381936	62.06199998661877	70.15399979397652
4.063000040054323	74.00799998804933	65.12599980980158
-0.5020000839233386	62.63999995708461	73.05800005197513
2.0820001077651975	76.09200005769729	78.02799997523428
151.45199938297267	165.22399940371503	131.49199933499108
21.52399994850159	70.5760000503063	70.37399995952848
4.6350000095367445	65.37999980330466	69.89599973797796
2.7159999895095823	61.22599991202355	63.308000130653355
2.3800000190734867	56.149999920129794	63.64000014781948
13.223000016212463	75.67000028192997	76.43799994349489
1.8860000610351577	58.97399994134904	112.23200056225059
15.696999974250794	56.98000011444092	67.61600008964541
1.2340000152587887	71.10799985885622	69.5919998323917
5.992000079154966	65.11400005698201	62.85000013828278
3.7440001010894797	56.05799986004829	66.27999998569487
13.333000116348265	109.44600026667115	71.30600014686581
6.174999942779545	66.60999989271163	65.83800024807454
3.3540000200271605	66.89000030323857	73.16000000804667
13.305000042915342	64.56000015735623	64.11000009536741
11.726999955177304	68.04000030875204	67.22399991989138
16.826000046730048	74.48199979469172	71.17800005435937
38.024999995231624	57.66600007057186	68.75800024867053
1.4660000371932984	70.38799984097484	74.71599997043603
0.3459999942779548	61.88800006151202	68.94800019741054
1.9519999170303346	72.57799991250037	72.3380001592636
0.7870000267028813	66.92400003314015	68.65000010013581
4.50899999141693	64.31600016400216	67.83600013256074
-0.6499999523162852	93.32399968370801	71.4159999847412
0.40300001144409114	63.455999958515186	79.05399990081786
17.040000019073492	70.81400028198952	65.6479999637603
0.6349999427795414	85.58599995672701	78.982000041604
6.042999911308288	69.3739999830723	80.48799988746647
0.8420000123977658	75.67399962902071	56.777999852150735
5.918000087738037	56.17800009578465	70.32800004005428
3.790000071525572	65.91999986618757	76.68999977111815
9.286000037193293	59.752000118494	65.80199978262186
-0.46999994277954044	66.68399996280672	73.78800006628039
-0.7860000467300405	69.4620001335442	72.08799973964685
-0.8190000867843621	62.44199997946623	70.67399998903277
1.755999932289125	64.42199992328888	89.7640002059937
12.34499994754791	69.94399990081789	72.67399982020262
3.7259999847412106	76.37799971818923	75.0120000433921
11.200999889373778	66.47200003236533	93.49800026535992
13.950999970436095	59.559999904632534	63.78399990320206
4.695000033378602	61.77199982643132	72.41199982166285
12.914999985694887	70.20999982237817	62.013999991416895
30.561000037193317	61.462000212669416	73.66799993991856
6.6219999790191695	62.309999904036516	67.17000001221892
3.5759999418258657	67.83000018417832	68.68199991703031
31.57500022888184	64.51599992185825	73.78999989867201
-0.5050000667572028	63.618000118732404	63.67999991893766
1.8480000114440909	59.623999763727205	62.44800010442732
1.0180000209808353	74.07599992036823	62.51399996280667
14.827000041007992	66.39400026321412	96.94800017446275
3.641000161170959	67.55599980473517	64.47200006484988
1.7709999799728404	67.29999975502491	68.18799996376042
32.57800007820129	63.32400016546245	73.31800016403191
0.6399999713897708	61.75200001955029	67.11999993801119
21.450999827384933	66.26599993586545	64.26599987506874
20.13999978542328	82.71399984478948	66.67599999621513
26.4060001373291	70.94600002050402	67.30599996566771
0.38199995994567815	60.13799983739854	66.3920000076294
1.1350000143051147	65.57599984079597	71.18799974918363
-1.313000006675722	64.6740001296997	84.58199990198018
-0.18299995899200389	62.36400004267698	67.84600002765654
1.4680000257492059	67.26799989998342	71.23200014591215
27.025000100135802	72.96800024628631	71.5959999579191
2.19900002002716	80.81600027680392	90.32600003242483
2.7800000095367428	90.29399973511694	69.70200011253354
1.9990000343322745	64.6820001073181	73.8219999790192
18.570999984741206	64.45200020700686	71.63600021839143
9.797000117301943	63.31600025951862	69.83199981212616
2.1430000305175776	57.26799995660785	81.66000018000601
41.926000289917	59.309999947547894	70.46800003439185
11.59899989128113	85.18599978610867	65.73600012779231
1.342999987602235	71.3320000123977	97.89199991106989
72.7130003452301	59.317999961972276	70.77199988126758
15.580999908447266	63.05599989175796	64.68199999332427
5.168000016212467	60.482000102996814	70.92600008487699
41.94199996471406	65.59200013279913	76.38400003433227
-0.5299999094009399	66.48400009632107	67.90200017929085
5.665999922752379	59.97599995583293	64.08600012063982
1.7149999904632556	62.13599996447559	62.75399990558617
-0.040999879837034785	63.67199997901917	117.10000053003446
-1.003000016212464	70.6559999477863	67.47399996444585
0.844999942779541	80.538000087738	65.00000014662743
22.256000089645383	74.05599968075751	97.5999997067451
3.7469999885559098	62.878000155687346	69.55000006198884
1.5220000267028804	77.38400024890898	121.06999988317486
1.7700000190734861	84.10999964788556	74.84799998879433
-1.0509999799728396	60.250000007301544	66.09600016593934
1.5360000228881827	64.67200018882747	73.86600001454352
1.7710000038146967	64.08600010693077	66.75599990844727
3.3580000352859494	66.494000171423	63.65200005203486
35.653000254631046	65.63599985420707	62.17200002193448
1.8289999723434458	61.154000210762014	69.46199997425082
-0.05899989604950025	60.63800019890069	72.59599986076357
2.1450000333786012	62.57399998903274	68.66400012016295
23.486999926567073	63.65200011268258	66.06600009202954
4.6610000658035275	78.687999919653	71.66799990370863
4.190000009536743	63.36000001192097	68.10199992656706
-0.0049999952316290685	64.86399986028667	86.19999999523164
66.14499957561492	57.3139998316765	64.95000020980828
0.2519999361038214	68.7880001087487	71.29600038528437
41.39899964809418	79.24799965381628	78.38199975967412
23.813999814987184	66.39000000238416	69.50399996280662
32.91500000000001	65.95399996474382	66.62400002717973
1.0219999885559086	83.4779996471107	83.98800007104869
14.041000003814698	61.30599996089933	66.52400002300739
6.4859999895095815	67.07399985015391	81.3940001821518
-0.3029999828338617	73.1319998937845	65.90799967765808
-0.2570000219345084	71.35399985551837	98.48600031942135
1.3420001316070558	60.35599982261655	70.24999977588651
4.207999858856202	66.79800001144403	97.17400027275092
5.4389998865127565	60.84799982264631	72.59199986457827
1.0680000877380371	92.40999980404969	76.3660002565383
0.02800004005432242	67.1260000658035	64.80799999713899
15.500000033378603	64.21199985623359	63.788000049591
1.0010000085830701	63.27600018143649	86.80000015974045
6.77400000095367	57.00999993205066	68.88199999034407
8.305999841690063	63.87200017929078	64.09800001144409
1.445000033378601	62.83400006413459	67.75399979308244
21.108000011444105	56.565999917984044	66.06400002717974
23.386000089645382	65.88799981653693	66.46399997711173
12.9679998922348	59.851999950408995	85.21600013971324
14.04599991798401	89.92999978467817	66.67599985122683
0.69100001335144	63.438000100851085	75.59199973583215
1.4609999704360945	86.06800010621545	68.19199995040888
17.377999835014336	65.8060000304878	72.21599993705753
12.402999920845033	61.19599991530177	76.47200022220608
20.676999850273138	67.75199991822244	77.9500001430511
-0.18100004673003992	64.16799982026218	65.09999992415301
12.069000053405757	96.8960000470281	86.31199997425082
6.651999917030336	61.10799995899194	70.5179998397826
5.16699986934662	76.25399996042252	66.92399998903277
2.4189999294280993	64.4320000457763	65.02599977493283
18.11600006580353	71.33200016021735	77.53200017333037
0.9719999504089343	68.87999994874004	70.68999998927119
14.011999974250783	73.17599972605709	69.5980001723766
23.601000003814697	61.77000007390977	74.22799999624495
7.319000000953675	65.3920000225305	69.09000012397763
7.348000082969667	63.71400012850763	64.4679999110103
46.478000178337105	77.33799993365999	71.52600002765654
12.874999852180482	60.318000015020395	66.9519998455048
8.743999991416931	77.57000012397768	70.12600008964537
31.542000341415402	58.71000001668931	80.1700001148879
-0.6670000219345087	64.03400021374223	82.46599976956841
1.649000010490416	59.4900000876188	74.67599968910224
11.641999874114989	58.978000025749246	70.18400002479554
4.36200012207031	63.41199967458841	69.1420000696183
12.814000005722047	59.83999982833859	76.57000013351441
3.097999987602232	62.06800008535381	62.932000018656254
18.360000028610237	81.64599987924092	66.189999871254
19.390000076293944	65.88200004100798	72.19600008010858
2.199999914169312	62.29199974536893	67.37799997150888
0.9599997997283916	82.46000037670125	83.33600020885471
17.926999959945682	68.22800002932544	73.92200006127355
0.24800003051757807	111.10200048476439	82.17599997043612
12.822999949455259	64.01200006008143	66.11200000762932
4.0880000066757205	65.70799986839292	81.08799985885614
78.38699947357178	65.57199997901914	92.48399970650667
1.147000031471253	69.8740000301599	62.990000025033936
12.719999966621394	61.08400003433229	69.01199990272522
-2.2750000190734876	62.8740001897514	66.43199980258946
2.922999954223633	66.80799997568131	63.958000121116655
1.8750000572204588	68.96799988299611	72.22800016164781
30.153999910354617	68.26200008392331	65.52199995994566
0.564999961853027	68.51799979805945	101.14800009965893
6.53200003147125	74.11799998283392	67.59799994707107
1.3590001010894777	65.8080004549027	75.8000001525878
3.2510000085830697	65.34599986910821	73.563999967128
1.8490000295639037	81.7200004005432	91.42400025933982
0.2839999294280999	85.17199977040293	71.13199997663496
1.0780000495910658	65.15400005295872	72.3779996907711
44.3039998149872	59.79199977442619	68.03000018119819
1.456999907493592	63.902000167369785	67.98000003337866
35.20099981784822	62.23000000834466	75.45800029635434
-0.10099992275237946	60.67200009882454	65.53400015830995
104.76899927616114	60.76400006294253	66.59999997913843
6.741000075340273	64.16600010395051	67.48000000000003
13.365999932289125	64.88599998712544	68.79599985122681
2.909000039100646	65.56399983614675	70.60000011444096
-0.232999992370605	68.2380002522468	100.79000013932577
2.0840000009536737	65.81800035238258	81.65399949520838
1.4679999876022323	63.10199996709826	91.853999876976
13.536000208854668	69.09799997091295	68.08599990844723
11.136000080108644	62.29199981451037	72.12200001716616
2.1359999656677258	62.65600002110011	96.21399986863143
3.0259999942779534	67.17200004100802	67.09400015354153
3.03700005531311	63.690000054836155	69.63799998939038
21.67400010108948	63.652000224590324	75.5520001029968
1.1249999523162846	61.92599971055981	92.45399996995926
3.2210000896453868	73.35599974274636	78.77599997758857
6.427000012397765	62.75799994230268	64.7300001335144
0.4949998521804797	69.09799989819523	66.26200008153914
7.6920000839233404	65.63199990093713	70.33799994707114
-0.05500000476837237	75.552000208646	99.0379997274279
4.834000039100649	66.25399985790253	70.1879999029637
0.7759999132156381	66.74599992275236	68.74000020310275
0.22500006675720127	66.43399988651272	74.23600000500682
8.300999941825866	58.638000016212445	69.92000018119813
0.26199999809265245	74.62600000858306	80.93999981060631
6.221000037193299	72.21999997138975	74.16200017169118
6.433999881744386	69.70600016683336	69.54400012627245
0.7059999752044664	70.2319997084141	71.42200002670288
4.621999988555907	70.50800043582916	69.37599990606304
32.39699986934662	61.85400026440616	70.79599988937382
19.450999951362604	62.064000182151766	71.022000002861
0.029999961853027533	66.27800014495848	76.20200027942651
3.6529999542236338	64.83600033760074	72.6700001013279
1.2880001211166388	65.48599985957146	67.18799985885616
7.192000017166137	63.58599995017043	72.19000005722039
21.445999908447266	61.522000045776345	67.85199997305871
1.1470000123977666	65.4060000362992	66.41399995326995
6.807000007629395	61.32200017809875	68.61199997186658
5.813000149726869	60.49200014710427	66.05200015068056
0.607000088691711	68.82200022727248	78.5199999409914
9.421999988555909	78.64800004884607	81.71399997800586
22.496999931335456	61.15800015151502	65.34200016975394
25.045000038146977	59.35399995729328	67.23199996471406
0.9760000658035289	65.78199989199638	66.44400014370676
0.8450000143051155	61.784000334739666	118.98399940595026
2.678000054359434	61.40799980223177	96.4600000579657
0.46400001049041784	79.77400010064235	76.60400002479562
5.479999980926512	64.56199986428017	64.78199985504143
2.661000137329103	58.74800019457937	64.7260000562668
-0.08799994945526039	73.92800009965895	65.73200011074542
23.819000029563895	60.63599974796174	68.3599997568131
-1.1440000534057604	61.24999984651804	83.65599991083154
45.495999879837036	61.827999859303254	70.53399998426438
0.2320000219345084	77.91800002455719	82.97400004550806
33.88299987316132	63.85799998879429	68.42400011062618
2.2950001049041737	95.49400004386908	65.39199990749358
4.134999909400941	77.60000021755688	67.7740003156662
30.383000011444096	71.53000012159343	76.74199986457832
1.993999953269957	68.5180001759529	87.50599994897848
2.311999969482421	70.4540001006424	65.21599990040063
117.25200079917904	63.93800012201073	73.71800005078316
1.0150000190734851	66.75199996054168	67.99999986410151
19.211000065803532	72.2839997935295	65.10599992275237
16.312000093460085	68.22799994111067	67.75800019264221
1.1629999637603745	73.93399999380118	72.62599993705753
0.735999951362611	64.40599995136265	66.37799991220236
0.01799995899200573	67.73600002646444	75.74200018599635
5.108999962806699	93.59600031137458	71.69599996566772
0.5520000505447381	67.30600027561186	68.31200012519952
8.285000052452089	88.52000014141205	132.56199992299082
34.89199990272524	59.95400004386906	70.83600013732915
12.376999988555909	81.1600004148483	83.60399987459185
2.7300000953674295	73.53400022700427	73.56199990272518
48.19800006866455	66.27599991500377	74.73600002288816
266.64700022220615	230.03599804714335	218.13399909019483
0.004000005722046497	66.97599984362724	69.45400014877322
5.195000106096266	63.39200022518634	80.61999981701376
0.14300008296966654	82.28800000011908	75.62400027513502
7.20800001144409	70.51399998620148	73.41000004053113
9.35600004196167	67.94000009059904	67.783999915123
1.1579999399185172	67.46800014019003	68.5800000913441
-0.5430000162124634	75.57999981969594	68.14600017935035
9.547000036239623	64.4939999310672	62.98600016415117
0.16499994754791353	89.49800043553113	69.32199998736385
0.41500000476837207	80.02600006580349	91.5820003604889
16.60799994468689	75.90399966657156	72.14999998092647
71.95299980640408	72.3820000457764	127.7419998270273
0.4219999837875362	79.4499995572866	80.36799969434723
7.161000037193296	63.53199990510944	67.95400001764301
1.3920000410079953	76.27199999615543	70.22000010490422
3.409999980926514	68.04000019788741	69.4979998397827
9.869000096321107	62.40999987602232	80.7859998989105
4.611000056266785	63.17200009107587	75.37600000739097
23.204999914169317	71.80399971321222	66.42000029563903
6.051000022888185	68.90000012606383	80.140000090599
0.6150000238418584	85.7419997727871	70.1079999160767
1.4710001134872428	63.629999978542344	74.72800002098086
16.232000203132635	70.93800009220843	69.81599976539603
3.8180000400543226	71.27999992251401	83.8900000452995
5.919999961853027	70.47000002622596	75.97800002694132
0.7410000038146988	67.9800000360608	71.56999999046324
1.7770000600814813	63.80200007915497	65.12399988651275
0.8549999237060538	68.36599982693788	79.20800014495852
8.079999957084656	69.03999986648562	70.85000011920935
1.8080000305175787	64.04600011587141	85.5379992437363
6.781999964714047	66.3680000853538	66.93399985313411
-0.22499999046325667	66.914000300467	79.36400009632109
7.253999958038332	113.04400030493734	77.87199982643135
7.738000116348262	72.18400019705287	70.5239999008178
57.583999857902526	65.52799989551302	70.89800029873848
2.716000003814699	64.34199998289341	67.02000009536741
4.21199994087219	64.6760002136231	69.85799990773201
2.189999947547913	65.23599984169003	69.53599985435608
0.962999992370605	71.16600003242493	70.27399984836573
14.29000015735626	70.04799982130517	74.29600014686585
28.353999829292302	62.29000006064778	71.768000112772
11.002000026702882	72.99200008198619	72.61200012683867
4.822000122070313	75.1959999370575	71.08800020411609
11.027999939918518	76.99800006330008	80.04800011157984
0.27900000095367444	63.61400018125772	84.5040000176429
1.7750000572204578	74.65600009918224	76.90800022602082
20.66799986839295	67.00599999904637	80.6759998291731
-1.5659999132156377	59.85400014400483	67.66199995517728
1.6969998979568477	66.11599978446961	80.85000024676322
3.960999951362609	61.95799991577864	68.93200002670282
2.0950000381469733	65.5459997916222	101.97400033235546
4.084000101089478	63.50000008255241	66.98200002670286
2.6370000314712514	75.63200028419489	71.57199983596799
10.927999992370601	64.47399978667497	62.15199994325638
2.603999977111816	62.474000141024625	69.75800021365286
7.182000069618225	68.70399990320205	96.88400023460387
16.649999880790705	68.86399995565417	95.46000015631324
16.8760000705719	79.17000024795527	61.27799999952319
2.2089999055862433	62.403999958038256	74.78200021430855
6.158000006675719	61.17800004959109	70.93000021934505
1.675000081062317	67.9720000576972	82.26800013542183
0.047000045776368016	67.82199995994567	66.91600011348726
4.883999938964844	66.53799999415868	64.26600011825556
24.00300008773804	59.43000014185904	71.03599986791608
0.9529999685287474	65.71199985504148	68.42399993896483
1.612000036239624	58.973999841213235	86.68400030791757
2.596999998092653	75.04200011685494	68.68399996757503
0.6449998998641977	62.768000166416165	95.55800015062094
-0.1089999341964711	77.92200010061256	66.80199998855588
6.45999994754791	89.82799993365991	88.08200040832158
58.32800040721893	71.92199983716002	76.58599990785117
-0.9290000438690192	68.36799999922512	65.32599995136265
4.226000018119813	64.3320000576973	76.23600003242495
4.570999908447265	72.08800019264228	68.00400001049044
0.9430000352859512	66.17600009322157	90.32799958199261
19.21400003433228	116.18199966430666	112.95599910706284
3.9590000295639047	57.725999977737736	64.31400008320804
1.4150000047683708	59.86400012254711	77.20800022602081
0.8560000085830684	74.03000019848342	74.81199967861174
23.549000120162965	92.8560002017021	65.46400014638897
2.3700000572204565	63.18399995535614	65.66999981880184
16.980999946594242	60.06600021362308	67.19799997806545
1.2410001277923586	61.37199991703032	64.55999992370604
-0.7799999046325699	58.15599991932511	64.42400012016294
14.871000094413752	68.83000010967255	70.52599996566774
3.8120000076293943	67.59799987077709	67.66399981737139
1.234000120162964	79.62200037479397	84.87799981355668
2.8790000247955336	66.40999984219665	67.12400008201595
7.725999922752382	70.12199983358384	65.83599984169007
4.901999905109403	73.51600015133626	95.95199962437157
0.798000016212464	48.68800000488761	56.69400011241434
7.532000041007995	69.8240001618862	68.04000000953668
1.0319998693466184	59.32200003147119	68.53400012254713
11.68299997806549	75.2659998512268	70.69599987834697
1.809999871253967	71.57800033330909	72.5699998497962
0.5380000305175788	73.82200016453864	73.96800027832393
3.212000021934509	61.68400013208388	71.64599991843099
2.9779999494552616	64.99800002947451	67.11600006580356
4.26799997329712	75.8260002049805	70.60399999141691
1.311000070571899	60.76200022697445	61.241999933123566
33.40100008964538	66.51599998250607	77.25999981522558
6.001999988555908	67.09000031650062	68.03600018024453
50.69599973678587	66.11000003695483	71.02999983310703
-0.26800002574920784	65.65200016409163	76.36200011059641
32.767999892234805	68.71400001764297	71.96999985575675
3.3319999742507935	62.985999979972796	110.18800007671109
53.08399994850157	67.61600003525622	71.83799977838986
0.1969999504089357	74.0060002660751	67.15200005531308
-1.1670000934600822	64.74800005435945	67.69599983096117
2.357000074386598	63.462000266313574	73.1080001479387
-0.36299988269805955	88.5700002324582	69.18399979114531
1.4129999732971197	66.98200002193454	74.23400004386903
35.12899987220765	72.70800010144711	81.12400015354147
30.182000179290753	59.65199999094005	68.59199987471096
1.2850000000000004	60.22600011900065	73.04199986457829
15.004000029563901	63.2100001811981	65.23200020074843
0.8809999132156381	60.75799982905387	65.53199998259544
-0.4739999198913563	57.41200006425375	72.83400030851368
30.507000093460082	61.452000291198516	75.38200006484988
0.5929999494552616	63.54799969911575	99.35800032436853
-1.0180001258850104	70.5319998133182	71.4260001039504
0.6820000457763676	66.77199979543684	66.64600024938578
47.20799999713897	79.2039998373389	83.06800017595285
1.8309999132156363	59.90599990189069	72.65600014448165
4.943999958038329	67.9660002869367	66.69199989318844
24.439999799728398	68.18400007039307	66.32799974203107
6.270999975204467	66.6239998395741	67.66200008392332
1.3359999227523809	59.830000011920845	64.05200004607444
27.378999862670906	72.65999990269543	72.81200004518031
0.1809998178482056	71.80399983942516	79.40199994802484
0.3920000600814826	66.85800007581712	67.50799996808176
-0.6980000400543218	62.19999997138975	68.47000007659196
36.08300000667571	62.64199993819002	74.05799976915122
6.294000015258793	60.798000187426794	67.02199969708917
45.278999996185306	69.13799999892707	77.75999999225138
0.030999979972838695	86.2659998252988	79.45199996352196
2.270000023841859	77.47000016018742	100.62200030803672
4.8449999332428	67.22600014209749	70.40799995988608
4.218999977111817	69.84800006151205	73.23999999523147
5.584000058174135	64.40000006914138	64.02200002908711
3.763000044822694	79.788000048697	67.11399996638296
3.182999868392944	57.00400007724756	68.10599995136256
-1.8640000677108766	74.17600007534026	76.0379998517037
0.9669999933242797	65.91000016450884	69.06199990987783
24.192999744415275	61.67600017547605	71.69600003480912
24.425000047683724	66.4779999494553	71.16400020718572
23.272000012397772	65.69000017121431	67.34800004363059
15.11500006198883	63.04600011736152	69.95000010848044
14.826000137329105	63.64800023704763	63.66200024843219
0.16299994945526178	59.30399991035456	74.5160000777245
21.902000069618218	59.76799996972085	81.35600047588352
0.21000002384185695	61.93199995771046	99.91599986121057
8.247000188827512	72.66200004994862	65.61799998044968
10.599999918937678	67.81399998664854	82.56600035384298
5.280999951362609	65.75200014501809	72.7080000638962
0.37399998664855966	64.07399999260896	79.6360000562667
-0.06699994564056332	68.95400022387497	73.09999976992599
7.402000007629396	67.60600032135842	70.49400006055828
1.4860000038146974	75.24200030535464	69.92799984276297
-0.8710000038146977	63.21199999988078	73.57600032329555
2.3690000629425043	60.94599998950962	74.29800005763768
0.39000009059906104	65.79200005769734	72.63600003242495
1.420999975204467	69.14600001692766	70.52200000047672
2.6229998970031763	68.62800044894217	78.58800021842123
20.66999999046326	69.10599986195568	65.98600006222723
0.1979999303817739	66.34199987366799	68.15800011634826
37.31499967575073	61.25399992704385	73.2399997106194
-0.042999939918518054	61.413999951779864	91.27199971199039
1.7340001106262215	64.17800005197519	71.12999975204474
-0.6679999446868891	65.8520001292228	74.97200003802774
3.288000025749207	63.144000124037255	68.78999998286366
6.410000104904175	69.27599950492373	67.5719999858737
27.088999996185294	64.55600015163418	65.34199997901916
0.1249999523162847	59.74000016361473	67.23599991053342
0.593000049591064	58.58800006017088	70.92600001215932
8.774000067710883	60.795999836921695	65.52800000846385
16.803000049591052	68.76400006294246	68.91200015455482
0.8639999628067001	61.63399999886752	66.38800001621239
0.8889999341964706	70.11600000783801	67.17600005120036
18.23100006580353	62.77999976918097	64.46800013780593
0.4369999837875373	65.58200014442203	71.58599997237319
7.8800000476837155	64.81000019311908	71.68799995422361
12.180000095367431	71.74600011825567	65.39400014877319
1.3029999160766614	80.8959999501705	73.12000027179718
10.279000115394595	73.24999992430205	70.7859999084472
0.7639999294280998	100.22400053739557	58.883999879360225
1.983000078201295	72.67800028800963	85.05199990913268
10.980999941825864	59.99800002336508	62.159999943971656
2.863000068664549	58.187999966144595	79.52200039505955
367.45299734115576	72.15000019550325	69.0679999637604
-0.08299998283386101	60.49399999976155	64.40799999237059
21.38400014400482	64.8259997761249	71.06800003051755
0.6830000257492064	70.83000017166135	69.92399994373316
8.82900005340576	78.05000008821483	75.95200007915498
7.1080000448226945	67.6759997220338	81.72999996781347
27.785999999046336	63.57400006443259	72.37600000858309
25.455000123977673	67.38800001144406	71.75399995863435
1.841999955177306	71.76800038337704	68.9400000028312
1.6870000791549686	72.86400002002712	86.7220002506673
-0.06699993133544976	65.40199998855596	70.94400007784373
0.5960000324249257	58.2079998984933	108.66599982619282
3.972000102996827	68.56000009298323	65.21800013124944
1.867000002861022	60.65200011253358	69.93399983406071
13.080000076293945	78.71199990928179	71.81400000050667
2.198999986648558	68.27599990129461	69.90800030231475
5.089000072479248	70.72199995875359	63.36799986839286
-1.1220000505447378	64.89800012826919	68.41999975979331
2.9850000762939435	60.865999996662104	77.6319999742508
10.74700006961823	63.69199997067453	69.13999978244307
240.26599926471707	84.28200000166896	65.62800011157991
9.373000049591067	76.28800001263616	68.82000009357927
10.567999925613405	63.32000016123058	62.8720000076294
1.4099999380111707	75.96599969148626	82.83600011825558
-0.21000000000000046	72.5299999907613	83.8659999883175
26.76399987220765	85.39600054040544	76.09799979209905
1.5980000400543197	63.84000005245209	68.02600008606913
3.217000007629395	84.22400007948275	67.5920003563165
24.101999673843377	63.05799994170667	69.5779999256134
98.55800028800965	60.683999979495994	68.22799997806553
-0.49699987888336167	73.60000022888178	101.34800046756867
45.047000131607064	63.72400012314319	67.39000002220273
-0.32300007820129273	63.26800012588494	71.37399982452392
22.118999805450446	81.34399999022476	74.62000002384184
0.653000111579895	64.818000152111	66.37800009727476
4.345999884605408	59.989999988079	68.62600002288819
4.366000132560731	69.49600028991692	71.74400012493135
1.1970000791549698	66.10600001811977	60.39999995231628
0.3129999494552607	69.16799970746045	69.2860000300407
0.9370000362396239	65.3120000390709	64.64400019645691
5.497000126838684	61.58400018930435	63.103999865055066
22.42699989318848	63.78999999761581	70.65599994942535
0.9500000143051148	77.64199930310252	103.41800029635434
21.622999930381802	61.117999901771555	69.63999996185294
15.080000166893004	66.18800026476379	67.69599982738498
1.9639999532699597	68.87800004020335	66.82599992752073
22.462000093460077	78.1939999389648	156.92600003361719
4.080000109672548	62.54799994707108	73.29400005817413
5.769000058174135	81.8140002799034	68.51400007009505
1.4830001354217515	67.4359999668598	71.8260000002384
0.6950000572204591	66.96000002235174	69.93399992853405
5.562999892234802	60.94599999666211	65.82799980163571
1.7830000162124637	96.5560004593431	68.60999990463257
8.51699990749359	60.43200000286104	70.17000014781948
0.7699999952316295	60.12200007706881	78.44600013494488
8.454999876022336	61.61399981498716	79.28799999043342
0.28999992370605454	68.57799983024594	64.93999995112421
-1.4180000972747804	68.46599955275657	76.80999994710093
0.817999901771545	103.00800018966204	67.79599994182584
42.78999940872192	67.72200006961822	68.67799984216697
7.602999944686887	71.15599993944174	88.6339999532699
6.245999927520752	62.18999993711707	68.88000008344653
-0.5029999780654912	63.48600005388261	66.74799989700315
6.068000025749205	63.85400016784672	69.08599994659423
-0.5720000362396253	66.39400003910062	67.15599989533423
9.232999963760372	69.59800020933153	95.29000032350412
8.257999968528749	66.27200045436624	70.49399995088586
2.049999990463257	65.35800014019016	71.7019997525215
14.026999950408937	68.97199995294216	64.83200008064506
0.3889999866485604	80.69600007638321	86.45800009876484
0.2320000410079956	73.23800006628028	62.99199998378752
14.225999994277954	65.52200011253352	65.8360001087189
19.85599996089935	111.27400035917763	64.03200001120574
2.746000061035155	67.78199996471406	68.20800016403196
27.13099994182587	89.7820001852512	87.58199978351605
5.148999996185301	75.95399991393086	68.35000017762182
-0.1960000610351554	70.61800008341666	58.387999985218094
2.8549999475479133	58.33200013399123	64.64000012397767
3.7079999113082884	58.712000079154954	67.96400004297499
22.839999775886543	70.37400002151725	66.51800022691484
55.310999755859356	66.63400020360945	72.60599984109402
0.2160000276565543	86.5480001068115	67.61399966359137
3.3789999675750755	63.78600006818776	62.72999991178516
2.0930000114440905	76.51999994963407	75.86400035142896
8.775999994277948	77.2339999580383	82.23000053763391
4.1660000705719025	62.51400006771092	70.70800009012227
2.0270000219345095	64.62800015568732	80.21999985218045
0.21800002574920702	67.29200023531912	71.34999980807301
3.8530000400543227	70.02599999547009	66.11400002241135
0.15799998760223305	67.44199991315604	64.81200002908709
21.992000055313113	60.0199999117851	72.82400018543002
7.564000043869019	64.5540001940727	63.56199994683259
0.8059999752044669	65.757999765575	63.79599995568389
1.870000028610231	66.53199988871812	67.94800017639996
3.326000041961668	59.14399982452395	75.96199968785047
2.7090000057220456	61.53600017309184	72.47000032186513
-0.1070000100135806	61.49199988603594	76.90399997711182
0.3620000791549686	66.35399987339976	66.76400021672242
9.642999916076668	67.6960001373291	70.68999993801104
0.9319999551773055	69.11199997663499	80.7379999518394
5.269000129699708	61.57600000858307	73.02400014877323
9.284000029563908	76.44399993807085	68.74400004863737
0.7969999837875361	58.42399986386299	78.62800005435936
1.4839999914169304	82.01200030267232	75.1399997673929
19.16200003147125	68.56000017642975	68.02200002670291
16.182000017166136	61.33400004819042	67.04999994426964
-0.6669999933242796	76.45200019836423	71.29999994158742
23.51999990940094	69.67399992704391	98.74800021797422
2.690000071525572	63.37799983501429	61.97399996280672
-0.693999886512755	68.19800004363061	72.4100001600385
2.535999960899355	65.17800017595292	68.84000010967252
7.714000010490418	66.83600016236306	76.61400002241136
59.534999766349785	59.10399986505509	87.98599959492677
3.8109999608993523	69.16599999725818	74.70199993133546
4.337999931573867	61.35000022649759	69.42999986946586
78.05599949836731	71.70799985885617	68.60999978780745
5.827000007629396	60.423999941349045	75.34799978256223
3.460999970436098	67.69600030303002	59.308000111579894
-0.27999998092651324	77.12799995705488	67.87000002443789
1.0700000381469714	71.51799988269808	77.80999998018147
0.16899997830390906	35.83999995827674	50.635999946594225
1.1320000314712517	73.5359999895096	88.28400000691414
0.7519998216629028	65.282000002265	78.16800002574927
1.5160000658035264	63.04600022196773	71.70199997305863
1.4740000438690184	59.699999986887015	73.02000007033342
2.9130001115798962	63.276000004410726	64.09799995183941
1.7310002040863044	60.287999925613406	70.25000000476832
1.797999949455262	81.84600001230837	64.40200008392335
1.5460001087188735	68.47600018322473	65.39400011062621
-0.4479999780654903	60.81000010490411	61.53999998569489
5.557000064849851	86.26400009989727	68.24200007915492
2.64300006389618	59.73199994087217	79.75199994012706
5.23599991798401	63.8620003214478	69.76200003623963
21.26600005149841	58.27199991703031	114.34599996730687
2.9049999809265126	61.47999990880486	66.86199997663498
2.0360000610351534	108.32799970984456	66.81599998474124
21.49800022602081	67.7380000331998	85.27000014305116
5.9239998292922955	64.02600002095103	69.85200004577635
0.8270000171661388	70.3060002961755	84.93999980330454
6.982999978065491	87.53400025248531	67.31599991753698
1.0630000019073482	77.57599999904627	63.55200000762934
3.6810000467300426	59.420000097751625	70.6620000377297
12.409000058174135	68.43800011396408	67.61799987792968
6.958999900817872	68.29199993848795	75.15000021576884
5.830000090599058	59.9920001590252	67.69600027918815
12.679999952316285	63.7920000147819	69.9419997394085
-0.2790000915527339	73.19199989855294	91.65400015115745
29.609000082015996	64.00000001907347	74.13000014781942
2.473000040054321	69.40799977347254	67.74400002405046
-0.7359999561309831	60.097999780476094	65.1320000791549
15.73899989128113	64.37799978882074	67.72799994945524
1.4790000915527346	70.29400031089777	70.83799982070919
4.332999963760377	64.27799995422363	66.67000026702875
1.86199999332428	64.11400005578992	66.7739999055863
0.6140000009536756	78.25799993038177	85.79400045067075
2.709000024795531	70.16799991846084	74.01999992847443
0.25599999427795417	64.2440001256764	73.20799991130822
44.13299986839295	65.182000002861	70.48200018972155
1.0290000534057628	84.58000051975243	67.9679998952151
41.47299974441527	192.15399929523437	116.15599929720163
1.1279999732971189	125.09199946299195	135.24800063788902
4.699999914169308	69.78799993708715	94.29799980252983
1.2220000410079945	67.47399979829781	65.36400007158515
2.833999962806701	59.95600002765658	61.278000121116634
30.798000125885014	65.18000005960461	88.00200009584432
14.025999937057492	65.87600006341935	70.69599999427797
25.59799996376038	63.30399980306625	72.82800010949374
13.47799996376038	63.7040000104904	67.49200001001358
19.36299994468689	70.40399987339973	75.15400007724756
56.11700008392333	79.78600013494489	76.42800002336506
8.64699992179871	74.54800014078617	71.8499999809265
6.917999973297121	61.96799993813042	76.15200010299685
-0.9759999847412113	66.40399986267087	69.54999986410141
2.9720000219345075	67.44400004506107	66.28999990463254
6.458000073432924	62.33200010776518	66.60199987411501
2.2180000925064096	68.60400024563076	82.6300001093745
8.997999935150142	64.20800008654594	71.36999997615813
1.9319998979568496	61.57000007629392	70.2640001153946
10.835999979972836	115.1820002372563	81.53199978590023
34.77799995422364	68.1579998660087	74.21399992942811
10.134000020027155	65.19599997401238	64.45600002765654
52.83500013351442	64.30400019168856	66.27999985694885
15.2510000038147	66.09800003468995	84.63400004670015
0.24300001144409036	65.3359998965264	84.793999607116
55.984999799728406	60.329999995231596	66.5999998307228
0.6769999885559085	62.98999996662141	69.77400015443567
0.7869999742507937	70.29399978592993	73.35400008440021
216.8810001039506	79.1239999938011	72.71999979019165
0.7850000190734855	71.32599963665015	68.86799986362459
-0.3130000066757205	80.57199987709524	74.21000003248457
0.03900000095367429	77.55999969959252	71.3000001096726
16.672999987602232	65.78200017809866	67.5960000872612
139.99299914836885	71.63199969053261	67.71800008773802
5.10000005722046	63.90800009489056	70.88999990463257
6.125000114440919	67.91799983114001	69.60000007629395
13.829000239372249	64.353999954462	71.13999993801119
21.114000220298767	64.0140000483394	69.33600024700164
2.7180000495910646	61.83399990677835	69.38199987173078
2.035999932289124	59.10999998807905	64.03199991226197
1.5330000305175775	62.964000046253226	89.79600034832956
0.8759999656677261	61.77800004363058	67.32600004673002
34.02000004768371	69.74799996852882	77.53600018024443
1.87799988269806	65.84800016403193	64.59399992316958
2.013000054359434	59.14199981927871	95.5679999423027
0.8290000820159908	82.98200021624564	71.24599974751477
18.288999960422508	52.30999972730872	43.01400013327598
8.100999946594237	67.2099999970198	74.62600032329559
1.9210001277923596	65.43799961999056	81.82600020915268
0.9359999990463254	71.29600012183185	64.9359997797013
0.9240000057220451	62.97600010752679	81.64800010144708
14.736000089645387	63.44999982789167	66.54199998140332
43.91500004291536	60.45599994838236	80.34199991747727
-0.593000040054321	70.78799990221853	64.49800007343293
11.709999995231628	58.97000002622602	79.90600028038023
15.423000130653383	68.34799967169761	69.51800002574925
24.624999833106987	62.44800005197528	72.32599980354311
18.021999969482422	97.10999990463256	97.42400022223589
3.242999982833862	68.61600017666817	80.81799990057941
32.210999975204466	65.07000014126302	65.97399999976152
-0.9599999904632562	85.84000037744633	65.45000009626152
1.3720000457763686	61.902000278234475	78.21800012826918
161.75599994182585	63.75400005176663	67.31200000092387
2.5550000333786027	69.86800015985965	70.52000006616113
24.918000187873833	88.75399976968771	64.9879998278618
13.85800004005432	65.91200009465216	72.38200014591216
0.3669999361038216	90.45199996769432	79.07199987530723
-0.3460000228881848	64.21400036573411	67.51799996376032
64.2960000038147	68.29400013685228	73.57000004887574
109.32899958610535	70.54800000190734	69.3000000369549
2.910000066757204	66.3220001095534	63.07399984836579
1.703000087738037	64.48800014853474	68.90600000202649
4.622999982833861	69.34600019097326	65.52600016593932
10.904000225067135	88.01200005054473	73.2639999061823
44.474999618530276	63.39200031638147	89.92399995326996
21.324999923706052	62.28999999046326	73.73999999284746
0.3759999370574955	64.62800003290172	65.98400018811216
5.034000015258787	65.04599977537985	78.12800042599439
1.2179999971389783	68.88599979877468	66.83000009298323
65.44600017547607	69.43800002694127	107.74000053405773
0.23299999713897596	70.44400055706501	62.94399991989135
0.7900000572204599	75.04799983978272	110.32400000333789
5.591999897956848	60.72999994277952	71.57600025653836
20.862999949455265	68.50200001910328	74.09400005340576
1.6259999418258666	70.32800008103251	72.68800003528591
70.98499969959256	64.22199976921085	69.92399980455633
1.329000010490416	61.89400010585785	73.95400006294248
-0.12799998760223433	64.50799976766109	93.47200024038555
-0.027999944686889693	71.79399970605967	81.57599997758864
5.067999935150147	90.09199970602988	68.02000022411347
47.15299991607665	65.48000006675717	69.09799991011619
4.727000064849853	64.38599982857698	65.95600012779236
21.6209997701645	77.17199996903535	139.73600009024136
18.19200015068055	92.80800076723095	68.6220002412796
32.48500004291533	70.28599989891046	73.09800002098078
2.3370000696182243	78.6059999443591	66.46800010710955
-1.5840000867843644	78.45999990224837	65.80400009155271
33.50699995994568	64.71999996185303	69.022000041008
24.980000252723695	63.418000099658926	73.02999992370604
24.32999997138978	67.04000012516977	69.87000008746975
0.06300004959106344	66.53600006580348	97.62800047397626
5.493000082969664	84.18400000527504	87.70999987363808
0.5270000171661376	62.15000006675714	76.44799998179077
13.580000176429747	63.25200016617777	71.91600007340308
0.09999990463256897	59.41200017541649	76.70799996420736
11.024999957084654	67.71999974489209	69.26199995994568
18.17099993228913	64.70600005745882	69.00800020217893
9.201000108718874	59.48399978950619	66.38399998426434
-0.30699990272522015	65.74600006222721	104.41000017046926
20.007999949455254	66.16200011983511	82.72800008296966
-0.3780000162124628	76.58200003862376	72.49800011157993
29.364000053405764	69.31200035154818	63.84800013184546
1.0999999809265126	61.93400003910065	74.72200019761924
13.091000070571898	72.89400004699836	66.692000002861
4.221000113487244	56.428000006675745	76.7679997110367
0.26999999999999985	64.19400001525875	67.62399998664851
1.1580000495910647	67.60800000190729	69.98199996709828
13.864000067710876	122.56199930459269	89.00999996423727
7.228999938964844	66.69199995443222	81.43799999535094
1.2730001354217526	71.69799999237063	68.05400002241129
0.9349998998641977	61.75400002479552	68.49000010490415
34.316999516487115	59.54599993288517	89.60200036823751
1.8050000476837142	67.3620003700256	67.02200013399128
2.202000131607057	64.64999971747393	66.6979999700188
4.975	68.83600003719326	73.96800019264218
-0.36300004482269393	68.24800011754031	71.61800004720683
276.4409990024568	85.1999994666874	74.91999987930055
0.15999996185302667	70.83399995803829	69.98000005245206
1.2580000925064094	63.98800001621247	97.40400005221369
0.9350000715255727	95.10199999645347	92.6459997916222
0.3679999780654913	63.976000147759926	68.82200010150677
18.43599992275238	85.72799998804925	104.23199996948246
-0.6890000295639043	82.98800003409374	95.13200024008745
-0.162999992370606	72.93200026333332	74.78400016695267
2.508999948501588	65.0800001341104	79.60799992084507
22.387999987602235	67.50800024032588	69.07999999999996
0.5670000171661385	66.18400010347364	95.41599985599512
5.818000106811521	99.37599943637845	81.95000008344657
-0.023000011444091147	62.41999989882114	64.71400009632113
0.16799992561340268	69.14600019887084	72.40399994373325
12.083000073432917	78.37799981594085	67.78000007629396
1.8390001010894772	58.987999995946865	76.16000036239619
3.4520000696182245	70.61600000381479	71.68599988937372
0.10300004482269229	58.00600019216536	69.3079998779297
0.9880000305175787	71.34199996471402	66.82000015348194
2.6179999923706045	85.66200048744675	76.47800005316725
5.2359999990463235	90.09599967181678	66.61600009441375
45.53599989891053	63.10799993664025	67.9879998461902
13.93300009727478	68.77800016641619	74.50399970829474
40.5030001783371	66.11599965453152	68.03599998831747
129.90800018310546	68.70600012660024	80.259999935627
-0.43299999713897835	64.58000012919302	69.2100001460314
122.55999877929689	63.65999981403349	91.631999976635
4.19699984550476	66.64799978613848	68.17600021362308
4.598000016212465	78.90400017380718	73.15599992513657
1.5389999771118164	60.96999987602232	67.73200022697446
1.47800006389618	73.83600004434582	69.79400009080769
3.669999957084657	59.97200021386142	62.91999999284743
22.66899994850159	65.80200013160703	70.4420000784099
1.1299999618530265	63.31599991798396	76.63999984622
41.60900022029875	59.58199993461371	69.5480000662803
-0.07399995326995876	55.10999988511196	72.01999998331064
1.47199996471405	78.65799997687343	117.73000032335517
18.48699992656707	74.95399983048436	73.01000007838009
0.5319999265670771	74.73200011670583	71.52999998211862
22.522999687194826	57.020000145435354	66.11199997901923
9.99599997997284	66.25600007534032	70.03400024056434
14.478999991416933	67.5780001449584	71.95799993515018
21.304999737739557	68.3200001151859	66.49000003099438
4.065999970436095	74.90000001549726	66.12200002670296
71.8920004272461	62.29799987316126	65.10200034141546
12.27399994373322	82.00200018167496	70.39600015640264
1.7870000171661378	90.59599991083162	71.35000041007996
-0.35700000762939404	64.65599997162812	67.33600025296212
1.733999891281127	68.90799994781621	71.64600004434584
1.0089999151229863	59.729999829530705	67.51200000762942
8.730999932289127	65.55799984693529	70.30800007700918
1.7050000715255733	63.595999908447276	72.77199987173086
-0.15399999141693022	62.20000021368269	75.22200038999327
2.555999989509583	66.33799990653986	87.48200000882154
1.3140000438690194	58.81200011849404	72.52399997711174
14.018999958038332	72.56600007444624	88.88399980545051
16.20699994564056	57.52000002741818	67.48800011157986
2.3510000371932978	72.18599975347517	71.23799985885611
7.307000002861024	66.73399989604958	73.94999997138974
18.060999984741212	61.03600001335148	63.91999995231625
29.286999936103822	66.16199975907807	69.53400007531039
0.0959999752044677	72.96400001883511	75.40400040149693
4.042999935150146	69.92599990129472	80.21599995702502
6.603000006675721	63.34200009465221	75.28200021117928
13.465000028610229	67.75400003314012	76.18400011062623
18.312000150680547	60.15599990606301	66.08799996852873
16.99699983119965	68.57200007557867	77.29999995961792
4.273999941349032	68.86000002861024	72.02200025379658
37.25300010204315	61.97800004124645	96.66199987173079
11.628999943733213	65.54200018674135	68.61200019359589
1.5500001621246338	85.61600076198583	67.69400003582236
9.180999984741208	101.08000102609408	74.90600016355519
6.773000020980834	68.01800009727484	67.93800006628035
9.182000021934517	64.30400029599666	72.72199998378753
5.0300000333786015	118.05800038456928	72.46800024032588
52.45599996089936	131.39800002992155	74.69200000524518
95.86199956893921	61.883999907672425	70.06800002217292
3.5379998970031736	64.19600028514866	67.11999988555912
0.3869999742507937	68.39800010025505	67.37000000715254
-0.7269999408721936	59.74999983966348	66.77800004005435
80.84399995326997	59.80000004768369	69.68200007557866
7.312000041007998	70.35999984025958	73.01399991512297
7.522000036239624	68.23799978852274	67.71000003099444
1.1499999475479123	64.75799988269804	67.03800022482869
38.78500014305115	70.3520000541211	69.15000021457674
45.845999746322626	65.56000014245511	91.201999669671
4.610999970436096	69.61000001430517	70.91399999618531
-0.28700011730194047	73.01400022029864	106.7780001549423
-0.8220000362396249	62.199999971389765	72.40800000309939
3.533000025749209	58.80800013780596	68.89799994230269
13.9389999294281	61.344000210762054	80.63799980968231
11.030999960899353	77.12600003436205	71.79800008475785
89.71799992561341	66.15600003123282	65.18200011253353
15.96600008010864	70.63599971532823	69.98399981021873
18.302000012397755	74.59400021851054	65.29999989032747
35.641999959945686	68.4199999323487	83.71599997490637
25.857000060081482	61.838000096678755	70.6859999108314
38.835999913215645	68.44800000429153	116.194000095129
12.902999997138977	67.85199993252749	67.87400001287462
2.1669999742507953	63.94600012779234	71.59799988389007
7.912999949455259	64.2600001609325	66.09600009918215
4.91600001811981	64.07200017333027	85.98400035381307
12.708000116348266	74.75200042203063	65.57600001573562
15.000999917984005	62.28399993419647	79.73399998009207
0.5089999103546148	66.94199956610795	76.0100000286102
2.8609999418258667	59.00000005722042	70.5840002068877
2.116999983787537	64.03199999809262	66.34000002622605
4.366999998092652	67.19799998879436	70.78800007581714
-0.7799999332427985	65.10399972438806	56.706000091284515
83.28100039958952	226.52599925994855	132.2019997902214
9.402000050544743	73.9720000767708	72.74599981188771
0.7920000123977673	85.04199999272822	75.25200011253352
0.7880000448226925	62.01400011435156	67.65399996995922
2.160000014305115	70.10000018596654	81.31600027084353
1.221000027656555	59.108000007867766	62.8120000082254
13.432999906539916	60.2559998425841	84.29200024604793
0.39300000667572127	78.74399968132367	63.038000048399006
12.949999966621398	97.83599998384717	85.03000040292739
0.4789999532699598	63.10199999049303	71.31799991220225
10.803000049591065	59.295999977141626	70.94000002861016
14.042000055313114	74.06999998420484	74.4600000381469
26.787000012397755	60.39599987506871	85.83199995040897
13.927999978065492	63.22599993586544	73.16600009679794
-0.05700004100799651	59.02799999207253	69.1980000972748
-1.2940001392364515	58.59999999999995	67.2560000514984
220.73200013160712	67.51600024700161	67.24199990987776
18.005000205039977	62.331999840140355	71.40799980640406
2.8000000381469725	78.96600002765659	70.32000016883016
0.6800000476837167	66.4480001159012	64.54399977639312
4.646000151634216	66.5259999792278	75.49200006246569
13.739999999999997	70.20400016739961	67.84399985075001
8.053000044822692	65.73999988079069	68.20400022387504
1.1289999771118164	69.72600016832351	65.46600008577109
0.1879999876022348	59.4600000220537	75.98800029277803
0.1740000677108773	63.1340001606941	67.5460000419616
7.052000212669372	65.76400003731247	74.91400012731546
30.467000045776366	60.29399991989142	70.54599976301192
0.9030000400543211	66.20799969434741	76.26399983882897
1.8450000858306883	67.02799994111054	68.47200006544591
20.95499986171722	72.2739999504387	69.40200013637542
45.604999775886526	75.58799985766412	71.47000015944249
1.0890000057220457	69.62599993824965	70.92600015640254
1.8460000658035272	64.86800010681146	73.17199997663498
24.55300021648406	71.5119999989867	68.38600005507466
7.702000041007994	72.52600008964538	65.89200005054471
25.365999565124522	63.628000311851544	90.06600000858293
1.6339999961853042	62.528000159263556	113.75199976399544
21.969000091552736	68.95200001478189	71.68799975872041
34.742999954223635	74.50399992913005	70.27200004816048
2.063999943733214	68.78400000572204	74.86400032997128
10.158999934196471	71.61999993324274	62.67800009012223
7.964999842643738	73.5559997832775	66.37000005006783
6.474999909400941	63.41399991229178	71.74599990844732
29.28199996471404	71.22199997901917	70.51600015163419
1.6100000190734876	62.33799982786184	67.58200001716615
201.91199867248537	62.87800006866455	68.23400032043453
0.9440000581741328	64.5720002794266	76.98799997806555
19.310999870300293	83.35599965453147	65.39200002670289
150.43499944210055	67.34199986696237	64.13999995589255
0.8840000581741329	65.93800026416777	72.45200018882755
24.29099987506866	75.14000020742414	72.91400006294252
27.995999841690068	63.23199967145917	67.0080001354217
9.319999885559081	80.81600047841668	66.38800023466347
1.7759999752044662	81.55800008058547	74.93200015544885
67.6959996700287	62.21600006580357	110.46999971389769
0.3760000038146976	69.23200017511846	68.12000041991473
1.7720001602172852	68.45999994277956	66.54199994087219
2.967999982833864	59.830000017881346	71.16600004196162
54.81600065708162	62.68399977087975	69.95399997711183
6.922999835014346	74.51599996447561	67.26600013971331
0.6050000429153456	86.7940003418923	73.24400001525879
0.8620000886917102	59.78400011301041	71.87800009727474
-0.47099991798400825	65.12200001239769	69.3079999577999
-0.6729999399185169	62.909999969005625	88.30800020456314
