7.738000030517581	61.07000006318097	89.2940001058579
0.03800017356872633	64.25399992823603	66.54200006246563
10.477999963760379	63.82400003790857	80.08400011762984
0.020000104904173435	57.16000002384184	90.5659999120235
24.43799998283384	101.19200049355631	75.66799996376032
45.50000010490417	67.97400012671949	75.22600026607513
34.55800013065338	62.742000123262414	67.97799995899199
30.67599976539611	70.08600003242486	73.00000010490415
9.197999963760376	64.43399990677827	75.76999998569491
-0.14400004386901794	66.38799994468688	84.97200018405914
19.83599979400633	60.60599990963938	78.16800015211109
-0.07000001907348538	70.5940000370144	70.51400002837178
-0.6419999027252179	61.183999927043935	87.63200003266336
0.21600004196166905	61.67600026130678	70.9740001344681
25.617999706268314	63.75200007438659	67.06200012207029
35.14999999046327	61.62399983137845	99.69800010040406
23.63199984550475	59.142000152617705	74.12599978595968
0.24199984550475925	75.50000032514332	70.21600007057191
1.3439999580383308	61.80799987077712	87.68800004005426
-0.5000000762939466	56.726000068187716	64.55800019741056
1.551999864578247	70.71200011253356	69.4299999955296
1.1980000114440936	62.91600002527232	69.71800035595898
8.132000169754031	76.99600016951564	69.35599996089934
27.96600012779237	60.673999992310975	66.12200016021725
15.633999919891355	57.287999888509574	72.36999998569485
17.952000026702894	93.29799974694849	71.98600000619885
0.8760000991821276	80.07000010937455	73.77399983167648
60.84399957180023	63.36999983549119	72.11800017476081
0.11000010490417596	61.08199987992638	73.45200017929076
5.508000097274781	60.051999723315234	79.17400039196015
0.5379999351501474	61.52599986076356	161.15599925279614
72.17800065517417	62.78999996900558	106.88000029087068
55.71399964332578	68.77999979853622	72.01200003147132
48.90600014686583	69.02400010347372	78.65200012207032
8.314000129699709	66.34599991798402	67.55999992012978
-0.7600000476837159	61.17800005078306	90.45399986505512
1.0800000190734875	66.39399994611739	65.36400005340577
0.5040000820159902	58.92199993401768	69.05800001755354
37.734000120162996	60.904000038653585	63.1580001306534
-0.8919999980926504	59.64799995988608	102.92799995005136
11.681999988555908	68.66399988532066	69.78200000762935
0.9360000324249264	76.08599996879703	70.6820002011955
34.79600004196167	65.98599982738489	75.07999999999996
266.5539984655381	72.58400008678436	70.3079999685287
14.811999931335455	59.94400006771089	73.20199998155239
137.7480002021789	57.1619999527931	68.31799988031386
12.346000061035165	59.39000009059905	72.93800024271017
37.255999975204475	74.47999982431526	85.63200028598301
29.003999633789064	58.366000057458905	73.67999975576993
4.0180000686645485	64.23599992692463	70.70800004482264
15.460000200271605	64.38400020584459	105.26200011253374
70.22800051689148	66.65800026223062	71.26600007534016
27.96599988937377	68.3600001657009	70.82400014877321
-0.2819999980926523	68.75200006246565	100.55399998664873
7.446000041961672	64.61799999281764	74.55599998712536
0.7319998931884767	65.58200003176923	70.46800004243853
21.215999975204483	94.31599970698356	75.18800021171566
39.47000039100649	60.31199991464614	67.12400015071034
1.5519999694824236	67.71400007724752	75.85599996000518
-0.5720000553131104	60.597999897003156	91.01999954238529
20.617999839782723	73.20799975395208	70.58599999904632
0.9439999294280988	64.8980002737045	103.37799971818923
16.68400017738342	67.66599997326738	69.60200008869165
31.15200013160708	64.63599992036816	75.37800019621851
168.03199937820438	65.74000008702274	75.04400004863739
40.654000110626185	84.22200006008143	73.63999999076124
31.413999767303466	93.19199980258944	67.09600003242497
33.49400012969969	61.74599995255471	72.57400017738345
26.9500001525879	62.340000038146975	66.83000001192099
2.5680001354217548	62.68199998140335	91.89799988746644
0.7700000000000018	62.59600025653845	79.59200010538099
80.77399965286253	61.04399998426441	98.14399993896488
13.340000028610227	63.30800008043638	71.79400011539457
27.87399983406066	63.834000077247644	84.94799993634223
39.39200035095213	63.26199990034102	67.84400012016293
10.6299999332428	82.78999989390367	72.21400006055819
114.68800145864483	82.04800002336492	96.0820000457765
2.570000038146971	65.08800015568731	66.49600005030635
93.33999998092655	69.4380000062287	72.21600013494485
34.83399955749509	69.43799991726878	70.40200001716615
30.85799982070922	68.48599978923801	66.5820001602173
1.2920000171661372	57.62399997070436	65.7420000636577
11.573999862670904	66.4100000238418	64.13199995517726
10.605999994277962	62.85200005054472	70.30399990558617
11.910000028610227	65.3900000596046	144.75600050210946
0.6420000076293965	62.42999997928736	81.22799990415584
12.07399993896485	66.8080000916123	75.06799986213449
13.986000061035162	73.97800035312767	71.09400020897398
0.6160001182556155	59.41800005704164	71.36800013780591
17.958000221252433	57.97599996164445	69.83600001811978
143.04399978399263	64.06000017523769	66.74200020551679
0.3359999656677257	67.78200004160398	67.50400005340578
26.126000137329115	64.84800001621245	70.75000021934505
34.43800041198728	63.484000029563894	67.17599990606301
0.5400000286102308	61.92199992656702	69.12600019216535
52.78199953079229	60.60199980258942	70.01799998238683
129.4140000605582	64.38599958837034	86.43799991995098
-1.1299999904632558	79.38200014948842	95.96200024411097
0.792000036239625	63.93199991226192	137.56799980357283
15.854000062942513	76.83999967813493	74.08600007057186
0.7959999179840085	72.53200023174288	77.22400015830995
-0.34599992752075326	66.11800018548963	82.42799992442129
41.97399990558626	64.71799989938734	72.89000024914742
37.7920002937317	59.908000086098895	72.98400002956392
6.738000011444091	74.94400009989731	76.15399982884533
48.75800024032592	77.23800040483468	70.19399993896488
38.33399965643881	63.96399998247624	72.20800015926363
0.3220000267028812	63.10400005936621	68.93199995040894
31.815999946594225	60.14199995279312	75.18400014907127
3.3740000629425064	65.56999990910282	98.57200003907086
49.04800040245055	61.36799993872643	67.09200001478192
22.14400016784671	65.4359998446703	74.63000002861024
0.7680000591278072	75.45399993419647	67.77199994802471
13.223999881744385	59.55599991247056	68.76399992942814
11.172000360488887	62.63200005948543	70.11200008869174
20.731999788284313	64.71399975687262	101.41599949076762
9.091999893188476	61.71399985790245	78.180000064373
0.22199990272521833	63.06200008630751	74.70799999713891
13.298000040054319	62.90599977731703	76.14199963569644
0.25000001907348746	64.75999988943336	67.76600014686579
0.19799998283386155	70.88400009244681	93.73399989604947
-0.17400003433227657	75.8239997959136	77.99000021696094
1.3740000247955308	70.7040000303089	69.55600015163418
2.5880000305175805	60.44000017881392	64.3240001058578
0.444000072479249	60.8679999876022	71.8599999904632
46.042000246047955	76.8879998469352	97.68799964427949
0.5339999771118158	82.62800021529192	76.35000020503999
224.87399891376486	69.87799981594083	66.9360000300407
28.37399978637694	68.46399981021877	74.2400000619888
4.828000040054318	61.610000119209296	87.3300004434585
-0.5660000705718977	58.30599992871288	66.88800014495853
17.05000000000001	65.30599988520143	79.3480001068115
10.690000038146971	70.34799989700313	67.2620001471042
14.86399989128113	64.30999997377396	90.353999915123
68.3299995183945	62.735999884307404	73.69799980640418
1.5039999771118164	61.7519999375939	90.62400007367128
5.888000001907347	69.24600000411267	71.62599996566765
1.9480001258850093	62.34400010824209	75.59799984931945
0.7859999561309835	61.345999854356094	88.38200004339218
40.715999727249105	65.78000005960465	73.0980000936985
0.7640000915527358	64.40400006011127	73.83200005292895
0.12800009727478168	62.91999998748304	73.23800007462496
22.851999926567068	61.10400003910061	75.05200006484995
1.6860001468658437	67.17000008195639	73.30200002193446
8.555999917984003	71.5679999101162	69.73000009357932
0.9660000324249268	65.75599976778028	138.82200009822856
0.4400000667572005	64.85199999928467	69.24799986839288
8.434000139236444	67.75400023937226	66.17799996852874
45.44800007820132	64.00600011825557	69.57000006675722
4.461999988555913	61.233999821543684	72.06000004768367
0.5979999732971195	64.85800004243859	66.93200010299682
48.27800009727478	57.830000088214874	78.86799996495247
6.550000114440913	66.0219999718666	72.504000093937
36.50400001525879	68.35399996161458	85.89400014564394
99.39200029850004	70.07999968826762	96.48000022888185
19.2360002708435	70.43999980688096	70.13999993801112
1.673999834060669	66.02000014781943	76.37800004482268
234.66399896621695	76.5280004505812	67.61999988019467
284.51199990749365	130.17199993342155	170.04399975776678
8.016000118255613	61.680000013709055	70.21000011444089
19.44199999809264	74.22400007247926	68.87799995988604
47.85600017547602	72.33199966192244	70.50000016450876
80.74399988174433	61.06800027370457	88.43999992728232
66.48600037574768	65.84799977779385	89.67599989086398
0.9619999599456809	64.36799988150604	98.58200011372556
2.339999980926515	67.1340001559258	73.08600017547606
1.3559999942779535	67.80199997425082	71.6560001090168
15.810000171661358	65.58400001287461	87.77199985861769
9.954000024795521	58.261999976634996	74.50999990463256
0.6600001049041753	64.14400025591247	77.1160003072023
0.33399996757507433	68.31199985027311	97.54399994492529
-0.05399991035461401	67.660000257194	70.88199999958273
0.7259999084472653	66.37200010776516	70.22000010490423
34.59399992942809	70.40199961751695	66.46599986076345
58.98999990463257	70.57200018569824	70.89400022506716
44.03400011062622	60.37999996125696	68.5320000004768
1.274000139236449	68.98800030708314	75.87199996456499
36.293999967575076	63.99000008180741	96.52799956321708
1.0419999408721914	60.957999986410066	90.62599974587559
2.115999994277954	96.9860001240672	74.92400029659267
1.5920002174377448	71.78400004550818	75.0600002862514
-0.1480000495910659	65.03400009870529	90.66800031661988
-0.5879998302459725	56.36999995231627	84.89599977493287
77.72600024223333	61.30800013422961	67.30000032663347
95.32000029563903	74.0960000145435	63.555999820232365
0.10199995994567874	60.049999894797736	78.31399993836882
84.0900001192093	68.89200016260146	79.62399990558627
7.648000001907347	65.88399992898105	67.95599966168406
0.5719999885559085	70.2199998772144	80.37000003576274
55.12199991226196	81.01600004911425	74.7220000582934
2.3700000190734887	69.74199968010187	77.5660003328324
18.449999895095846	61.55200008094306	67.72600013449778
67.68999976158139	64.17599993467336	90.40400017619133
1.2440000724792462	60.18000003442169	81.5460000163317
36.95200016975401	70.76199997425073	85.97799990653992
1.3619999790191646	69.91199996829027	71.55800018668167
24.210000085830696	59.50999973297119	67.37200005292897
0.7920000171661364	60.432000081539144	68.69000015735628
0.15600000381469717	66.74199998557563	88.4820004105568
1.1140000629425069	65.60000013828278	74.71799957871426
19.728000173568734	65.87200012207033	72.18200035095211
74.76599948883057	56.76600004911427	66.28999993205066
1.5700001144409208	61.57400012850761	67.96800028026102
1.3020000362396242	66.87400004714729	87.08199995040893
28.90200017929079	67.29200012281534	97.00999980568882
12.334000062942504	57.91400010108946	65.40400012016295
32.79000009536744	62.874000002145756	70.06799996733663
15.272000064849859	62.3820000886917	72.30399999856947
30.612000150680533	60.01399995803834	84.05999976158154
0.7520000553131093	67.97200007438653	64.27000003814697
41.758000059127795	62.39000017523764	71.97200026869773
0.38799999237060445	61.198000118732416	70.45800011992448
82.76999972343448	66.80399982601395	71.68399993181221
0.6379999160766605	63.08200034096839	76.40399996101857
16.094000062942506	68.45599994778632	69.62599970340732
75.91600127220157	78.54799972057337	71.44000015020372
1.019999980926513	62.01800025463101	65.87600011110301
0.46599991798400964	68.75399998307225	77.65399999618525
37.76600029945374	63.0860000181198	80.69800024703144
45.72800005912781	62.606000161170904	76.3900001871584
36.352000102996854	77.13799974918359	64.84399985313408
0.0499999427795413	61.8320000982284	91.3220002317428
16.552000179290765	60.423999983817325	79.83799960017197
21.013999967575074	62.43399983167652	70.78200001239773
0.523999910354613	62.57400006771082	100.60000037550918
2.1079999256134023	84.1819996392727	73.08199982941144
44.255999803543155	61.806000093370656	71.63400005340573
1.0079999256134022	70.26999988645315	105.71600076675419
14.170000133514403	70.07399995803831	67.54400010108947
1.581999988555907	61.72599994897846	102.16599966913466
127.0220000171661	72.74599975585934	69.59999987959856
42.41000006675721	71.28000010609618	97.33600027084353
0.7179999923706052	78.16000012516977	124.67599997043608
61.809999833106986	69.40199970722195	75.61799979254606
42.722000112533564	70.26000001311303	73.45999976933001
34.39000000953672	60.75399980306626	70.85799994468687
2.4739999771118164	66.4999999642372	73.53399982452395
1.7580000114440928	80.36199996471402	97.1659996557234
8.232000074386592	59.65200000762938	75.80600000858306
18.458000106811525	63.09399992734193	68.97400005340572
11.00599983215332	80.33399981021871	78.62999990940102
19.19999992370604	64.51199990883468	79.38999958515157
27.946000108718867	82.84200057104226	72.25200003147124
9.645999956130987	65.91600016713141	66.35199999809262
39.540000057220446	78.66799971103657	72.06400025129324
1.3200001049041745	65.24800013780592	73.41199996232979
46.01000014305115	63.34599986985323	65.47399991929532
57.35199978828427	62.215999987423395	67.89999995350838
1.666000041961669	64.16800007283683	63.56199998378748
2.9360000610351564	96.7399995225668	73.14200004577636
2.5759999942779497	62.978000098168835	76.27400015354155
1.3180000114440937	70.77800011992449	68.05800013065337
1.518000059127808	63.35599985718722	68.81399975016716
28.970000057220467	70.5560000753403	67.57999989151953
-0.1859999752044662	90.367999856472	81.24199989080428
3.8319999122619617	67.69999988317488	69.66799999713905
31.95199976921079	66.34800014078611	72.44199998378754
16.960000209808342	58.06799996495241	69.12399999141698
23.815999851226792	68.06799996614457	70.52000000357627
1.003999996185304	65.3139999961853	77.47800036430365
11.020000076293938	64.81399992942805	79.8799998331069
4.03600005149841	61.58799994349479	77.33400004565728
-0.5680000782012931	66.97200017690662	75.20200029373177
-0.3799998474121079	60.33399991512296	71.07800004959107
0.7740000438690183	69.62999999642368	88.54599985480299
14.476000056266773	67.98999986708168	75.1600001573563
68.43199949741364	64.77400014400489	66.90400017023083
1.387999858856203	65.20799997210503	72.04200011253363
38.56399962902071	68.90400023460391	67.74200007677072
0.18400003433227646	66.25800023019316	72.81999996781346
2.243999996185305	66.2139999531209	67.49200002312662
0.8600000190734873	65.1159997963905	72.56799965381623
1.6839999961853025	58.08200021222233	83.3319999042154
-0.10000001907348544	64.52000004291533	62.31000027135013
-0.012000045776365938	67.38799992561331	81.18800005674359
24.73599984169006	61.23199986845254	76.31400014460077
25.61599992752076	80.06400032758704	66.99400004863743
4.813999948501588	63.750000061988786	72.45800015091898
19.2839998435974	65.53400005102156	67.59199996471402
0.7559999275207517	61.83799972206353	66.59400006294251
2.88199990272522	61.777999949455236	69.07200004577635
2.126000003814698	65.9039998874068	81.36799992948774
7.80400004386902	67.10800033807756	76.93200025320057
28.794000101089477	62.02799990296356	67.71200005054473
0.5499999332427978	65.75200009942057	85.23399996042255
0.24200004577636824	58.11400015264748	61.09800007820133
1.3959999561309797	64.55400001287457	67.31600007534027
274.2019977438451	66.48200018122793	69.24800000756979
62.978001202344885	66.9199997901916	66.70000019475816
9.852000150680537	60.978000042587475	74.51200002908712
4.634000110626228	60.67400007724759	73.23400013923646
57.804000816345244	81.52199981808666	71.74399996042247
3.033999977111817	99.8660001635552	69.2880000247062
-0.427999877929687	73.21000017881396	85.08800007820128
0.31199979782104703	61.43200016617772	68.06200026035307
1.6600000190734854	77.68000023603437	78.93199983596796
11.7819999885559	78.27799985885612	71.31200007364156
23.6380002117157	62.15200035095209	87.59199997186663
140.67799916505822	62.068000023365	81.39599979162219
5.114000005722051	83.33800035595895	68.0319998311997
1.381999998092652	67.6260000109672	71.9320000457764
3.048000030517576	60.94200008392335	67.55799996435643
67.43999984622005	60.91199996948236	66.35800008773802
168.3119991636276	62.998000165224084	73.3900000035762
66.10399997711178	62.56799990937114	70.7960000562668
13.18400018692016	57.99000013023611	70.15399994254103
21.394000024795538	71.2759999716281	78.93799999713907
40.011999540328965	63.48800009369852	66.11999995231628
14.819999771118157	59.56199987769124	65.98199996232987
1.663999891281127	59.592000222206075	71.98599997639658
63.301999754905694	63.4580000370741	74.41000010445713
23.946000127792377	60.50199996754525	67.81799973130225
0.79200008392334	75.80200000762933	78.54800002008675
1.9939999103546144	64.32399999856942	70.09600000739097
1.9219999599456794	63.33400015234945	79.82599992752083
4.322000055313108	59.92600010871888	72.0500001013279
3.1440001201629624	66.443999992162	71.6460001134872
1.6779999828338628	62.049999762773474	80.59400000095371
1.328000040054322	86.60999965369697	94.0220000171662
6.726000032424923	63.337999776005724	72.84199983596794
0.9299999713897695	64.44200002193449	70.9499998810887
3.4080000495910654	65.83799991324544	71.82999992489825
2.206000185012816	66.92599976599217	122.06400057077406
0.8699999713897698	62.909999854564674	72.13999980971215
14.58599994659424	67.38799990177156	70.8680000105501
1.4000001239776614	77.14800013780595	76.61800011396414
40.38800012588499	60.622000264078395	69.70000001907341
65.22800009012217	71.7679999947548	66.60400011062622
161.9579987335205	65.88200004100803	83.4499998113514
20.102000093460084	68.1660000038147	72.13199989557268
9.658000020980824	74.11199992299076	71.36600029468543
32.31400005340574	64.60600029051304	77.05799992039802
313.7899971008299	67.86400011062629	71.6740000104904
-0.7079999542236323	65.93399982333185	74.78799987554551
26.364000396728525	62.214000091552776	72.18999981880181
3.00800007820129	101.10999987438319	72.8000001239777
2.3219999694824223	62.542000131607054	68.63600012063979
1.1620000171661364	60.77799993872637	76.62200023889531
-0.5119998264312743	60.91800028011202	80.46799961090095
28.60599999427794	63.274000120908035	77.81599995136261
1.0099999523162848	59.532000086307534	70.40600012302396
62.58999996185302	65.24400002717964	70.45799990177143
35.59999988555906	62.88000002145768	69.28000008463856
6.737999897003175	56.461999825537205	76.23599993586535
149.50999925792226	63.847999870777095	71.43200013399122
8.016000156402583	61.92999986529345	94.03399996519096
51.44199977874754	60.80200003147124	79.77199970722201
14.2719999217987	63.328000069111596	70.39000014185903
7.479999971389767	59.075999975204496	64.66199991509316
32.89399989128114	61.09600009679788	64.32800002574913
8.92599996566772	64.42399993300442	66.86400015234938
6.823999853134154	62.24399999231095	87.61200000286098
20.004000024795545	63.04799993574623	65.61200016975401
242.29599814414988	68.36000004053115	68.67599996924406
204.33999912738818	73.71200008496646	70.38999995648855
9.597999992370616	68.69400019884114	70.36800008893002
21.6039997959137	71.83800007700917	78.48600033283233
10.51799973487853	62.59999978706241	81.1439998888969
26.45799997329712	90.26000017166137	75.6860001277924
1.8440000534057597	62.08000004768379	87.68400013685235
1.8640000343322765	65.55400012537842	85.6900005435943
0.023999929428099056	69.38599998712539	65.82800010204323
-0.24999998092651415	68.61399992138145	65.93800042390825
0.7899999999999996	63.18400006771088	64.39800011634819
1.4439999675750734	72.1340001998842	70.85000001668931
-0.7719999694824212	67.60199980854986	73.1340000359714
40.89199992179867	62.46000006958837	71.73799984306092
11.343999938964847	84.4499999153614	97.98399970054629
1.6179998683929437	66.75599995374677	69.16799994945522
0.213999919891357	59.16600000858304	72.64399995088577
401.22199596405017	76.86799989223476	86.14600037544962
0.312000017166139	62.16799982905386	67.28600008726124
20.312000246047972	59.95000003010035	72.9159998750687
-0.21400008201599027	61.041999937295884	66.3959999494255
164.7099999332427	70.96200016617772	69.00199999809263
74.50400011062624	63.84199998140336	73.74599983215333
37.26200065612793	65.56399987697593	70.59600039094688
30.51199964523315	69.5800002145767	68.2520001935959
78.38800017297264	60.24600006312129	84.8380000925064
36.94399988174439	60.19600003719329	81.34399989604947
6.911999998092645	59.692000003158974	70.77200016975395
15.63399996757507	60.4499999538064	80.2499999856949
0.18199990272521857	64.97800003767011	67.22000009536741
145.2820007133484	62.14400006890295	68.53599992275237
39.74800009727476	62.84600006029005	69.46600011229512
30.087999916076658	68.2339998412133	70.17400013446807
30.014000005722053	62.85799992233511	105.84799974918367
17.122000083923325	62.46599978327746	73.97000010788439
21.925999794006355	66.76199981808665	89.05399990320208
0.7600001525878917	62.70200006723405	72.69799970507607
6.9219999408721975	66.38200016260141	77.16599984794858
16.28399990081786	65.01399997055533	65.85000034809114
1.6640000247955318	54.15399998068812	64.90999998047947
0.5580000114440907	73.53199966996904	80.84599997758862
1.5680000019073503	63.68799990177155	79.21800003051764
-0.9020000553131116	60.76800001144407	71.19600012302398
131.95799887657182	66.38600034475326	93.21800014019013
6.772000017166137	74.13000014781949	72.28200015783315
13.259999999999998	67.61599992275237	68.0040000712871
13.523999881744379	76.76400055170052	99.31000014841557
23.592000112533604	65.52399997711183	72.67199999153611
8.378000030517583	57.69400008678433	71.42999981880187
14.252000074386597	63.42599995732307	68.55199983358384
-0.01199998855590943	63.94599998950958	70.6839999580383
147.14800044536594	80.75199988126752	69.638000087738
1.7840000629425055	71.95799955368041	88.00799983501436
4.039999952316284	68.42399975746872	72.28000013828279
0.22999989509582527	62.19800004363062	78.42000014543535
19.378000335693347	66.53599983125922	70.88999994516365
11.38199982643127	58.37000002861026	69.55800005435938
11.253999862670897	59.83400013074281	68.38400003552434
11.077999944686885	64.42800009727478	88.83199999868876
34.032000093460056	59.37600005865092	70.89799987792972
11.52399978637696	79.18400041699404	78.22399991989147
10.144000043869015	84.36599993944166	71.71600016117101
0.2519999217987061	65.57200016111138	70.8040002155304
27.268000111579905	65.51199988245966	64.03400000005956
9.07399993896484	123.32400159433489	91.02400028705593
79.22399983614679	59.56800008296962	75.11400029420855
84.33399962782862	64.15400007247922	67.82799996376035
0.8800000476837169	61.751999908983656	74.79799998521806
0.5579999351501477	60.65200010299682	81.35799989342695
19.159999876022344	61.685999963283535	74.70799993991854
9.604000062942514	59.83800008803609	66.80600008130074
1.557999963760377	69.59599990174176	76.7439998912812
20.74400002479554	86.61000042021273	74.06199973940852
42.39600024223331	57.586000039577485	68.73400010526179
0.5080000782012936	58.463999962806675	81.39200023889542
4.775999917984003	60.2040001261234	66.77400001406667
65.94799997329699	67.5260002319515	70.1519997632504
13.617999897003179	71.07600008249291	70.25000002861026
15.63999997138977	65.17599992513651	69.59399993419643
0.85	66.23000009298323	79.60000003337862
69.30799972534184	83.79000007838013	69.12399998962876
1.8680000400543229	64.17199993371955	66.82200011968614
8.966000022888185	62.02400000616903	69.99999982506029
134.66999945759764	63.60200001358982	79.18400008007882
12.400000085830692	62.670000448226865	91.44599963545802
11.500000009536748	63.37400016784667	65.81600012034174
21.969999885559112	83.7560001122952	93.16199987366795
16.58200023651123	64.84799991846081	67.08599992752073
96.0259997029603	68.38400003433229	66.25800008118152
0.6180000400543195	65.1180000936985	78.76399998575445
5.605999879837037	65.59400011330847	66.68199980854992
0.3079998207092275	60.9380000311136	66.61399997234342
1.5160000991821279	66.03999982833861	74.88600001811984
1.7539998722076438	60.812000026106794	73.01399999856949
37.23000014305115	62.72400009393687	63.00999998092653
172.99800073623663	93.95799967482691	129.52600031688806
2.78799997329712	62.46399994254105	70.62599988222131
5.962000207901004	57.81599999681108	79.96800018429758
38.38400018692016	57.19600006341933	77.34199993476278
18.92799979209898	62.49800003051757	84.41800018787382
12.22200009346008	60.11999985843897	68.65400011211638
0.1460001468658465	65.16599990367888	67.0679998350143
63.95799980163576	81.34999968528744	77.73600008964533
32.07799971580507	63.276000068187656	69.6880000591278
117.26199937820431	89.33400008678441	73.62599971294405
10.879999961853025	68.59599985986952	68.30800004839897
1.403999919891357	69.02000015139573	84.41000051140777
1.1880001258850088	63.90200007438658	77.63000010013573
5.641999845504764	69.10800033092492	80.99200035214426
-0.527999925613402	66.28399990856646	74.94799993842837
0.9080000782012921	56.25000013828277	68.6500001668929
20.766000127792363	60.2940001027286	68.794000031948
28.18599988937378	62.74400005817414	65.3040000152588
23.24799997329714	70.89399989128113	73.49199991226197
19.492000026702886	58.24799977302553	68.16000003695487
50.110000219345096	73.83000034153459	74.28199999690054
80.95799940586086	68.04599962800732	63.24999996662138
0.32399984359741096	59.84799991607665	72.13799997329711
-0.22400013923645093	54.59399999141689	85.65599986791618
1.3160000038146984	70.51599973931907	71.03400002777572
1.5200000381469712	60.69799991607667	94.57800016403202
0.40200003623962577	72.76199977397924	103.99200067430746
7.800000104904175	62.99600003540512	96.97199978351598
19.45400012016295	58.80999992191792	72.7380001020432
0.4540000152587902	61.5499998950958	76.37800024226303
16.358000025749206	67.25800000995397	73.0079998874664
5.512000036239624	60.82600020170211	77.10400021076198
23.27800006866454	60.37999997854231	77.42800016403208
16.687999916076667	58.785999855995165	65.52400004625324
0.9760000419616701	68.23400025904179	73.19000013589857
8.377999897003177	69.40799997761847	80.28400038719175
0.24799994468689063	63.9599999016523	62.67800012588496
18.63199990272521	62.60800015926367	77.18400001049044
0.15800006866455188	72.02799977049229	91.5980000135303
-0.577999935150147	70.94599989771841	76.03199983119968
288.249997282028	63.807999981492735	74.81200013637546
0.21799999237060683	61.67000003099444	71.0380002975464
60.78200026512146	74.18799971669912	68.3860003310442
0.28800011634826805	61.09600000381463	66.66800012111666
43.649999957084695	69.66599992275248	67.57800006270405
0.38600002288818314	59.15799996137614	75.72000007927409
1.0640001010894788	65.71400021642448	67.80400012969969
8.400000009536756	65.89599995613098	72.95199986875066
11.256000242233277	61.63999980449674	74.84000002503399
134.1539996767046	74.55200017511842	70.0239998495579
1.0020000267028795	65.15199992179869	72.00400012493132
4.409999923706053	62.84199994087216	72.56999999046327
1.2160000228881827	62.016000120639795	76.0420003128052
1.461999998092651	63.73199999988078	75.61599998950963
142.86399894356748	59.16600012496111	75.68599973201745
0.41399984359741226	63.18400007247924	65.72600005626673
0.4959998512268056	57.966000168323475	70.24599986553191
-0.0819999408721911	64.68399987846607	65.04799998283386
8.305999927520752	63.395999969989035	74.61800003051754
1.5440001296997077	68.41000000193715	72.89600007086993
34.452000246047966	68.4120001836121	71.32400002107028
11.996000070571887	81.8520000672341	72.51199988901608
-0.016000070571900508	80.44000007689007	73.4680001473427
0.6880000686645517	59.70000007271761	74.57600016266109
0.8599999332427987	69.04599984765048	70.32400005817419
5.3499999904632585	60.12600020468231	69.93199991464623
52.92399989128112	66.99600016593939	76.9540002360939
0.7780000209808361	61.568000154495174	73.68399999618528
40.30199985980985	68.13800012350079	71.18600017070769
2.2339998912811283	61.550000161528544	77.9460000896453
1.4399999618530288	62.94600009590386	72.82600028157232
18.111999750137326	62.97399996280668	68.04800001621248
-0.058000040054321626	65.10200001090763	72.95200004577633
19.01999985694885	68.29999977231027	90.29200020492081
27.582000203132655	60.35599995613094	68.96599983498456
6.694000101089472	63.563999992609055	121.96600085526698
20.43800012588501	75.75999994277947	77.3259999442101
7.836000118255614	59.40000001430504	73.00400021076206
1.2639999961853021	61.47399994373321	76.42199989795688
-0.18000008583068838	64.73199988007546	67.14800016462807
0.7660000610351567	75.02000025033952	130.8520011043548
145.30599931716927	61.193999919891326	66.29000011295074
20.78200003623963	57.30399996235962	69.6560000681877
17.977999887466442	60.82800010800364	67.65999989509577
9.824000043869015	59.650000066757194	72.49800014734268
1.2159998989105225	62.42600005209443	75.8139998292923
18.08199983596802	64.72200012013316	70.58200002193442
34.00800009727477	78.00800038576129	68.5140000295639
-0.285999927520753	69.11399999618531	74.13000019937752
35.51999992370607	65.51400024414058	78.99800009310246
234.34800065040574	103.0120000186563	107.98799955725674
8.41200006484984	64.25599991083146	72.76399983882902
1.3940000247955344	79.38999987661838	71.41800011992453
0.061999912261964565	64.13399973750116	68.0940002703667
0.3260000896453847	64.7540001773834	73.09800000667573
159.08199840247636	65.9520004284382	66.43400007367136
9.498000240325933	68.42200010895726	73.84599996566764
45.97600025177004	66.50000010862944	72.99200009077788
6.217999982833862	93.44799967408176	90.57999995708467
1.318000059127808	65.07400009796018	74.00200021266933
-0.07999992370605516	63.837999939918504	83.96000012874599
29.88999991416931	68.05599995851512	96.08399989470844
3.997999887466431	70.37400014400473	72.01200012564657
0.100000076293944	70.26800004363055	70.0080000925064
11.740000228881827	76.55800015449515	67.96199986100197
32.01199991226196	58.12400002151729	75.11600014209745
24.257999916076656	63.05999995946884	73.4180000567436
14.391999950408936	66.32599998831755	68.81799971580506
8.369999923706054	57.75199989378456	63.09800014972682
0.5719999122619631	83.07800021693095	71.17599977254854
301.88399749517407	57.47600023686883	86.23400000810626
22.224000368118283	64.08599989533418	70.32799985378978
11.854000005722048	70.87199977874748	69.60400014877318
2.6300000476837164	61.43000014662747	70.30000007629391
1.756000051498414	66.51000024676317	80.87799981683486
26.522000265121445	56.286000174582	71.06999996185304
2.061999959945678	60.91800001144407	66.16600015878674
13.096000080108638	76.0459999334812	67.90200009822844
0.6100000381469715	83.2100003933905	75.37399978160856
0.5980000591278058	66.30400003433222	73.93600006580358
1.4499999141693118	65.71400004208091	67.98400001525872
67.57799940824513	84.62000002205365	87.39199999332425
109.93199982166291	61.800000129193094	71.71200016453867
4.2359999370574934	67.07999989747995	71.91000014483923
2.2120001029968237	82.3679999446869	72.92399994373325
23.07000020980834	64.5040001130104	76.19000006198881
1.603999910354612	66.54799998402592	118.62000037968153
1.5520000171661397	70.57199997782705	75.50400003910056
29.243999967575068	73.1120003545284	78.63599997237327
52.35799959182741	70.20999980211256	68.39800001621242
0.46400004386901844	58.93000023841855	73.70000000596055
11.285999860763555	64.13200014829641	71.62599993467329
30.368000135421738	63.55199994474653	70.40599983692164
17.320000076293958	63.529999885559036	73.26399982020257
31.523999671936043	70.97400011509654	70.51599985599518
94.5819990873337	62.47599996149541	66.1319999837875
31.497999563217167	65.00200012922286	98.5480003714561
34.13800058364868	72.01200023353103	70.25200015306471
71.42600027084349	61.149999871253954	89.56200045585642
3.6920001125335653	74.97200006723398	76.53999990463255
45.72000003814701	60.068000096082656	73.88800024002789
0.6020000553131095	69.66800005435948	79.91999974250788
-0.16600002288818289	64.83799975395196	63.942000160217326
0.9539998817443849	68.02599982887504	122.39600050121554
9.06000004768372	73.7779999518394	76.85999981760975
61.36199969768528	68.463999863863	70.24600001811982
0.628000049591063	61.782000004202075	71.40999994277952
0.8619998455047618	67.73200029224147	77.75600013852119
6.095999956130985	64.27800009727478	76.38399961948399
96.90399950981137	59.57799988508222	66.19999997615815
1.2420000362396246	67.56000005006796	75.03599962472906
16.003999891281133	77.8580001091957	69.81599986553196
1.7479999446868881	69.11799983978273	83.12999998569498
44.705999913215635	67.47999992445112	70.1320000974834
4.2280001354217545	64.12400007605544	70.85000004097822
47.624000387191835	68.52399991482496	84.05000009059914
143.423999351263	59.00999991416932	64.82399999499322
23.506000041961663	61.92600011587144	66.88399988651268
7.77599995613097	63.91800010353325	71.65199995279312
21.186000146865837	81.23800010323505	114.21000040054331
18.56999999046326	71.6259997078776	104.53400030046689
19.827999982833838	64.31600023269651	89.10399991512297
49.910000243186936	75.80799991607667	67.77800012975926
10.646000175476075	67.16199967220429	66.8799999248982
42.929999761581435	63.677999947071086	64.80799995899197
35.525999927520736	97.04599969953294	71.13199978590008
26.508000144958476	71.8400001709163	73.34800017356869
129.76199925661084	62.07400000095367	71.53600022330879
2.371999969482422	93.81999974057071	76.28399980545043
6.2360000514984115	67.83600002288813	79.52000000000002
30.345999946594237	67.49599986135958	97.85399975806484
0.9179999351501473	59.953999986648576	69.94000008821487
93.84000010490415	106.42599992871288	115.9239997327329
111.90999887555841	75.1480001425743	71.76200005054469
99.61599901437766	62.399999913573254	67.83200001835827
41.48399994850159	61.81000010967256	71.0180000829697
15.201999950408926	61.242000036239595	72.0100002670288
2.2959999847412096	73.42799963831902	94.74800025582319
15.194000120162965	59.10999987736343	71.32000013589857
17.664000053405758	60.56999993041156	64.43199999809266
19.666000003814695	69.69199998617171	68.05200020670884
33.53600006103512	65.97200009316205	68.35800003528593
43.53799984931947	61.980000047534695	67.9039999175072
39.57599960327147	85.15399982333179	157.88199977964152
15.238000040054326	67.79599971890454	83.92000000834457
1.1460000133514423	65.95600009679795	77.07799994468688
108.90200038000937	60.93200000286099	68.32599988937376
4.023999938964844	69.3879998242855	87.36199974894527
1.02000009536743	75.30999977111817	75.49000031948086
0.5819998836517326	62.2840000206232	74.41800000011912
17.393999814987176	96.79799940317865	83.48399999856957
378.7759965276717	69.33999979779124	126.94600038588042
0.5999999237060558	84.51400011062616	78.67199979111552
1.1939999389648435	61.10999994277953	91.94999995052825
-0.12799997329712043	58.432000010013574	66.28800000190739
16.691999969482428	62.04799959897992	69.22000009536737
9.443999958038328	80.69800023674964	77.47400026306511
5.655999946594238	67.14000041723249	78.48000007867803
30.050000286102282	62.59800012350077	80.54399984598157
5.601999979019161	69.18600000381467	205.67199866414072
3.2300000667572046	58.01000011444092	71.63199978828432
44.493999967575036	59.39800017476086	67.14800006002177
9.8280001449585	66.07000010475515	72.46400001525879
59.469999933242825	60.532000203132554	77.70399983882898
11.41200017929077	61.769999892711645	67.83599974632259
145.4459992408753	63.593999810367826	71.94599985450509
-0.028000020980835975	58.45200015783313	153.41999916553493
44.02999966621396	68.97599996209145	66.33799996852873
19.735999860763542	67.31200011134149	71.27800013542178
206.15599862098688	71.28600016474725	67.32200013682248
7.509999942779536	66.7219999438524	74.27400035142898
62.099999752044646	74.90200026512142	91.52800007462497
7.145999984741211	60.549999897480006	68.9860000371933
0.26000007629394645	82.05199999675152	75.08399986982336
22.94000004768375	66.76799984931941	68.53000005245208
-0.2240000247955321	60.25199999570849	66.91799992933868
-0.14399978637695202	61.157999813556714	77.76199991703032
15.240000133514416	77.72400035142898	69.2140000915527
-0.6859999752044685	63.70999988079068	71.86999999523165
6.5820000076293965	62.00600018262863	65.92200027465813
5.655999956130983	62.14800009489053	68.81799994945528
8.421999912261958	61.34999985277657	67.50799999237056
0.09399991035461293	86.75799979567527	73.71600000381461
27.54800045967104	76.86400024414054	67.85200002670284
0.7080000877380366	58.012000079154916	72.47600000500677
1.3620000457763681	79.95199984908105	79.73799999237063
0.9300001144409172	64.06200000762938	77.62400002509352
10.660000171661364	74.36800052165981	71.55599981307981
0.4639998912811297	62.191999929994296	68.02000003814702
0.18600012779235942	59.54799983024594	77.73399994373315
12.415999908447263	66.88200010538107	76.65799995243547
3.7540000152587893	80.30800031781196	71.73600013688196
1.9279999732971191	62.645999706387535	78.87399985313415
22.73999995231628	63.272000104188955	113.21999963000412
136.92799965858464	71.27199999332426	70.99999969005589
0.8780001449584957	62.055999977588634	106.12000012159355
2.144000020027161	60.83999985933307	69.28599992752089
0.7320002174377455	63.42000001057977	70.88999994397157
9.732000036239628	64.8039999201894	82.03400007724767
299.97399796441215	70.72200021758673	73.53000023365018
-0.5000000095367436	65.09400021076202	78.64799997806546
6.287999849319457	60.836000162363014	65.90400009244682
40.23599991798398	60.2460001564026	66.84400010868903
5.22200008392334	79.57800039291382	73.3020001697541
55.774000787734984	76.50000030517572	66.36399999618529
13.797999868392942	67.58800005435945	78.10800012230877
-0.11799987792968598	68.56800004005432	71.23000005722041
1.8679999446868862	63.528000038415165	67.00799980401995
5.004000024795529	56.6659999966621	67.0839999961853
20.133999967575086	76.7440000629426	67.82400005817412
0.9899999141693117	59.76000011816622	67.31199996232989
12.593999881744379	67.82599998444321	65.1599999117851
54.63599917411803	61.52800003528595	68.9739998149872
0.9780000877380371	72.99400043606764	70.56199992567298
1.8519999790191648	76.30400002777577	97.16399989336729
0.3499999237060532	66.71000028729432	69.09799984574316
58.663999824523955	66.37600018531082	70.87199997663498
1.3439999580383315	89.5400000202656	76.49600001811967
1.8340000915527372	64.15399995326987	88.40200001627211
0.21600000381469742	71.38799971893434	64.68600000858306
26.135999755859366	67.85599986076346	70.24799992799758
-0.2720001220703107	66.62599998623132	70.982000054121
46.76199995040892	62.23999988555913	73.33199991226198
15.589999952316296	63.07400004863743	69.76999989986419
49.71599997997286	104.0040002480149	73.77399989724164
0.25799999237060645	60.49599986314777	88.44799987882377
1.0739998722076407	68.16400004580613	96.92799967765808
0.7480001449584949	60.35399999082093	69.13200022697451
7.110000047683713	64.51599991321567	69.28400026559827
336.17599722385387	66.97399996995925	69.93800009012222
-0.06600004196167053	61.85000022888183	82.83800015449523
15.565999965667727	65.56600016236301	89.7359999012948
33.79600001335143	73.44400001525882	93.46399979591372
8.174000015258784	62.88800006628036	76.96199999630446
12.100000104904169	66.82599994659421	75.70200019001966
11.87000002861023	60.830000025778986	65.96600010752681
21.288000011444108	96.02799982503048	70.28400004014372
7.0020001220703145	63.51999999687076	67.46399995088571
44.487999725341815	65.56399990797038	77.07599996089942
19.635999937057495	57.24800004959106	65.53200017452237
0.5800000476837159	59.73400019645683	81.54399996757505
32.57600014686584	57.060000022649774	84.28200008869169
62.30799983024599	67.5920002573729	71.91799997806555
-0.05800007820129565	61.805999928712836	72.5339997982979
179.19399934530264	64.17400001123549	70.06600006103511
13.745999841690072	67.91600003242492	67.47200029373155
4.171999988555909	63.7740000057221	96.53800037980076
66.05200002670288	68.0460001945495	73.98200005054476
201.05399835824974	59.73000001907345	71.23200001046064
50.340000157356265	64.00399985790257	69.40200004532933
0.2739999389648451	64.26599994421001	77.52799997836355
91.36599980354312	71.64999996945257	80.75000023514038
19.917999877929677	69.17400027751921	67.03600005388255
43.46999998569489	90.86799999237068	76.54600022196765
47.223999633789084	62.7979999876022	79.37199975967405
6.899999923706051	75.35199985027315	79.58200019598002
25.823999967575055	61.255999908447194	75.48199983119956
4.254000062942506	65.98400008171801	80.26399995088576
164.77199893116955	64.32800007343293	73.67800005540249
0.6460000038146977	72.83199987173076	77.50999988079074
22.218000040054335	112.17999957323072	70.47000012397764
11.36000018119813	63.77800029516217	74.49199975490568
1.2179999446868894	62.4459998750686	76.0120002889632
63.37200020313267	62.808000006675655	67.1420001164078
3.4600000381469713	67.36400005817411	74.19400015279653
1.6739999485015893	64.88199976086612	71.42799995660774
49.67400032043457	69.86599991858002	67.39199985027305
6.6959999656677205	74.27799986064431	69.41200017452243
0.2919999790191664	66.94000008940701	89.89400023221968
130.13599955201158	63.273999855518326	69.69800004005435
47.80199963569642	94.95199985623357	63.32800000667568
1.475999965667723	70.35600003689525	106.48599977210168
13.177999954223639	60.949999984502796	91.63199995756149
0.18000012397766194	61.186000024080315	86.56800046920775
0.07000001907348599	61.76199989557265	70.55799971759315
11.27800011634826	70.82800040483464	66.64200025558468
155.74400079727167	78.30199991703032	76.54400008320805
1.4220000553131102	61.55200016260148	71.76399993896482
2.7059999561309835	57.89200007870787	69.48800003826618
15.701999931335441	58.712000063657776	77.03000009536747
87.555999519229	75.62800003051755	64.61600000381468
6.470000047683714	61.4059998989105	78.58199993610386
92.35399975776672	64.2200002908706	83.7199999046325
20.942000102996815	63.15200003981588	72.33200005963438
7.7759999561309705	59.306000102758404	67.80199991703032
14.86200011253358	79.09199958324423	71.79999979257586
-0.6100000190734876	66.78199987828732	104.00999996945261
76.87799998283384	72.82800000503659	68.12799996376037
174.38799962639803	66.90400013327597	65.32200015306472
44.67199978351592	65.26600017547605	111.87599978804586
7.036000051498413	83.60799996972075	93.75800039291379
26.57799976348877	59.45199999332425	67.5080001759529
321.8879974937436	67.90199983060354	96.66399988129723
16.721999750137332	61.31800024151801	68.27200003385543
1.4259999847412097	71.1240002059936	70.08799986124033
171.3119997978211	64.32799977838997	76.868000100255
3.9859999942779525	68.03799995779997	88.365999660492
1.8060001850128165	66.53200000286103	84.19200015306477
-0.46999996185302567	66.87000023841858	67.82200027942659
56.25199941635136	65.6639999237657	69.94999999046325
9.434000024795518	61.368000015020414	67.1200002336502
2.398000068664549	68.7519998319447	84.67400014162057
3.44999996185303	73.80799997329706	72.5779999005794
19.329999990463257	72.99400005698197	70.90200020313264
48.2759995222092	63.01399997115136	72.37199996232988
-0.26399988174438704	90.65800046846269	83.75799977257849
6.945999994277955	70.10599997997284	79.01799999594688
4.784000120162966	64.46399980783465	71.21399997562166
27.36599986076356	67.33999996423724	68.04599991232152
4.58200002670288	62.738000232726336	81.3899997866153
11.106000185012812	61.90799996614457	81.6639998817443
16.652000083923365	64.35800012648104	73.37399985671034
31.124000177383405	58.340000187158566	67.68200008392333
2.216000032424926	70.7999999904632	70.30800014019007
35.44399991989137	67.67000041484833	77.52600007176406
0.20600003242492637	87.79399985909467	67.26199990510936
11.737999887466428	65.35200009420515	93.68400027394301
-0.10399996757507322	65.38600000739098	67.23800001144411
-0.014000129699707247	77.20800032168628	73.26799986362452
30.418000302314766	71.57200019583105	78.30999984979624
17.424000196456884	62.357999894618985	66.5179999108613
12.175999927520747	63.09000001430505	80.76400007486333
0.5480000495910649	71.88799966812128	93.57400049686431
48.71000016689296	65.29400011569261	71.98000014781948
0.15799999237060589	72.41600037574776	69.43600007534029
1.712000179290773	67.61799986511467	71.95200008869169
25.34799988746644	63.0780001306534	70.00400005102158
-0.012000093460084602	60.89600004047154	73.50200012505059
29.64399995803836	75.4539997085929	85.7420001405478
7.1780001640319835	59.24400009155268	65.24399968624114
219.19999817848193	78.23799989551294	172.38399900913225
0.6160000228881822	63.278000069260536	65.22199990272522
193.16599851131446	64.9759999500215	70.78799994945528
0.3439998340606676	72.22600045338267	89.49600010812281
62.29800022125248	71.12199990510942	71.73600014209737
1.5660000705719013	66.57599976062775	82.51199981212613
53.20200017929074	64.47999994277954	86.82199959754949
65.68200052738189	66.65800003647799	65.37999993085862
3.8339999866485597	65.63600001946095	82.95799996405835
85.63999984741206	65.82399980366229	71.599999986887
176.58799848556524	56.96599996373048	72.21800002574922
13.709999904632573	65.79800004243849	62.8959999084473
25.329999594688413	65.69799997091289	76.4520001678169
-0.7800001335144047	63.30199995756151	76.85999974727636
6.132000160217287	61.012000003457025	89.2120005750656
51.08000032424929	70.90799988985064	70.04200007200247
3.3019999885559104	62.130000034868765	72.06199992179873
44.040000054836305	62.97200024932623	65.82600001528861
2.861999921798706	64.34399999618527	69.38999987408516
39.47400005340577	85.032000105381	98.79400034666071
1.0520000743865972	63.355999886989586	79.88000031471245
19.202000055313132	61.125999908447305	118.17800086021421
59.27599992752076	65.25999997839332	73.80400001287455
-0.4660000038146981	61.926000041961686	77.86799978852274
16.869999961853026	67.72599992275241	74.78000017046928
17.245999898910508	70.12600009441375	73.3920000708103
15.340000162124628	63.69400033235552	78.16600006341938
31.808000216484064	76.19800001621243	69.48799973264337
12.673999919891342	70.19199985027316	65.12200001433497
17.39599996566773	60.37599976062781	72.52800008282067
91.25399905204772	68.76000015079974	67.94000005722046
0.5260000610351548	88.11000050067892	68.90400007247928
8.174000091552736	58.48399984270328	72.53200017213828
6.349999914169316	62.7219998210668	66.93399996757508
0.3359999370574969	66.15600006982685	72.1460000061988
-0.44599991798400773	66.8800001811981	71.60199996471407
8.470000143051152	66.27799994945528	98.91600036144266
20.5120001602173	67.60200001418582	68.56799994826316
1.3980000495910634	84.80399977028361	73.00599986076348
1.6100000762939446	72.81999983116987	69.38800021171568
27.40000027656557	85.27000030994418	69.01200001239773
1.024000053405762	72.96800009399648	71.65599990248685
4.786000270843506	67.751999924779	71.66600002855066
16.573999977111807	64.7359996008873	73.93000004291532
71.10400014638903	65.862000053823	68.83600006386638
31.098000011444093	60.94399999916553	71.1939999675751
34.38599998950957	66.36800021886827	74.38999965235595
32.22799993515015	63.53400012999779	81.58000028133387
2.741999988555905	57.57399991989139	67.24200027748942
2.3019999313354487	62.231999955475274	66.57399998426436
53.43399985313413	70.61999997824428	70.51599995374686
-0.17399996757507288	65.51999987602233	107.60999961853032
59.46600034713744	71.24400029420853	67.7880002307892
2.5779999971389764	52.47199996709823	54.99999989986428
113.84599934518336	59.46000007987022	67.21400009870526
19.88599979400634	67.6120000898838	77.5380000981689
126.38599915981294	72.70999988317479	66.16399993538859
-1.4179999351501482	62.28199993610376	68.31600035876042
14.848000078201297	67.23000005245208	69.9800000400841
1.5020001029968257	61.27599977970124	80.8179999542237
2.337999887466433	69.2319997820258	72.05999996423718
-1.1160000038146956	63.35800003722311	63.108000105768426
50.21400018692017	70.9080004101991	66.49600020885464
15.27000005722046	70.36399990558621	72.89599983096122
3.183999948501587	69.28000011116266	64.11200001716614
1.114000005722047	65.16599986076356	82.87600032806397
72.40800018310543	61.85600010007616	72.61200000762936
39.416000242233245	64.54600001811976	66.16799986004818
21.026000013351428	62.52999996662141	67.01399994611741
0.7880001163482667	63.7160001981258	74.15599982857701
5.674000053405762	79.75600010395051	74.33399990260595
15.665999975204462	63.1220000910759	69.162000118494
63.450000391006455	72.68200014486904	73.12400011181829
58.29400045394898	65.50800006389615	68.95599994659425
48.554000263214135	59.15999997615817	68.73400012254706
2.4600000762939462	72.48999989986419	68.42399991989126
27.111999988555894	90.50400019049637	91.54199997901914
2.205999975204469	64.9399999952316	71.8119999980927
173.73599814236175	59.91600005820392	72.7880001664162
8.280000009536742	68.21399994567035	74.25000013113026
-0.5420000076293954	63.86999993994831	69.92399997860198
1.2219999599456792	63.68199996471409	73.61400011017919
186.06599918395267	60.884000154733634	70.98200020313261
1.1100000286102307	63.85599985644215	76.53200021356359
2.747999868392939	62.928000078201315	72.46000034093848
11.860000000000001	66.66999998807914	71.27400010645387
17.87599977970123	61.30400004148482	73.30400023460393
18.945999984741206	60.947999949455266	65.64799997091289
1.1160000324249286	58.06200001627206	71.91200010031461
12.268000040054314	61.98599993228906	76.42399992749095
1.328000068664552	58.772000053822985	69.49599994182581
38.614000215530375	62.417999936342184	69.62999997615813
118.53000076293944	78.26000018596642	67.46999996900557
-0.2739999866485583	62.352000150680524	76.47600009202961
56.231999592781044	72.53200002193454	81.23000007152557
13.767999935150145	91.23600026369104	64.05399981021881
34.05200024604801	69.76200020313263	70.28800019264217
21.310000085830676	62.98999993264675	97.11400011658672
0.5960000038146992	68.46999991178508	63.557999992370604
23.90000022888182	86.5980004653335	139.26599981904036
8.027999935150149	65.62800011470915	78.25800004720695
1.7700000190734837	93.73199981004008	64.27200002074238
4.813999938964839	62.21599997714163	105.55200042486193
58.2479998588562	65.79599975541235	66.1919998967647
36.5599998855591	71.57800018429757	77.7279999637603
54.429999728202844	58.77399999618526	77.91800006389612
-0.5159999561309823	60.889999987632066	70.07800032615661
189.91399844169607	64.86799986273049	70.55199999332426
37.56999999046326	64.71600015997886	66.92799997150897
0.1219999694824217	84.69200049877163	91.81000020980834
15.199999990463246	62.9340000796318	72.1179999125004
75.18800037860865	72.96600004434582	65.43000001251697
7.121999969482423	65.72799998611215	64.35400007620454
1.4259997844696024	63.89600008204581	66.75200005292893
-0.1859999561309801	63.84199990749355	66.96800006151199
46.66999993324281	68.74999997615814	86.07199990272518
10.201999921798706	58.624000113010396	76.12000022292135
3.1139999580383315	72.10799999952312	67.41400037378074
27.007999849319454	68.48599996089932	72.11000017642971
40.2859997558594	69.03999997615819	67.2399999809265
7.425999975204466	64.50200023129584	70.14200000524528
11.535999822616567	74.19199989050622	68.47799993753428
4.793999910354611	64.63000024318696	69.0459999752044
33.55599964141846	61.072000110149354	70.21399983763685
14.329999933242796	58.898000276088695	68.38200015068058
7.560000057220458	72.14599998518824	76.67000024080278
2.2020000171661387	63.66200005412103	93.07800050258635
0.21599981307983465	62.512000041008	84.17999995827677
31.471999740600587	62.45200019121169	73.54800019025804
89.09600055694587	62.175999946594224	67.82599999904635
207.09199956417075	62.85600021317601	107.29200008630748
1.2720000076293927	65.5420000573992	75.28799995422361
1.5279999637603743	68.33000016212463	66.84800003767016
88.56799982070929	61.805999744385495	74.29999988555909
6.0280000209808335	64.817999971509	73.58800003409385
0.26999997138976944	66.55400027722118	67.95600005343555
30.379999980926524	64.21600004494186	74.05400011658666
21.47000009536745	63.90800010919567	69.50599989652622
4.688000078201296	72.95400013655424	67.29800021171569
0.8780000972747799	61.43800007581709	74.69400010198353
19.00599990844728	65.25399976268413	68.54399991512297
1.150000009536744	68.89400005578993	98.55799991369257
0.31600017547607595	60.16800009846682	66.09200010776522
132.81399930238723	68.69399989008899	70.94599996983999
1.7420000934600826	77.47800049304968	68.20200004577632
45.21800029754633	64.24599986255159	65.68000026226042
20.763999986648564	60.230000214576705	67.4759998805821
12.81600005149842	63.52400008916856	69.52999999523159
0.09600007057190021	67.50999979495998	71.93000017166139
12.291999921798697	63.753999933004344	72.34600018054255
7.297999992370607	70.06800006002184	89.35199990987759
12.498000049591079	68.21199976921073	72.4839997532964
1.9959999752044661	72.45799977481366	81.01399977952238
2.376000022888184	83.47999995201823	90.3459996604919
84.25000009536748	66.90200018972158	68.29399996280672
0.10399988174438515	64.10399989128116	93.95199971675869
74.63400014877318	57.99800010025496	73.55599993512035
70.9400004863739	64.7440000343322	87.2920000743866
0.20800003051757662	56.24400002360343	67.68399994373327
44.2739999961853	66.55400007545946	68.22599998354914
23.74800008773803	73.37399991035464	68.42000004768371
18.711999979019176	63.89600014448168	71.07999989986425
3.8920000076293944	68.5880000400544	64.79799995422364
18.367999954223645	64.43399998903269	83.68200036406517
1.996000061035156	65.18400008201594	69.52799999713899
-0.6939999866485588	63.04799995183941	67.38200006678697
8.088000106811526	62.369999924153106	69.04000006973745
1.0479999351501477	64.49999990984794	70.62600024789572
1.0980000114440915	74.03800017505881	72.58000004529953
0.8819998455047626	57.89799997687346	72.01199987888336
104.00399934768673	60.496000161170954	85.69799995660775
0.9839998722076392	64.99199995249505	75.02999996423715
12.65800012588502	64.07999978065487	70.23799995899198
10.587999820709237	66.1319997560978	76.77600009918218
0.018000011444092454	61.977999880760876	69.6840001916885
10.781999864578244	61.78199964761732	76.47199994564053
