1.1219999980926498	69.23199972093101	72.54400003016002
50.04599931240081	78.608000240326	72.07600017905233
1.9320001316070563	60.87199979662899	74.6719998788834
0.6360000514984122	62.00799991518259	69.52199999630452
31.712000284194964	61.469999839663515	68.50199996709827
0.523999834060669	78.44799989461892	75.6260003376007
0.805999965667724	61.00400003433227	77.90800002798443
-0.39599993705749337	64.02399983972313	64.69199992656706
42.71800029754634	54.826000025272414	67.0540000236034
12.216000013351442	75.1780000090599	112.46000016808505
138.0079992389681	69.98800018787385	68.92399989992376
1.8539999485015861	62.31600005149843	70.13999987125399
0.44400001525878835	60.26600013151764	65.11800004005431
1.2240000438690173	64.63199980035422	82.32400033473965
5.380000000000006	69.50200063228603	63.984000020027125
76.39599983215334	65.40000009536745	72.28400033950804
-0.9459998607635504	77.70400029778476	74.97800004601476
24.847999982833866	83.2780003595351	69.56000002384185
0.14399999618530415	64.33400025486941	73.96999971464282
17.46399987220765	61.50399998664856	68.62000014781945
24.13600012779235	59.80199991032481	133.21999978020793
74.63800044059754	65.35399981975556	68.57600028038021
32.71600008010862	79.78399976909152	68.36199979305265
114.80600043296825	97.20999967738976	66.72199976921078
1.0700000190734855	64.39000027656554	82.05800028800962
1.9220000553131111	66.38199996501211	79.91199989318851
9.145999927520757	76.20400015532978	73.35000020980834
56.36999997615813	63.009999997615786	74.50999997615818
88.64000016212458	57.20800013542177	66.27800007343285
6.4240000152587875	66.15199989795681	72.27000016152857
4.83800008773804	62.14800014778974	71.26400012373927
147.78600038528432	65.85599991112947	70.49000013113019
0.8619998645782464	58.18400000095368	72.83200005292886
189.05199918031684	71.17999989598995	68.58399995327001
19.69400020599365	62.994000167846686	85.08200037956237
40.400000295639025	67.41800007343288	80.93800002574923
23.50599995613097	63.28399990797043	78.80399977326394
102.87399991855027	72.49599995255473	95.18799976348886
11.00200006484986	63.31599994421005	71.68399995207778
0.6540000057220473	73.10199999928467	81.92399979591372
20.723999605178804	69.02800002872938	68.15599991679193
82.89600032806409	61.456000104844584	69.5600000572204
52.80000004768375	60.439999964982256	73.20799990653994
151.83999995231645	64.64000010371207	73.56600024700155
133.1539999389649	67.14999985456465	67.82800014019013
24.646000556945815	58.76200000762942	67.62400012493133
20.813999662399297	70.43199967831367	71.9199997472763
1.6059998512268066	63.24000000178816	71.53599992513658
230.9479987621308	61.79999990463248	75.08800010681152
207.48199908733372	68.7680000424385	71.64400009632116
33.28199983596801	61.243999876677954	86.45799974918368
94.77400117397308	64.01799985647203	73.64599993228919
7.40000000953674	59.209999935626925	67.9720001542568
127.46599846839909	62.567999978065494	66.54600035428996
61.177999839782665	59.17200004577638	89.91000007152573
95.50000033378603	58.69599996089931	68.37799980729817
70.18800024032592	75.19399984270338	71.56000019550318
86.62600094795216	68.988000061512	69.58599989533421
19.275999755859385	63.012000095844236	68.15599980443716
309.3399969863894	84.65399966001502	66.73799997687333
62.15199984550479	64.61199997544288	66.57199991226197
0.37000011444091907	64.60199998855593	73.23200022339816
176.7180000329018	64.57599988296627	87.44999999046318
31.540000133514386	61.638000122308746	76.54400007247929
54.04200021743773	71.87599986076356	67.39000002384184
31.202000274658204	61.02200026035309	68.2199999757111
0.4360000038146973	62.11599997878069	65.98599994659418
0.1299999523162833	66.04800020694728	69.75200021088129
35.31999983310701	62.28400021433829	69.05000017166135
25.80600010871886	64.46400004863736	66.67600003480908
50.440000047683725	60.04799996495245	92.10400045990941
154.5559992551802	83.02200021028516	66.85599985599518
85.9740006966889	60.25000006154185	71.92400000095364
124.71599955558779	90.11000003814691	81.19599996089939
24.929999752044676	59.060000102073026	88.90800047159193
1.1300000476837173	77.72600001230836	69.11800006389619
80.12800023078923	64.90400011539464	69.79799999237062
20.039999828338626	60.341999973058705	67.06399980783465
0.5699999809265133	71.58999984979633	64.94400010466578
10.479999990463265	102.36199990183113	86.45400023460375
71.74800027847292	76.74800009012216	71.56799992561338
143.54799935817712	64.3880001592636	66.72799998760219
1.4880001068115234	69.16199995517727	76.03599991992121
122.80000015258778	62.82600005149845	79.3339999476075
-0.15399998664856002	62.0979999566078	74.6580001306534
2.304000034332275	63.439999918937644	78.30199996232987
61.59599976062778	68.68999999448657	86.37999976545576
1.1559999275207524	68.23400006800887	73.36199995040893
-0.05599987983703607	60.773999874591794	74.58800009727481
49.614000101089445	60.555999968498895	97.80599952518932
60.12799990653993	65.73599980562923	70.95400009989737
1.6340000438690188	65.9080000324547	116.31799984216694
44.986000308990484	61.012000226974536	72.32200006961828
23.3239998626709	62.85200016736985	78.06400010108948
1.8819999599456785	59.362000083923334	67.49200012683865
1.1320000839233402	60.16200004532929	64.64400001049034
51.67600017309186	67.99600024282931	68.52799999475481
15.704000015258787	62.968000017404506	68.56799987077716
29.080000219345116	60.986000015735634	82.9359998750687
2.242000083923342	83.06800001785153	93.33200032114985
1.7339998912811292	60.71600003480903	70.61800007820133
32.834000129699696	63.568000013828296	72.96399998188018
8.942000036239621	59.3659998387099	67.99200003504745
99.12200000762945	80.15599966049189	77.16400006324047
1.1240000247955324	77.1920005178451	77.04200014352799
2.489999999999999	63.843999977111814	77.4439998531341
16.860000123977667	64.98800002753732	76.40200018227101
1.748000020980833	64.31399969100956	70.97799984931947
-0.16199984550475963	63.954000228643416	61.43599999427794
0.6280001163482679	71.37399955034248	67.43800005674363
34.50400014877315	62.570000000000014	75.15199959367524
4.610000066757205	50.80000003173944	57.98200002580883
0.9439999103546126	66.98199996054177	71.35999994367356
1.6620000267028787	62.67600030899043	95.09200040489439
84.09999961853026	131.6740001219511	70.51399991422892
62.854000082016	56.8439999485016	66.62999999284744
95.69999931335451	109.34000096440315	65.50799998283394
94.30199987411493	73.45599998325113	72.95800024032593
-0.08799999237060457	57.45200005531313	85.3900000095368
44.08000000953674	65.70799992203713	67.77000007152562
0.7619999122619644	64.45400054454807	83.82400007247922
0.3140000629425068	62.48600003048774	68.44800017476075
1.7180000400543203	61.23999988749617	87.05399960935121
1.0140000152587905	60.67399979829778	76.01399979949005
200.5459987616538	68.94199980467553	69.78799978256218
29.37200006484986	66.51399988889698	69.43199987053863
796.5179934597016	62.12199995040889	89.12599996566783
0.33599995613098216	65.89400025129315	142.76199978873126
102.952000336647	75.2979995989799	98.50400018215187
17.95200002670289	60.65000012993812	82.36800047919156
199.94599851608288	60.55200011253363	105.57399986743918
1.429999923706054	63.40600014090537	72.35600006699565
25.081999797821034	61.997999830245945	73.60400008916851
18.482000284194925	61.84399983316658	67.37799992084506
18.020000123977656	59.75199997901918	68.10400002568957
28.182000112533565	62.65400004863735	69.27599996566775
37.29199996948242	66.84399985194207	70.49800000190741
85.97599984168994	62.64599998176096	70.87599993705756
0.6680000495910658	61.956000065803465	72.53000022888179
16.918000011444086	64.81200003623955	74.42600006580355
37.56400021553036	71.33400014400479	69.31799996912478
131.7100005292892	63.964000111222276	102.69999946594244
0.16399988174438376	57.80399987503882	73.99799989879126
23.681999959945664	100.47200015306477	75.53199974104766
6.986000165939331	62.19599982738493	70.10999992370596
0.3480000495910641	71.423999683857	72.78400023818017
1.3880000209808363	59.96000008702284	84.81399999141685
-0.5580000877380373	58.1700000211597	78.76400010585789
-0.07800002098083486	67.83000002384193	70.09599977016451
71.88999982833863	77.02400002002707	94.06399965763099
-0.09200001716613779	61.35200000762935	69.99199995994562
35.50200061798096	65.84600007414818	68.5839998722076
7.137999925613408	60.8779998397827	69.56000017881397
70.93800006747239	67.29999993324286	71.7180002260208
62.47800011157988	55.41600013256072	69.24400020658976
226.48199888229365	61.73599998474119	92.04399967193605
-0.333999938964846	60.60800006866454	71.92399997711188
1.7140000820159926	60.70000010013583	74.97800003051756
3.2780000782012944	98.69800025820729	79.59600019633764
39.351999883651715	68.33799975454808	69.9659999208152
56.78799989700318	60.76800010085101	88.796000084877
0.6360000419616715	69.26400025844579	72.278000086546
0.7060000514984145	64.86999979496004	71.35400005817414
117.5860002481937	62.093999973535496	63.30399990081786
0.8199999809265126	58.95400003552437	73.64600018978122
1.1220000267028793	67.25199984669676	158.8779999166726
13.257999801635746	54.65400009065864	63.98000005722046
104.53800093412399	70.80799994945517	67.65799993276592
-0.24399994850158516	66.75600005090234	73.79800007462494
198.1819990062714	62.29999994993213	72.91400022149088
1.3300000190734858	69.63199992656703	80.59600009441381
4.576000070571898	60.8880000324547	69.22200015068051
67.177999548912	61.97599998235698	74.94200012683868
75.22999957561498	66.5879999279976	70.72200029313571
0.7580000400543216	66.86799992322923	77.51599999070167
103.48600051879885	60.42799993768331	74.45200042724605
1.5880000019073464	71.55200020536773	74.4900002385676
0.34399984359741037	64.5640002417564	74.86200006008143
85.45199920654295	61.30400000214581	80.83399991035468
25.136000280380248	87.89200009465205	73.25800021171571
56.93599992752075	64.13000005155799	80.74399988651285
132.48799972772585	67.08399993360042	68.91000005722047
17.341999979019167	64.51599976062775	74.81200000762945
34.69800011634827	74.60999994277951	72.91799992084506
1.77399998664856	64.66199987411494	80.91200009346012
62.14400009155276	62.653999863564906	69.44800002053378
210.61599782660605	61.955999934375264	80.22399996280667
0.4199999809265129	93.70799965977676	68.84599986553188
-0.8040001678466815	61.2859998178482	76.88399990200996
31.697999877929664	71.48200009346006	74.13999986171726
31.168000130653365	72.76999986171721	76.25599998921155
0.4820000076293959	60.61199997022745	67.19599989891054
45.44199969291691	59.00599986284966	65.9839999991655
0.2779999542236317	65.75600016355513	73.99000018417838
1.122000045776367	64.43599991276858	69.86600008428094
-0.25800001144409335	63.505999746322644	69.74000004768381
0.6440000247955329	61.69199990510939	69.53000007629393
26.125999794006347	59.528000160753706	86.38600034356124
28.049999904632543	61.277999932765965	64.14799995899199
337.90199768066435	68.06600004002449	68.65799995422358
0.556000003814697	63.150000107288314	92.8840003418923
25.2059998035431	62.06599991559982	85.39400018036362
0.7359999942779559	74.90199995756151	76.93999999999996
1.769999952316284	59.145999968051974	75.84999999046326
33.905999870300306	63.11999998226767	72.28200026512143
44.02399991989138	69.66600025415418	73.39800017118453
0.2479999732971199	86.44000021636482	73.08000022172934
1.7260000228881813	65.13800023317333	71.749999871254
33.63800020217898	66.41199987649921	74.11800010263927
-0.25600003242492675	66.40200004816045	64.8879998874664
-0.5100001621246343	67.78000006243576	80.22399983406066
50.83399938583373	56.72400010585788	68.57999989747998
148.6700003623961	64.56799982666968	78.19000018447646
13.187999963760374	62.64600012272597	71.70000035285946
105.76199927330012	67.91799989223477	69.7940000894665
0.7959999465942371	60.58200010776524	64.82600008040667
7.37399997711182	70.55399983406068	76.39199978947646
45.271999740600585	67.94400020360948	71.55000000238414
44.037999935150175	78.68200004056101	68.2059999680519
50.75599986076355	60.68999981403345	73.79399993777277
40.525999927520765	67.59400009840729	67.33200006008144
0.3960000801086423	66.46800005197527	71.50800027847289
60.34199974060057	61.29200004458429	65.12399993509048
22.507999906539904	65.99800015211108	71.10599991083146
6.503999958038332	65.64800002336501	68.72200007915498
1.3220001029968271	60.582000026702914	113.60799911543731
45.70199984550472	66.53400005936615	75.25199986413124
33.85400001049043	68.90400027990343	74.7100000250339
34.84600007057193	70.37600004673	69.49400015354155
193.36399830579768	64.34600012063981	68.1219998526573
31.025999784469608	60.658000040501356	101.28599957212798
46.427999782562246	62.85200009465217	68.67600004106762
19.26600001335144	61.98599994227293	65.28999999523164
63.80599994659421	67.47199999570842	73.57200002312652
51.46799975395198	62.25399996995923	69.20599979877464
7.810000200271606	59.95200021266933	65.35399999901652
89.66199956536296	80.15800004616389	64.13799977540967
138.603999170065	64.52399997726083	69.62800009489058
13.895999975204466	61.600000143051105	115.87200015068042
58.020000162124646	66.50999985456464	64.45399982929233
21.016000242233257	71.6500002431869	72.54799961566928
32.63800001144406	66.69800010561939	69.8959997904301
39.22199964523318	63.669999995231684	67.02599985599514
20.642000007629402	67.08399973511702	98.15199929475783
0.9739998912811259	64.96400027036663	98.59400055229656
22.23800020217895	68.50400005936623	105.48399985849863
0.6540000820159912	61.86799968332055	72.63799997329713
107.38400003433235	62.31400007843969	68.00999996542932
0.552000064849854	84.76199989974495	71.02400018692018
303.40199857711764	72.49200028419496	72.2900002288819
-0.12799991607665911	63.94799982279539	68.0479999780655
1.3320001602172862	68.16599980786442	78.5459998762608
20.980000114440898	63.25199991762633	69.44800004959107
0.1760000801086414	61.52799992799757	84.08200001388788
62.882000045776316	60.57400003373621	67.17400019168852
0.22599976539611966	65.53599989652632	95.78200053215025
1.168000001907346	65.34200013160705	78.28999995708467
-0.02600015640258907	61.53799965083601	77.30800002098078
0.8519999790191644	61.53600022613999	76.75999998807913
-0.17000001907348689	65.72400003433235	72.86800034046176
1.674000034332277	61.060000035762805	72.72400031447405
-1.0160000610351574	61.32000012159348	70.4120000576973
127.11600011825567	67.6639999341965	94.6040003228188
0.36799998283386254	72.92399998188017	76.38999978065496
29.006000289917008	87.88999933958067	73.62000021696089
0.15199995040893574	62.540000112056696	85.19399982452387
146.30399921417256	69.36400004148477	71.62999998569495
90.87399977684022	63.486000033170015	76.16199996143564
243.43799953937523	62.48800018161535	71.09199976444242
-0.07400004386901843	63.495999873876535	65.97400003254414
77.73199970245359	72.83399963349102	81.58200002193448
0.21999991416931117	59.18999987870447	67.58399999856948
50.87800021171566	61.66800004720684	63.87000002503393
107.4959999203682	57.785999948382354	65.27000001430511
83.02600078105925	65.53000025153163	65.80600025653833
13.156000051498422	66.74999995112414	67.80399999260904
0.40400008201599275	64.9479998874664	71.18999995231623
-0.27800004005432005	65.55000003814695	66.20999993085856
72.90800055503846	65.63600000739096	70.66200000762935
186.2739985370636	61.53799975872042	67.00599990010257
0.9219999885559071	61.69600021481516	69.82999989032749
31.83800007820129	61.380000063180866	69.0239999310673
70.61200031876567	53.26200017049909	60.30199994206425
0.42999998092651387	61.715999953746824	61.87599990516904
0.5139998054504383	61.22200005799529	74.38199993610387
2.049999923706055	59.129999871253894	68.64399999380109
243.0039982163908	66.4659999155997	69.76399990081788
3.7459999465942406	75.56999989226459	76.97400019645701
110.12199962139131	71.4140001544356	70.18000015065068
49.058000178337046	57.92200008258223	72.07199987411495
22.46600005149841	80.99399980291719	68.6739999127388
0.979999933242799	59.53400020480161	72.46399976536627
85.54000065803517	63.540000049769894	69.3979999256134
-0.5180001258850109	81.73600012496105	74.42799992635852
0.3240001106262191	59.94799995422359	55.29199995815753
157.38200095176703	68.71199964761738	67.14799988344319
3.0880000877380334	61.115999942272886	64.6879999858141
100.79600024700161	71.83600022792811	72.8959999322891
-0.3919999790191646	66.68000012293452	71.0699998390674
2.6899999713897706	63.27599974066019	95.03400013446809
-0.26800006866455206	58.67599997282026	64.53599983215332
25.52600022315976	82.33000005006788	68.31999984472984
68.6860008525848	68.21800019264218	72.6499998044968
10.844000205993643	67.4639999938011	81.65800002500411
23.56399974822999	57.89199972078209	73.15799993410704
34.54199997901918	59.49400013923644	75.05399985909466
33.1480000591278	64.57999989032744	70.15200010061268
4.670000033378605	69.82800006866452	70.30600021481513
-0.35200014114379713	71.07199997529392	125.72599933803085
62.20599982261656	67.87799967527384	74.16600001096725
-0.27199993133544964	61.69200000941754	68.53999988049272
48.52600006103514	60.62800009429457	111.65000010490421
68.38600006103509	70.3920000267028	100.77199997425078
26.001999998092636	66.43199985265731	76.87200015544884
0.3100000953674319	82.07800027251237	83.99200030088427
0.9559999561309817	65.74999995231634	81.79599971294402
0.30399995803833074	68.1139998567105	79.13400005340576
1.7460001754760759	79.33000003337861	84.82800012588496
13.775999975204472	72.80599985241892	77.73999973297128
27.65200011253358	57.9680001461506	76.41800000190732
23.83199992179871	61.33200003862375	87.07599997043603
0.6880000209808353	65.18400009974837	79.99000018358225
-0.27999998092651324	78.71399966537948	101.84200006812812
0.738000049591064	78.80599985688936	114.27800046786675
0.21199997901916573	72.03999978691333	72.19000012636191
0.650000019073487	59.54799994945522	92.84600035011763
34.41199987888336	61.238000063896195	72.66199982076886
0.5779998588562015	61.467999989986374	71.99599999904626
14.240000019073488	60.18199989795685	68.81399988412855
1.8580000305175777	78.17200004398822	78.70999995231644
133.44999983310694	57.34399996802209	64.37600003242495
24.658000221252458	61.5739998292923	68.83599993228918
5.731999940872188	61.663999922275536	86.40800009295344
-0.23400004386901904	67.20199990347027	70.23400013923643
1.6660000705719	63.171999983787515	69.64200000524528
1.2319999980926528	67.16399989247324	69.69599974781266
0.7679999542236348	78.15800019085401	95.70599990844714
6.143999977111822	59.673999900817876	89.42800003528589
0.8519999122619621	64.96799987688662	69.38999999284748
0.23399995803833068	62.725999898314484	67.79999990463263
1.6739999675750734	64.44799986600874	68.88800005435944
1.035999879837036	57.79199992507695	83.90199986457827
2.1900000667572015	74.95399997472761	89.15400026544921
38.16800006866457	67.01999997735025	71.64799980878827
0.9279998874664319	63.86399973481889	69.76199996232988
52.76800004482268	63.370000043213366	73.50600018024448
1.7640000438690193	65.7360000133514	72.51199987649912
18.360000171661376	65.51600006580348	72.60400013089173
20.013999977111826	69.24999995827672	64.15600003004073
-0.05400008201599124	62.81799983263014	68.50200006484985
0.08999991416931102	61.700000005960455	72.92000028848649
17.355999908447277	59.64600005626678	67.21600014686584
6.6080001831054656	60.14399980247026	74.51200018122798
0.2999999618530259	67.30599979341031	70.13200001522905
0.5300000858306899	92.85600028395648	131.80799965530633
8.158000001907348	60.08599996566767	73.45800006270403
0.6820000648498519	83.03400027275069	93.36600017547606
33.31800023078917	64.22399986028675	66.03799999475476
10.076000080108646	66.32199989750977	69.50200017750261
58.03200094699858	62.31399997234342	81.75199990272513
1.427999992370607	72.42199971541757	98.91800025463112
7.549999828338617	62.581999831199646	71.99799991250038
0.8599999618530271	70.68200046002866	79.85600008428092
56.071999540328974	61.58199980258946	70.65800008773797
31.822000284194953	70.24599977195263	72.94599989533421
84.77200098991396	84.93999995157115	72.59600017666816
1.8280001354217519	95.63399983406069	82.0680000090599
10.813999929428112	62.65399986743927	68.53799974441529
0.016000013351441387	77.20999985456477	147.6739996771514
19.765999908447267	61.555999928414884	71.11000037550923
12.96799996376037	64.71999961853028	72.1680001342297
147.7339992284776	65.79399960950015	74.01199997901918
0.23400006294250367	58.52399998471141	74.8899998998642
77.51599987030026	70.51999989867214	76.18200015783307
0.8139999294281016	63.72999988079067	72.6019999027252
22.86599997997285	61.20999996781346	65.92000002145762
14.307999897003178	65.52600009322167	69.00800003632904
13.697999839782717	61.67600008100274	112.74399950981147
21.241999816894534	69.7180000129342	75.92799972772606
11.518000125885022	64.253999774456	69.3060000085831
45.75600026607511	63.831999981403335	67.24999987959862
0.594000024795531	59.25400006532665	74.9539998698235
127.22399935483932	76.56399994492529	67.57800017952918
-0.2079999923706056	65.19800032615663	77.49399985551831
0.23600007057190095	63.2660000514984	78.81400031656025
87.72399948120115	65.50599997997281	72.03199985265732
0.4260000419616686	69.9400000414252	67.15800025463102
0.2160000228881819	58.681999740600574	79.04399995326995
27.030000047683718	67.31000003263354	69.62200018882749
2.3679999732971195	86.35600000858301	101.31399993896474
43.752000198364264	64.43600014716388	68.74199991285802
107.51399991989138	60.44799997031691	74.9180002605915
0.4299998760223393	60.98800005912778	75.80200037121776
0.4359999275207507	64.32599997282024	68.83399992763992
0.1639999771118165	68.72999993383885	75.28600019812576
37.51599996089936	70.18800024420017	69.96199999213216
159.31599944114697	63.63800002932542	65.9260000038147
59.387999897003155	60.66400000572205	81.37600016772751
0.5679999732971176	60.80200001001355	87.20200021803379
60.967999563217184	58.53999993324281	129.8339989984036
21.453999881744387	63.89399993896485	129.40199919551608
2.0179999256134042	59.960000023394805	68.19599980831148
135.50199973583216	66.40399975299833	70.75199997544284
4.770000114440916	65.54200002491476	64.5959998476505
33.96200010299684	61.99400008678437	70.16199984967712
0.5020000267028819	64.8979998373985	75.97999981462956
62.335999383926406	60.46799993991855	71.80800007253882
29.846000070571897	70.73000009298319	68.69399996042247
162.1359987445177	66.17199998021128	71.26000022292135
2.0799999237060542	68.26799964189522	75.05199996948238
45.780000009536764	71.29400017976754	79.1980002117158
0.9080000019073484	73.25400009870525	67.37200000524513
11.107999887466429	73.47399992227548	68.0759998393059
102.55600033760075	63.29999977231024	81.1780001437664
97.62799971282479	62.60200008794659	74.37599998950955
1.9199999999999984	63.47800005465744	68.78399992227554
0.8080000495910656	64.12799993038175	71.54200005292893
-0.10599993705749348	64.8619999368488	68.14000017881393
-0.09599996566772388	67.62000010728843	76.90399993062022
118.26799971580502	62.0640001010895	71.78800024032591
124.71000007629392	70.18200020313257	75.49000023275612
145.6899995470046	68.67199990272516	70.90999990686772
1.771999950408938	63.51000008285046	77.98399998188013
67.4899999046326	56.09000011280179	97.96000049948698
21.761999979019155	61.14599982023235	73.68800002574916
0.35799984931945894	61.25800015807149	76.73400013923641
1.025999889373781	62.15800008893013	74.34600007772448
35.118000335693345	73.39199996948238	70.9320001840591
1.0080001258850106	62.2279998755455	67.03799994617697
-0.12200005531311044	57.77199998423458	80.26399993568661
334.02199751853976	63.66399990558631	69.80599987506864
25.694000434875473	63.24000006943941	82.02199985980985
34.93799967765808	67.09200021505359	72.56400023192164
20.993999958038334	83.60199996829027	67.0819998931885
55.37199993133546	62.565999894142145	72.48600024506447
15.907999868392944	72.26200002670285	143.49199973940839
68.78599986076357	67.04600009441367	67.06400001525878
0.6159999656677227	69.07400024175647	72.650000052452
14.484000110626218	70.84399987220763	72.94599990487099
10.67399991035461	64.40999987602234	75.4819999761879
40.93600000381467	71.46399965807797	108.08199975892896
0.06599990844726678	60.36000004887579	66.17799978017811
128.48400024890898	58.74399992272261	67.49799995660781
42.54000034332278	62.28999987840655	77.7679999613761
1.5679999923706058	68.38600017070769	82.4239996242524
35.90199984550476	66.38999996587629	69.82999979302288
0.9000000667572023	61.99599999904635	64.55000009179118
86.66600016593927	73.60999985158439	73.12799993515019
1.6740000247955302	61.21000008106225	74.38200027465821
83.62600004673003	85.29200009584419	74.9219998788834
231.70199754714966	59.948000023961036	82.33000008106234
18.197999963760378	68.16800000369548	72.48400012493131
246.83599878072727	82.42999994754794	78.27000005483622
0.7580000782012941	64.29199990481133	71.61999990463252
83.70400061607354	64.42600015163424	63.9919998884201
38.46800011634832	59.681999945640534	69.84400009512896
97.54200001120572	57.6880002629757	67.27200003504745
1.7200000572204586	61.054000124931356	69.55200027704247
81.12000076770784	58.6140000224114	66.30199992179867
-0.02399991989135581	71.31400008678428	72.7660000252724
17.884000082015998	68.6720002698898	79.3059997892379
1.444000005722044	64.74800013616682	81.83000018596636
21.288000059127818	59.42799990892412	72.21799998357895
4.885999984741214	77.46199973434206	78.47599983930596
82.20399858474728	59.10399991452693	265.4399984674155
121.49199965476987	80.83199998378748	73.53800001621256
85.60799970149995	71.88200013160703	68.80999976545573
39.19600017547608	59.854000029563856	67.69600022315974
52.2060000371933	71.45999981403351	93.20800003767022
16.460000123977657	63.17799999713897	72.56800017356873
0.10400003433227613	63.634000014066686	73.00599970519546
-0.19800001144409135	72.49599986374383	70.51799993038178
2.2359999847412095	58.28000009417535	79.94200015068057
136.35400060653694	118.61600072935217	66.60000021934508
92.50800054550167	67.64399980425839	67.00199986606836
96.15399998664857	62.727999867349844	65.45999987363813
236.31399793624863	60.68800015211106	70.66000003337864
56.42000055789949	62.511999864578264	67.52000002145762
105.78599997520446	70.70200005695226	65.99200002193457
40.74199964523313	57.070000129938144	77.26200046300887
1.6020000171661393	59.64400010943408	69.68399987697606
74.51199994564048	57.6700000786781	66.54599996566773
0.4500000476837144	64.06400004416703	76.55800011396404
44.3480002307892	65.50199989795688	73.29600009918212
181.9479990029335	68.08599975198501	68.38600022673607
37.865999994277956	68.99199987411492	66.95600001692765
0.5719999980926513	65.71599984452129	80.31799974441527
0.34799985885620105	62.28600006341934	82.82999996900556
0.9580000400543224	69.86799980282782	99.84800000667568
141.98599896430954	60.29000003844498	70.46600019454957
1.9179999256134028	61.72799996614458	67.520000038147
25.716000185012813	70.42799975752828	70.20200012207036
1.46400007247925	71.55400007203232	82.69599992752077
-1.1180001068115233	67.0240001726151	86.86600019276135
1.5339999103546142	61.6979998221993	79.44800006866463
0.19600006103515671	70.04800028443329	72.91199977278713
1.448000020980835	59.25800013065336	73.99800019502644
9.885999822616583	60.11399995923039	65.48400016337638
1.3720000553131122	74.81399996042246	70.34600005626675
-0.9460000038146983	85.85000026434662	79.3480003976822
29.743999719619744	63.787999968528744	75.35199991762644
0.5240000057220454	61.05000009059905	72.66200034618372
2.058000097274778	64.91200015842918	75.28199991703038
52.08399998664859	58.83800015211103	88.3900002840161
-0.8039998245239274	71.09599969744669	74.22000011920927
156.65000008583075	65.2719999110699	74.05399971544738
56.205999546051	62.788000073432876	67.82199984192842
110.78199935913082	75.0899998116493	85.27600028395656
-0.07399994850158727	60.17199995398519	70.5139998948574
1.3099999141693124	59.081999900341025	70.80399984598155
55.199999933242765	67.1980001235008	72.90199988752599
30.014000062942515	93.63400046944618	115.190000077039
-0.5940000629425066	71.81599985837931	74.26000016689298
56.69599971771243	73.57599985122674	73.90799990653998
1.9359999179840104	57.1979998517036	68.35599991321563
8.050000047683715	63.60800003409384	67.25400027841329
204.73599992752085	66.39000019848339	70.3900000548363
1.6499999332427973	62.612000219821915	70.54999984741204
256.53999802112577	70.28400037765498	68.45200008869179
24.009999999999966	63.00400005340571	70.81599999666217
-0.5200000286102306	76.54600010156634	67.78400021553043
0.023999986648558524	73.95599993467327	64.49800014972686
14.06200023651123	74.76600005194544	77.4099996966124
11.954000177383422	73.28199985146522	80.58399984836578
0.3519999885559091	64.74799990594384	70.90800019741059
2.484000158309936	62.90599985599515	66.69800016403195
271.6319982206821	62.407999963760396	73.2080000734329
0.41800005912780636	65.74799991130834	78.05999987125398
0.7159999465942392	76.47600026458494	84.51999990880486
51.2200000905991	69.9379997229576	72.48199959039682
1.1840000629425045	64.6959997367859	72.06200011253358
43.27999989509583	62.540000102519954	68.64000008821496
148.50199999809257	58.92200012385847	70.56800018787379
0.6000000667572013	61.15400007769464	65.08599989175792
15.20200014114381	58.84199981853364	81.79799991607663
0.14999995231628283	57.441999928355244	79.2900000599026
20.492000207901	69.29199977636337	80.2679999776185
18.939999914169306	68.4460001842677	64.92000005245205
0.47400006294250363	62.54599993586544	62.36400010198356
8.864000034332271	78.94000010132788	71.03599972292777
153.86599859714502	57.44600003719322	69.15600004553795
0.12000003814697202	63.5879999780655	84.24400039777159
18.17199980735779	81.2180000476539	70.26800015449527
171.2420004677773	62.01200010448699	72.13200008198615
1.9159999847412095	60.97800018623469	76.30600012779237
-0.6580000400543202	60.00600013971327	69.4560001468658
38.40600012779232	59.84999993562698	66.41000009536741
58.9420003700256	62.17000014305106	87.73800013065342
265.9239976692202	63.01999978542329	66.90799985885624
61.87199993133541	68.75200004339221	75.47400006771082
-0.21199995040893535	68.27200016200544	83.10200001955032
17.58199987411501	73.93400005817405	68.94800021380186
56.67400025844574	58.32000010043378	93.41999977827078
4.756000080108646	62.40599999427798	71.0340000414848
29.61800050735472	56.26200004577636	68.86199987411503
27.615999712944035	63.31199978768828	73.64000013634565
28.25200024127959	63.813999979496046	76.51799956977374
44.55799987792967	76.58399981021878	72.8480000185967
-1.6079999446868896	71.92000016450879	72.79800004005428
0.5700000858306882	64.8880001543462	68.90399994090198
119.05599990129463	66.45600019767878	67.83999994754787
42.059999904632605	66.81999987304206	67.36400004386905
1.3920000457763675	61.790000021457644	69.40200016736983
81.56199909210208	65.61600007295611	65.22600011765958
0.8199999904632558	67.72600015163417	81.78000011205683
0.31600011825561536	57.39199973106387	68.09400022983554
1.5879998588562	63.37800004243847	77.49800002336501
22.64200026512147	57.85600011825565	72.96999985694882
18.39799971580505	63.70399992465972	71.91400012493133
1.834000053405762	64.42599995613094	76.08200002670287
15.000000162124635	66.04800007402892	66.51800008535385
9.959999876022332	58.36199977755548	78.49400003910067
17.128000106811516	64.23200026512148	71.64799994945524
34.25599987506867	66.70200017452242	96.17000003457076
224.53199792861932	61.68799999237059	71.82000012874606
21.41600009918213	89.36800000905998	68.58800004243855
74.31799983024592	81.61200023934241	68.70600001811982
0.6519999027252202	65.54199996113773	61.88800018310547
93.11199905395503	65.15800036191932	71.4459999775887
211.0800009202957	67.93999994397159	75.02000008344646
-0.11999993324279676	59.81999984741208	68.84400004178285
0.4319999313354477	89.94399994373323	169.99799903109675
46.378000020980835	78.67799953281876	100.00800006076692
0.5140001106262219	63.557999792694986	68.43799986839291
89.96599994659427	63.0800002074242	63.92800007820126
6.110000038146973	80.55199965775012	72.0759999573231
103.57200042724608	61.55600006103518	95.58199963569649
208.92199986457834	59.01599995672698	72.42400023937226
17.921999835968023	68.42600023180252	74.99999965310101
121.46199965387581	65.4400001120567	67.97200004100799
51.206000270843525	60.66800004228952	81.46200000166893
287.54799834966695	61.65600009202958	76.93400002479548
11.990000076293953	68.48200004339218	82.3240002782643
107.83200031280515	61.52999992609027	82.1700005519391
9.238000164031982	60.460000051558055	69.79000006318087
0.8600000667572016	68.86600019454957	73.00599977970123
89.31599993228917	76.31999989032745	75.98400000810626
20.304000310897816	60.99400016218426	68.28200009584413
117.73599906444538	63.36999983310698	71.16599983334538
1.2799998664855958	73.65599955320359	78.54999990344047
1.0400000381469725	66.5560001468658	90.3120000863076
74.52200008392339	63.810000074505716	71.12199995040895
32.67800024986267	59.98800000369545	92.49800048828128
34.288000011444055	61.246000004410696	72.77399988174439
0.5079999542236335	63.13800017714498	107.54000014305122
74.88800022125253	58.760000102519975	98.1579998761415
12.792000217437751	67.48399964809418	73.91399979114532
101.16600026130668	60.92599989503621	68.28599996685978
0.6979999923706056	64.24000017493964	68.7380002260208
118.13800008773795	84.29999989747995	72.88600011706356
0.7499999904632586	64.01800008416171	90.70799995988605
-0.2219999408721928	82.54600025176997	66.94999994754791
-0.4640000438690179	70.22200002908703	62.026000010967216
13.962000093460084	76.30200023412698	68.20800011277201
44.344000644683895	63.57000017404557	92.39399945735939
33.280000247955336	58.61200013160708	77.520000371933
111.55599950790409	63.97400001198054	73.12400007218123
90.39399961471558	59.93600010275841	72.88600010335445
33.270000152587876	64.91199978828429	71.98600007772441
11.557999887466426	65.14000007152558	63.18599989414214
27.34000027656555	56.24000011205675	74.0339996635914
16.49400008201598	63.47400002002717	69.47600013613703
-0.06599995613098276	61.18200002193452	93.44400059401997
77.92800039291382	61.524000207483795	71.2620001423359
29.28799980163575	64.71199998140337	73.27999989509581
0.7119999027252211	61.289999969005606	68.72600017547602
31.88599964141847	64.70599995970726	76.15599997043608
108.50800016045571	58.31799992322921	66.98200005531307
55.16999991416931	78.40400021791459	72.93799986481662
0.3719998550415036	76.57600020885468	79.01599996566769
6.41599987983704	61.15400000929826	73.34199994564052
-0.33999986648559655	61.63000002622602	80.71000019550331
133.45199987411507	60.66600025281308	68.15399997472761
93.7679991233349	62.65200003147121	83.19400008797642
126.550000591278	58.68999992847444	61.80000009536741
0.8480000591278061	62.15999999523164	70.90400024890901
25.72799982070924	66.85200001358982	69.54799983501435
24.519999980926514	67.98000012040134	68.67799999356266
0.5579998874664296	64.85400020360947	78.52999994754782
188.20799986884006	64.44400009989738	67.87400003433235
0.796000003814695	66.1500001502037	65.5119999122619
1.0320000839233405	68.29600024819375	82.96200027704238
2.3039998912811286	70.3479998779297	65.8180000269413
97.35000020027164	60.979999828338606	68.3580001926422
298.52399714469914	240.60399817511427	221.88599957585336
105.02200008392336	66.11400006771088	89.16200024843215
13.026000077724472	63.318000136613826	66.9060002040863
14.398000049591065	62.93200014829638	73.47400018692008
237.6179985427856	64.49600006103512	72.14999999672175
-1.483999872207643	57.093999981284156	71.50399985313418
144.77599954485885	70.86999991089105	70.18999994039534
0.32200004577636754	70.29000008106235	81.43199979305255
-0.1899998950958261	68.36000002145768	68.51200026512149
77.4380000209808	62.849999949932105	78.19600002765661
2.0020000076293942	66.15599998548629	77.71199973106391
2.1780000686645518	63.276000092029534	72.95400012403732
53.43600055217742	82.91600057885054	67.65200006246569
13.979999971389761	92.6439996013046	69.56399997353557
41.05999996662143	63.51199962139129	87.40399981498712
1.758000011444092	66.45199995994571	66.91000002861017
2.0860000038146964	70.27799994707102	81.4159999656677
-0.6319999790191654	58.36799993038174	76.2760001841187
0.10999998092651223	72.30200002431857	68.41999979019161
15.983999843597418	63.42199981629848	94.09600033372647
43.40999996185304	78.67199986457818	65.13399987220767
1.1860000324249256	66.90199997127058	76.10200010105969
48.83799986839295	76.29400028184055	74.59800012439494
282.6339989948272	105.93600007459507	183.4799989783762
1.4020000648498552	75.4420001082122	69.85800013065345
442.7219947624207	65.67799974024298	73.90599997475744
28.448000001907335	72.0779997730255	66.63400025963782
30.723999862670922	67.13399988770485	71.45000011444088
29.74399981498719	64.64999993652098	101.69600017070759
131.51400074958798	60.77199997901913	72.24000017642973
33.540000019073524	57.67600007236002	64.79000009536745
153.22799887657158	93.45200003266332	73.17200013041494
118.04799946427345	72.79199977576734	79.43599977970118
1.5560000801086422	70.98200006008148	90.14200024008747
1.2520000743865953	72.52800012692806	68.25000010877841
0.5680001163482673	76.09800017654896	96.97199941575526
1.1799998950958241	66.86800000667567	65.63400015354156
91.9679989433289	60.733999914228924	70.54999987512822
102.0060002231598	81.18799995422364	75.72199986010786
1.059999895095827	62.04600012302398	81.42600023746492
104.6000004816056	64.78599996984	69.5660002994537
18.542000036239628	64.29999997436997	74.81799998998648
289.11599741697296	85.55000009894373	70.2819999980927
3.2239999198913534	64.83400002360345	76.08599995136261
0.5360000324249254	75.26199966788292	133.31399993717673
136.77199899673457	61.32000001341105	66.24000006675723
0.36799997329711814	60.14799996137626	80.34400024175652
-0.38399996757507243	69.1500004163384	66.76199987888332
125.35999965667727	60.05000006318093	69.8899999547005
21.973999881744387	58.77399989366533	78.77999950408937
162.3179993534089	62.32399997711176	79.6400000143051
176.73199935674674	63.66399999141691	88.06799999117844
146.14399856567397	65.43800004243845	75.47000004053116
89.3059996891022	63.018000147342704	68.50000009655955
179.4079994606972	62.24200015902518	66.76000002384188
0.07999996185302836	64.29200004994873	68.31800020933153
345.24199782371517	71.60199996232991	66.2300000667572
233.40999895572668	60.61999995112419	92.61600010871881
82.26000030517598	61.0340000677109	66.00199994564059
0.5160000801086408	61.68000007137652	76.41600001335144
24.288000097274768	87.17800002336494	66.71399976491924
0.14599989891052256	56.526000087559225	70.59800000101328
44.66800024032595	60.78200003445147	69.9800002098083
0.25399990081787094	62.708000125289004	56.641999997496555
92.70599982261668	83.06799982070913	82.7960001182556
19.523999986648576	89.9159996443986	75.82800013780599
45.5079996395111	80.50999996900553	75.52600008413198
-0.5360000705718989	56.31799986600878	63.26000013828278
4.319999990463255	61.02400010526183	69.02399990081791
77.89600003242495	73.42999970436094	171.44599874734897
1.0880000686645492	59.501999939680076	68.97600010216226
74.17000016212465	66.98199995994568	80.491999861002
151.2900011062623	67.60199978947638	75.48000007152561
70.50400015830996	61.219999939203234	67.4020001327991
0.7440001106262204	216.6579989168047	157.11999944135528
109.19399895817044	62.663999931812256	66.71799998998635
39.46000012397768	62.98399996042248	66.57200005054472
33.75000018119811	61.052000017166186	73.71799981951706
16.378000078201296	60.355999963581596	67.85799983024594
34.32599981784825	57.79600005090237	72.17399990081778
39.90800002098085	59.94400008201594	70.5620000743866
52.359999885559105	70.61199993610379	74.16800009250645
0.08600010871887198	58.859999763965625	63.34800009727477
136.39000016927713	65.6419999358058	68.7099998283385
34.245999994277945	64.76600005581979	62.736000123023956
0.2520001029968272	58.77600008085364	73.3100000405311
0.4520001029968278	70.91999995633957	93.38999965399505
-0.326000099182129	58.86599985957145	99.60599991559977
5.489999818801883	83.46600018858906	79.13800003290184
-0.41399992942809977	62.959999976158166	88.4179996299744
0.21599984169006406	65.95400015830994	63.36199995368723
90.38599929809563	63.166000061035135	75.53200018644323
34.46000022888186	67.76399976596234	77.31000005245198
12.649999971389777	86.15600038975482	89.38199990004301
6.942000017166141	66.53799981042741	76.7580000185966
26.657999968528735	78.3759998351336	93.89600029706966
35.15799989700315	65.81200008705257	74.36400024190542
0.7679999732971198	77.88200023055072	70.5260000514984
249.38599945425986	66.17800019979477	70.57999995231634
71.2679996013642	65.93600011110298	72.10200011491764
140.4839987468719	57.734000090956656	71.99399999916552
120.80599972724923	64.16399999767545	70.24599982261662
104.63399939537047	70.06200025916091	71.33799966335299
0.11800007820129337	64.38800014495853	74.67200003892182
95.90599993705747	63.231999878585334	69.9100000229478
0.3479999256134041	67.71599977493284	102.36599959701289
0.1820001506805409	60.77200011014945	79.80000050008302
8.469999961853029	62.599999919533744	82.52399983167646
108.32799958586695	143.0239996269346	126.82200100332494
71.86600002765655	63.3320001375676	83.56399969577784
76.40999964714052	62.096000070124866	80.74600037097929
19.94600003242493	66.58400004342197	81.18200010001668
78.38000050544744	60.31199973940846	70.30400013446804
1.3779998779296867	78.06600023984915	92.35400022551431
48.372000050544735	65.83399992346757	105.67200004100809
9.061999988555897	58.390000000596004	68.19400003433226
128.35200022757041	66.30199995115402	74.89800026774408
140.57999992132193	59.78999999523163	69.93999980151655
-0.26399997711181616	61.5240001329779	117.23199991464622
96.75399965286253	63.511999990344044	69.27200010538107
116.69399924755096	59.300000026822055	67.54200021386148
-0.2300000095367422	60.32800018742675	68.75800007343288
1.7659999275207512	64.02799987912167	65.54800003051754
53.24999958992004	67.34799988031388	71.49599980920553
122.73599891662602	68.67599994093175	68.31400004386899
0.7179999732971195	64.67800012588498	74.13600018262866
13.912000293731687	71.30599992275232	67.55199984699492
1.1319999313354492	64.04800040423873	74.54200022891166
-1.4320001602172856	67.76400001615286	77.57999993443491
1.420000057220457	78.31600024014705	89.1780001664162
90.51800070762629	71.25400029718871	85.45599974632259
0.48800004005432174	95.75199968516829	87.09199968338001
134.24999958753565	57.667999911308314	68.88200023651117
86.65999948501586	106.41199926301842	69.86999993801118
34.16599991798399	64.03000004768373	76.3280000984668
109.59799973487853	93.94999939575791	64.40600008964536
60.33600023269653	100.41999952793137	123.86199975967409
-0.1939999675750744	61.094000000953656	67.56199983596797
0.8620001316070559	68.49400003314015	70.5440001054108
0.5620000362396225	63.1099999600649	134.70400025159134
13.892000050544732	52.12199995994563	64.86799990653988
0.3240001583099375	98.65600005894893	72.12000015258788
28.899999904632566	66.48600020915268	72.6000000238418
2.7740000057220473	80.30600001990801	106.71800011634828
-0.7159999561309813	66.8160000193119	77.33999990463259
0.19799994468689047	59.29199999332427	69.52799980401993
1.9499999332427962	57.616000062227286	85.15800026655194
0.6219999885559081	63.719999811649316	77.75999981403346
5.473999996185304	66.64000011473892	66.0560001444817
18.890000286102286	141.59799936532974	120.97200029373167
95.56799987792972	58.77199985265731	64.82200007915499
0.021999979019166664	65.55400014281278	67.29600008249281
8.23600016593933	75.00399966955187	72.68399993062023
1971.9359755516052	53.43199982434517	50.17999986886979
1.9100001144409187	81.17200007319448	74.895999970436
52.560000123977645	59.26600004985927	70.02400014400477
9.942000093460086	58.66000026941294	69.09600008726112
134.98199985980983	67.73200020790095	87.31199998512864
31.34400001049043	67.75600004121661	71.07799982786179
1971.6479754829381	54.47399942398068	50.955999286621804
1.6719999408721928	62.977999815940855	89.94600004911412
137.8959997749329	63.210000042915375	66.07200016975403
37.55999974250794	65.6020002841949	82.19800014734261
32.82599999427796	61.10199988245961	70.22799997210502
120.3039998829365	62.01599982976911	69.1160001134873
24.99599989891052	63.7020001669228	84.47600052833556
1.872000074386596	63.087999771833374	90.3419999945164
1.56200011253357	60.551999936103826	71.71599994182586
22.610000152587897	72.58000004172321	88.41200014591216
17.0680001449585	74.8460002183914	70.11400004386901
0.4179998970031744	66.1280001203716	81.16999988555911
62.60799967765808	64.93200013160707	87.62000015258785
39.52800018310547	100.74800019934771	86.33000042915347
0.31600006103515654	58.12400005221367	70.41400010585784
74.0859996688366	67.56199997857212	65.9400000882149
49.75599975585935	63.37599986940625	136.07199989587062
1.8620000171661362	74.15199987888339	79.78799984931949
8.757999801635732	64.43799983501428	72.13799983024595
1.4100000000000008	58.80600002050398	72.43200009822851
50.320000181198125	63.25600002527233	65.48399994969373
53.23800028324124	83.44199950695034	74.25600002765643
-0.36799994468689146	65.7480004024506	75.76999992713333
1.740000104904175	66.8700001430511	80.28599996805188
18.413999910354608	64.93799989223483	79.03799984931942
-0.0020000743865954025	59.61199985682966	81.36999995991582
53.920000271797214	59.7179999876022	66.05200007200237
0.8599999904632557	67.55600012302396	73.72600015521053
184.09800013065333	65.61600010126828	74.1600000429154
0.675999927520752	66.95400003358722	64.21200007200247
205.71199947357186	63.2600000730157	66.74200001657006
-0.7000000286102314	62.16999986469745	68.98199997186664
41.32000021934507	69.43800044476983	75.96199998855596
-1.4620000171661367	58.37599995136266	71.44399997234343
-0.7260000514984137	66.10400003314018	75.76599990606304
287.0039980792999	69.08200034737588	69.84399998068814
44.7259997463227	63.82800010561946	73.37799994468676
41.19799977302554	58.724000295400614	70.9400002008676
-0.07800004005431992	72.18000007629395	65.21400015354153
0.7759999275207528	62.6320000846684	75.01599976018072
26.908000078201304	57.84400002181524	71.50600010395058
0.6640000343322745	62.25799980103966	73.95600008964546
-0.46200000762939564	63.294000004529934	72.66000015020374
-0.6939999771118173	84.92800027161827	121.1020004498959
183.95399867683665	69.14000015497207	76.89400032043464
45.50600008010867	68.77399977207183	78.228000048995
16.784000139236447	62.35199968159202	67.72200020790096
61.52600066185	67.91800008088352	66.07799977302547
55.42999994754793	60.047999973297145	85.97200046375394
44.68399978637694	62.21399996921421	68.19400000333786
204.97999840661876	65.86800003468994	84.39200052112334
290.3319988060002	72.12399994373321	69.88800000190736
64.65800118923183	58.50799992263316	70.7379999125004
7.658000097274778	60.72400006845587	72.2500000190735
96.09600066185001	165.01999978646626	74.82200014531611
1.2220000267028819	66.147999997139	69.76800006985668
40.81800009727479	59.90400010734795	68.68400000095363
2.471999912261961	65.30399989306925	73.9680003452301
1.1680000877380352	73.32600007057192	73.22599986433984
0.051999912261961705	68.74800000667575	69.02400000095362
-0.719999961853027	63.310000055432276	64.81000002861022
15.554000120162973	62.059999763965536	84.70400002196433
3.658000202178954	64.02199997931723	72.05399976253507
38.93000006675718	61.989999897479954	109.92599945709105
21.24600004196167	67.93799980282786	73.8520001554489
43.994000129699664	69.13600017845624	88.01399996757496
0.1800000190734847	96.73199947923418	63.61400024414066
58.63799987554553	66.00200004681945	68.77199987411504
133.1719997048377	60.39599983453745	71.79399975180623
23.269999866485584	77.15199966698886	70.85400007009505
2.8220000362396274	65.61200016051538	66.13000015258783
57.79199995279311	62.932000191062706	68.37799990177149
71.31399964332589	64.81600025743249	118.40999998092653
14.266000003814701	58.4899998784065	73.88800005942589
61.61599996566782	67.2600001049042	68.71400015830989
21.626000108718866	59.726000097989996	67.25200014516709
7.192000064849855	62.22199990749358	64.9700001296401
157.15799921035764	69.64399983763697	75.52400009632107
1.753999977111814	65.36800004959107	90.7000001883506
93.20200057983398	58.69400006473064	67.8160001540184
21.559999914169325	66.28400002956393	82.87000011444093
225.46199890136728	68.65800026297566	85.12800018906586
1.3940000438690174	68.7500000280142	67.50400011062621
88.86599966049195	62.17600000023845	75.00999983310697
384.1899964904786	63.816000002622594	99.50399976253505
145.74800074100497	64.25400030910971	68.66399987459182
12.229999980926511	64.45600001335144	85.60999972581858
0.4719999694824226	59.05800010085107	69.1759999132156
0.1719999694824213	62.6999999833107	66.67200016021725
0.187999992370604	65.45600009799003	81.38400002241144
-0.46800002098083643	64.44400003775952	77.69999999672177
1.7960001277923592	85.77600007370114	69.23599969312548
40.18200013637545	70.23399989366528	65.51000002861012
0.5400000286102303	67.98399987936018	90.31600049972535
67.53400011301049	67.59800002247098	64.56200006484987
4.636000051498409	65.45599990725525	74.43799973487852
1.0879998016357433	65.41999992012978	75.88399985209104
1.4599999141693114	68.28199987083671	70.71800012826915
0.7820000076293945	65.35400016307827	66.50200010299677
1.6360000324249249	73.19599989354607	70.6459999203682
36.101999728679715	63.687999849319446	77.80800004482268
0.9800000000000011	60.114000060707326	72.36400009393692
92.45000008583068	63.90400015190238	70.94200004339217
16.696000022888192	106.66000014424328	77.56200009822848
127.59199953243143	59.927999920844975	74.54400009632117
25.644000244140635	64.44199983358386	70.38399997711181
25.493999996185302	69.07600027322769	71.93600016593935
84.33999973297124	60.665999991893784	68.74399992465972
-0.5279999923706042	61.5480000114441	72.38800021171575
1.0400000476837143	60.09199987053869	81.67399981975551
15.470000238418576	64.77000004932283	70.10599981069564
9.387999801635745	66.60400023460387	71.17800008341669
62.808000154495254	58.03200007200239	65.87800009727474
134.20599922180182	75.70800027415152	70.21599993109706
1.3400001049041759	62.53799998566504	75.36199995800855
19.088000183105475	63.814000191688514	68.67599985122676
0.9860000133514424	74.85600002348421	117.3020010346174
12.442000169754031	79.09799976348876	74.69200004488233
0.3180000305175767	67.73399994254112	64.21999993324275
-0.1839999866485581	70.53000024110075	75.72800009608271
138.3720007419587	69.2039998829365	71.45400006055829
1.7800001621246342	62.194000047445286	71.19800016403198
17.469999866485587	56.01200003325941	66.28600008249282
27.36999987602235	56.90400004982949	66.2920003080368
16.361999921798716	63.048000011444046	80.28800007343303
1.2860000038146975	62.26800002336505	69.70800004005426
21.972000179290767	62.858000051081135	75.96400011062616
70.67799976348876	61.97600004985932	68.61799997568131
0.9480001354217517	68.00200008869166	72.09200020790098
18.648000268936148	62.48799984693522	69.24800020217891
19.98800001621246	65.35200002908707	72.87600039124494
134.40400002479547	122.40400087147952	94.7280001211167
0.2780000114440932	69.43399987459183	79.29800034880637
44.893999991416955	62.52200009942047	74.69399998188017
122.13599968910215	93.97399990767244	74.28599974751465
91.79600044250492	64.41400004237889	68.35800010681155
51.99600016593929	59.36399995326993	70.04999986797574
33.28000033378598	67.84799999400973	69.25800006479031
68.98200002670285	59.43000004172322	69.83400012731552
2.5519999504089355	64.67999978661537	72.15400020271534
7.268000144958495	85.43800008505582	72.56999964267008
4.9560000228881815	61.017999768257155	66.9560003471374
447.7819983196261	66.87799988389023	71.50599985122682
60.71799963951108	62.148000023365	77.50400005340576
79.13000039100648	72.35000001788138	74.2939998936654
26.018000001907343	65.40999990701675	66.5639999496937
3.4640000534057602	65.71799975633623	70.03800006508826
224.94999931633478	62.31800006270414	71.3799998962879
1.1479999732971178	60.77399995923036	85.58799993038177
27.44399996757509	69.058000023812	70.90800023555754
0.4179999923706064	78.38200010061257	81.12800009250631
0.18199991226196438	64.00000018119813	68.8980000886321
175.69199944496165	57.94599997356537	69.76000022172927
57.49599988698959	65.54199975013732	81.97399996280672
1.67200001716614	62.44000014305121	69.69799987792972
109.02799978256223	62.27200012445446	66.29800018191335
22.04600000381468	60.61999980568884	64.3180001115799
32.46599948883058	73.47000014126299	66.16399992942814
47.988000135421764	63.27599994838241	75.978000101447
0.6900000095367443	77.99400024175632	78.01000023603439
19.222000017166163	60.97999976158135	70.61000006526712
57.775999591350576	60.5400003486872	69.05800035357478
13.242000093460089	66.26999991178499	64.73399993419642
7.796000080108644	67.66799996614452	69.51800008773805
0.0760000705718981	64.89800021007657	60.91200011372565
152.0319990424812	65.2639999854565	81.4059999918938
17.106000299453733	58.88200005888939	67.24800007164478
0.5680000400543201	113.68200021460652	89.22799988269811
23.11600005149841	61.83799995809791	76.66200002476572
1.9460001277923578	63.086000120639795	69.31599999427792
2.210000047683713	66.786000059247	87.96000019460922
52.02799985885617	70.55400027036664	71.27400008559226
18.106000108718877	65.970000026226	68.96600000381468
36.05800011634826	60.9259999883175	81.74199986457825
29.32399984836581	84.21399972736835	73.33399997711184
-0.23799997329711978	80.39000020682806	134.5580000829696
32.21000023841861	65.24200014173978	66.43000017404559
0.46999990463256663	67.85599977776404	93.567999869287
0.9639999294281021	56.937999961376164	72.27199997961512
70.03800087928765	70.08800001502034	94.35200007438668
35.62199996948242	72.87600014656783	67.62800008535388
0.6280000209808339	75.73800011202691	76.10600044727319
0.6439999675750719	78.2539995963872	76.11000011801714
55.118000011444096	60.55999994754788	67.69399999618527
0.8400000190734859	66.68400015354156	76.00399997234342
187.67799878954895	63.779999828338624	66.40400010108945
1.3739999961853042	63.36199989974488	63.67800003051757
0.8139999866485598	56.96599979683753	69.75200003147128
57.84999997138975	61.312000031471285	75.48799998700616
46.35800019264218	78.22599987268451	76.84399991512299
10.389999952316291	63.54000017732381	66.54400007724765
56.13999947547914	56.79199998974794	90.63600029379128
116.47599971175184	58.53199975013739	86.91000024318697
421.55199634313584	60.26400005578992	75.72200013160703
