18.882159629058837	70.00599999427796	83.16799969792369
8.105679582977293	102.50800060987467	71.50600021436806
27.31976014766697	61.37600012898443	64.07999980449675
12.574560342407201	63.72600015163425	63.71400007486345
19.826239753341667	56.20600002676247	61.822000033855446
17.830319893646234	59.79400003388521	76.49399995088574
16.210959915161162	77.86799964606756	66.41599987506864
3.6096800285339294	54.71400004073978	59.81400008201596
-0.47679990272521616	65.94400012567642	66.56000036239627
16.732000439453138	68.00399999454612	66.35200007438662
2.4491198371887206	72.16000000715249	63.27400019168854
40.59263991832732	64.03800017833714	84.84199972629551
83.02008011722565	63.71599993035199	67.84799993753441
-0.09935952262878356	82.07599971532808	64.1119999599457
21.58088024940491	66.8119995450974	69.61399982079855
46.04623986358641	70.54999992489812	63.06600013256076
6.605439397811898	74.58799989223478	72.36599977999914
3.3857603187561094	59.88800015091891	68.53600003004071
10.41776003570556	64.24200003385543	82.7540001282095
14.568799898910548	72.41200011730191	77.67799969792364
50.118880183792186	65.6279999768733	66.69600004434585
62.070320425987184	69.64799963667983	67.6320001327991
41.35672038574217	59.193999959230446	71.54800010204319
57.303519436264	59.85000002384188	78.93000015765433
5.23912008399964	60.1079999685288	128.68400001958005
4.7794404048919805	64.82399989992383	82.99600013732902
45.32951929988865	57.16199987918137	100.89000018596646
1.7904802715301589	58.17800012677912	75.65399972438809
32.19624019107819	88.86799993768328	75.70999968290329
25.67967931251527	66.6200001597404	64.55999990373853
4.484479685592647	66.12599986672402	64.30200023412705
8.893680166244508	59.03199988126761	71.70599997669457
7.618320116806028	59.09000014662743	74.29399997234343
0.21191999511718707	61.84199995219708	63.15200004383923
14.528880006408691	57.129999961853066	65.08999987840657
204.23815826287287	74.98000027656553	88.22800052002071
1.2426401992797769	65.10599993139502	59.81599989056587
74.76520025482175	59.910000081062286	67.84000014901159
6.6711196884155335	72.88800010204311	66.91199977040289
27.610079795837425	60.485999803543066	62.01399993032214
17.177520018005403	93.0419998055697	62.76600014686587
65.71760017280572	68.67400010108948	77.62400014519687
36.237120048522925	64.45200008273123	67.6419999480247
32.213360638809235	93.6539999827743	66.19600007414812
23.680400549316374	62.111999899148955	65.82199982225895
5.521280097579953	83.98000025749207	77.46800021648401
13.032479795646651	65.42199969649313	65.12799991965294
18.04648029518127	62.47200019076463	79.51400002121922
94.57367972640975	66.50799991607657	73.0099998001754
43.88887861289976	69.20999997138979	67.26399996578687
7.372480004882827	78.69999986886965	81.81599976167088
11.407999838447557	82.3159997805953	81.4440003871917
0.9312000326156706	61.00800009071827	71.81799990698686
15.90776008949282	62.37200011968608	66.73999999999995
1.486079444885257	114.40599942252035	68.87799982935188
37.98911995773316	106.00600031018249	70.13800002813333
10.214799873733519	81.04400010108952	86.07799974679955
6.4542402271270936	67.11200021743777	80.81800013750791
107.98807994232183	72.84399983689175	78.6620000457764
4.173519933319099	57.45199991747739	151.6459992063045
25.697599841308556	59.246000001430545	86.7340002566576
7.288239601898204	52.67400011777884	64.6640001559257
114.16304063110373	58.67199997663502	66.69600003391498
42.06927960166935	60.15799989938735	62.69199990034107
2.4279201671600275	71.13800012901415	62.51400008976462
25.875279898071298	64.96800014108416	101.45199973344798
5.502480603790276	69.32000000715252	68.45400010496378
7.40200015830994	62.5360002195835	67.10399976849554
7.373360223007193	61.78000014439225	67.33999994993212
4.443919932174683	59.34599991500378	81.85599962413319
17.9749601409912	57.217999961376144	96.5219996257126
23.191280223083474	58.58799972772601	118.69999996900546
91.35503958687784	59.02799993544821	66.11800028800965
62.56280062103275	73.58599960207935	159.20800002053372
9.1239999671936	75.33799994945532	74.65599998265502
12.978000658035281	68.52799961328502	78.75000025555487
13.221920245361318	61.216000012457414	87.87600003451116
27.05999971351623	56.231999957561506	68.52000024795522
1.422160018539434	77.5919996243715	71.79600006580348
4.222240172958376	64.4580000388622	67.8339999771118
4.52064000892638	58.06999998524783	68.07399998962879
6.330800313568113	68.68200035572052	73.04200018450614
-13.610960071182284	72.42199993163351	141.2259997284412
3.157120126724238	72.25199992820616	73.84000013709064
11.309599919891346	63.89199981033798	61.97399997711177
0.7723210514068516	61.941999996155474	63.36800020217903
40.130640083122245	60.45600015401838	64.07800010204318
12.846239901733426	81.49200002491463	62.66799998044968
17.71816011734009	79.36000015884635	120.11799984142193
0.781200336837775	63.20999998629095	65.33400012969972
160.8329594171527	62.489999971389736	66.92800013542177
8.467440295791615	71.2380000758171	72.98799997329716
16.616159979629522	89.64000025331971	64.18999964714044
2.485839879608157	54.56600012823944	74.12799982368944
62.59599969043735	68.69599986433977	63.75400008976461
2.181200430679329	60.348000019788735	88.0420000588894
219.8042396265032	72.12199966907501	65.05799997806545
22.531760137176455	60.98999985575674	66.30399995803835
6.857839343643195	72.39599986374373	92.51200048923499
3.1320802314758316	65.57799983128905	95.36200003102422
3.856559848403923	92.6399995058775	66.02999998092649
1.9216801334381135	64.51799971342089	63.469999849796274
1.6004000003814687	74.53200020954012	61.906000061035115
22.299040363693223	59.445999834537474	68.86799987554552
87.37207950878134	58.60599982619285	76.64799999386071
64.3356801998138	79.09399985089888	67.98599987506864
18.93192020053866	67.9680001997948	104.15599926233288
5.0783998863220114	65.22599994689226	65.66599979877466
45.15864039077768	60.35399986743927	66.59000005006783
-0.29480043487548757	80.33999984622007	85.71000045120715
1.0090401191711493	89.46599995017053	75.53799994945525
10.484079908370994	58.09800005629659	79.40000008583058
12.595440205383305	62.75199995189905	68.14400002241135
3.8230402267455954	63.91000007271765	73.32800028800963
4.734079758071903	69.35599996477363	88.21399976253512
225.2024798927308	64.94399995207789	65.38799999803301
31.571360370636	67.2419999814034	84.66600033193819
1.2351196235656776	61.71999983310699	68.09800012111667
-1.3048795513153169	68.87600003480905	71.78999994039532
2.498080020523065	61.80799975007769	63.780000282079016
25.86912005214687	59.76799991369244	63.08600005865093
14.296159978103622	68.14799989700319	67.5400001645088
-69.52871955604547	99.6920002678037	72.92800002813328
1.9281602981567452	62.114000133275994	90.82599970236417
6.766320269012452	65.30800015255808	66.44399983882907
33.543520232391344	63.356000170707745	72.96400004625325
41.59759994087218	58.62200018286707	64.85000013053413
6.709920089721662	66.32400003999464	61.80799998521804
6.831840148162845	61.597999873161314	94.56200003862382
0.5980800586700391	65.81400007009505	74.54599972367285
6.891040463256826	89.52999962866318	66.65999988377087
1.642720549774167	64.59600000262262	76.12599977493282
2.3859195674896188	59.62199986457824	106.94399980425837
3.875199620437612	58.91799987912176	73.58000013649463
-0.7518398777008037	62.294000048637415	70.10199986934664
32.02880061550143	60.200000057220535	75.56200005292884
13.574400616455081	62.6460001397133	68.41400014638901
12.356800055694587	63.678000243902176	68.77200018882749
29.45952016296392	73.52399971008303	80.4859997618198
10.862639864349358	119.3599993281066	66.70400017976758
12.906799661254867	70.77600038960577	66.22799999043346
4.260480007553108	58.53600000619887	61.47400023579597
72.90872077636718	62.636000008434046	66.40400035664439
3.593920097732549	79.1880003136396	57.87600004956129
8.6197599773407	65.90999979972841	70.30199983775613
4.574559798049926	63.653999913930846	72.9060002803802
0.22912024345397974	70.55000009119512	61.54000004097815
7.876560544967649	72.0600002795458	65.18399984419342
6.296799901962276	86.87199997469779	74.30399973452097
4.128479614639291	61.92399989366527	87.81200036168097
5.198560412216194	79.35199995100507	75.23999978452918
20.630640425491293	63.99000008463861	67.43199981093406
2.5968797828674357	69.61000033468007	76.46599991545082
9.098799711227418	72.17400027275082	87.34400029659271
14.719440256881722	68.45999987959858	69.79599985972047
6.044880413436898	54.43199991822239	62.8340001296997
16.797119639015218	59.67400020092722	66.42999994874005
29.995279310607902	79.28599975705158	75.00400029182424
16.333920171546918	62.55000002026559	72.9879999768735
7.150240259552007	58.376000013351494	89.15200015664095
40.659200061035136	76.33999989747998	64.73200004875665
18.13232009239194	71.50599993929266	73.13800015330312
4.603760964202875	58.81800009131429	71.76800010681151
40.760079963684134	60.11399992704395	64.7940002632141
49.25408023052214	63.02200014591216	68.20399994909765
22.114159838104268	60.83399981975557	66.15200000524517
94.28087957916252	60.60800016522405	69.69199985980984
4.25704038581847	69.18999994993213	77.0059997653961
4.6475202949523915	60.99399971574545	72.21800013303762
15.361840040206925	60.532000034451436	68.54999988228076
7.671040058135987	76.68399993658063	72.87600033998493
1.228480150222788	64.91800022840505	83.00799992114312
10.192399716568016	66.18199972718955	62.80999998867511
1.3166395584106423	77.82000021219262	62.08999983787535
49.69887984600067	64.0359997361898	69.41800021409992
2.289119940948495	58.72599988892672	64.53600008964533
8.674080185318013	64.76799994185568	65.22800000905985
48.56663999919899	69.41199997425075	91.14600018262873
44.8832802488328	60.17400005340572	66.00200030326842
35.40463971309659	62.86200010538103	73.52800014019017
9.425279967498804	58.47200027942655	64.7580001604557
256.80383932952884	60.464000182151764	75.74199970364569
2.5559194168090817	70.97200025036923	78.57199985742571
12.268319489288325	61.668000271320366	70.64600026130677
34.98503995590203	79.06799969434732	93.4039997452497
9.477679676055951	65.09999997615814	77.60600020691751
-2.5661600410461443	69.28399992465974	69.7260002799332
36.7639200128555	63.57200007021421	68.80799985766404
5.439679615592963	64.28399993538858	97.66600063323978
8.993359701538072	59.92399981662632	76.67600010111921
85.76263945388786	64.08599990412596	73.94400021076207
40.449440070533754	74.16199925869698	63.75800005912774
30.385600285148634	63.61600024029608	65.30799985885619
41.988080249214214	58.08200001925225	85.5420001578331
24.56303984909057	60.160000141561	68.83600026011459
-6.159201759529136	74.00399971067908	71.7499998164177
42.18615987796783	66.37400022625921	68.22400015592578
19.989999764251714	60.224000074863426	68.7679999876022
20.416159734153762	74.23200015470391	72.87600024461744
3.2205596813201933	70.12400008320812	62.06600004315376
-2.7003199893951426	63.022000102996884	67.95399997234338
0.5412799739837628	64.67400006055836	69.93199999809265
0.9885593296051045	59.18600014209752	74.99599988937378
-1.389039388275142	70.34200016543271	73.35800025701525
34.17064058837892	59.19600003004072	68.54800016283998
246.14295985660516	62.254000157862855	65.22200010418888
5.374159909057621	65.42600001692767	61.86200007438659
13.295999645996087	60.79200005650524	63.441999862194045
9.401359756469734	64.60599951028823	70.93600001335138
-25.870241249847425	59.175999793410284	70.13600019320843
-34.40255985469826	77.70800065278998	60.63199979066847
8.211840048217777	74.38599988937375	79.07200001120569
19.559199997711193	60.673999993801075	73.54599974274635
23.861840194320663	68.75199987173076	65.02400000572203
1.6817596080780104	62.561999922990815	68.0879998636245
121.97648013248455	65.41199985697868	65.38399999260899
27.780480400276186	58.246000034809114	108.63800077110523
53.31424040985105	74.61599969387048	112.71400009766212
3.679920029068003	63.23000008344659	78.54400009974832
2.2511996093749955	60.18599983215337	62.33400012493131
210.15919924130424	60.87200011253361	65.85999995231627
42.299280017089785	61.050000146627454	68.83800004482273
101.39375982880595	61.12999990701673	75.53400005221361
32.24192039890287	110.06399964392187	213.63399869799622
44.45672016677869	79.77999998480087	84.40999954342847
-0.28448015670775945	59.145999812185686	63.673999914228894
124.6420003124238	62.707999969422836	77.04800001859664
30.407359573364214	54.63800003528596	66.71999996185302
11.484320151901287	59.46600019931796	80.72999989390375
10.464639949417109	62.9800000485778	65.5540001583099
5.273360118675224	70.8660001386702	87.24199979305263
48.14144098205573	58.114000172615036	76.58800002381204
2.3891200313568137	71.76800010204317	67.2579996466636
5.208479819107059	57.88999995231632	88.05400026321406
35.23071962108614	58.962000114917785	69.92199979066845
46.25511961879736	68.14000004291542	71.67999991565947
21.996559811782838	63.748000236600696	72.0199998903274
7.599440057373047	67.63600002765654	84.51400017023077
-6.848559723281861	76.80000018835054	79.74999951988462
41.40599999237055	65.64800005197517	66.05400037288665
16.493919632720942	68.7739999079704	62.82199988365176
19.284879990005457	68.61000012397767	126.54599956989291
39.402720191574126	82.31599991083138	62.69600006103518
19.549920248031583	67.40399997711178	63.728000034540905
2.870239816665655	73.65600000187763	72.20599960327162
2.5771202049255417	83.87600028455252	61.69399979114541
2.7679196598053015	56.38600001037122	65.33200007915495
3.3699194793701097	91.11400005549191	73.51600010454648
3.140559983825676	60.71999977469443	65.10000008940696
5.298160016250604	56.816000190377295	65.09199997335674
3.089519495010366	76.15400026082987	72.70000006869438
7.1180801033019945	61.51800020337106	67.78599973559379
8.545359840011587	71.02400002300728	60.92600003242494
8.473599667167658	63.809999806881	61.603999995291225
42.02815948753349	61.49400027155877	68.76200004905459
47.55336005744932	64.21600004196169	66.3559999847412
7.979840031051664	74.6899999821186	61.99799996376032
22.492320417022714	70.45199990510943	67.37599990308281
54.42319972991945	59.634000096321095	64.83799994468684
6.886639991378781	112.16399954617013	93.01799985289563
1.0283203678131028	69.46200030565258	91.87399983793492
19.046319914817825	58.61600004792218	64.5200001686811
26.871519755935655	61.55399986386296	64.33199992343785
6.016159686279306	88.19400055289262	90.47000006079683
10.655520447349582	70.47799993276598	90.09999985218049
17.102960125732455	75.11199997842303	71.6460001119971
83.16848128118515	58.861999902725245	64.59000011920926
9.185760210037234	60.756000158786755	68.00200025558463
45.13871997451788	95.92199939548969	68.9100000762939
-0.8116798748016283	70.08399983167648	67.45600017786023
31.95415975303652	62.849999934434884	71.44799996018403
69.65863972854622	68.41200006067749	77.6299996709824
86.64280047264114	66.96800033882258	72.62599965095522
3.7396801658630263	76.21599982157349	71.17799989223484
22.835360282135014	57.942000029087104	67.84199991226194
13.056239661788931	59.43199996709825	95.45199982881552
5.8892004325866685	67.94999999165532	64.53400009155274
1.053839975738519	70.4880000197887	80.5899999070167
3.7752002750396816	79.56400014162053	67.48200007438662
3.5890404373168883	151.6279990516604	64.79800015017388
19.215280365753173	90.2719999790192	65.13400001049037
16.790000163841256	86.02800015449525	66.87799995690584
44.62984038639064	64.46800015449523	66.4600000190735
7.2405601894378755	64.69599980205295	65.07999990150338
16.821039535903957	78.0159999501705	62.48799996450543
73.66872001037603	67.98200009107597	64.17000018119815
52.16808063392643	65.08399995684624	60.99800020620222
74.42367998657213	92.45200013637546	69.83600059866907
11.861839358901987	59.74200019076468	75.31799998760228
-3.7171996913909955	59.71599992752079	65.45000021934506
190.6793603212355	62.50200018197302	71.40799990296361
3.720160411453256	95.96200030803676	74.77799962282177
21.642480178833008	75.45600060701365	67.58199999153618
35.302719858169525	63.67399988844984	62.17600001573555
73.80887985458367	68.03999973863363	61.46599998950962
93.90056028537745	63.7060000176728	72.39600017786022
21.905280362129286	73.16600022077554	68.58200021266936
21.055760239028878	65.06599996447561	68.44399980902666
58.99736028327934	74.65799948722113	69.0700000309944
7.7700803592681895	65.59399992465971	72.25799986839296
20.383519861984233	71.19000003904108	69.46600006818768
12.691840117263773	65.63400006890299	99.98399961233132
24.680240381240836	57.616000069081785	64.93000020265576
2.423760265731819	68.84200006484977	88.16399997323747
9.490159840393064	63.97599999025466	66.20600004911417
108.28696055335999	58.516000051498416	65.33799996182323
-1.2684800624847448	62.822000072002425	80.90799990296362
53.64672030582429	71.27000055477036	72.78400009542706
48.12288004112244	71.5060000759362	70.52399998664852
73.10575988597876	61.695999867916136	68.56400002479549
36.78495973091131	73.20599999666204	97.40000036910169
20.601920680618328	69.12199998855594	67.04799996703863
15.849840106201142	70.05400012701757	70.83800009250639
4.224639798545835	70.88600041389466	73.96799968183039
40.517280219078096	67.01800026297565	64.90199987351893
19.55384014301299	60.78799992561342	82.96000010192388
11.525519816970819	64.0560000810027	99.40999983906745
5.591279853439324	63.575999763011886	68.86200002253055
2.2557597488403367	66.37799984768034	82.72600013196465
226.0087196411133	83.93000005394214	81.33800001621252
32.81695996856692	65.12200019121171	64.19600014030922
59.786399620437486	62.4520000836253	68.14400007799266
22.427599847221426	58.99000007152554	68.07800020813943
8.50655989761353	64.07199984207755	76.88799996376036
5.093360000610354	59.8899997031688	112.84199977159503
6.69336030731201	74.66199967861176	78.79599992156028
7.306880413436871	74.71800016462797	96.09399984568351
4.586560409164435	114.13400016158825	62.91000022411347
7.336799761581423	65.0420000204444	71.74399977207183
70.03879951152788	67.37400006771094	69.32800011992451
85.65159940509804	76.12600016266092	90.1439991855621
6.407359702301023	66.02400006771084	77.26399976968763
24.15743981819147	62.24600001588468	66.55199991464613
7.719759639358523	65.60200012832881	84.03400015830994
9.615040134429933	60.35999995946884	67.5940000665187
148.3203999839782	64.76200003623958	72.49799996614446
8.932239485168468	69.81200013279917	157.15399892806994
64.11399969673151	67.05399951338767	75.12400024414063
5.018480093765268	66.35199997901915	66.60199999049313
35.87295995626449	72.30399991467588	67.08800009727477
71.43431984176625	71.99599962428215	88.78199972629554
7.067120216369609	79.0119998246431	66.71400037646292
30.98480046119688	111.86600030377494	81.69400019824495
4.598640272521973	209.87799933493147	171.5159996007382
10.898079671859735	67.41399996832013	80.90199990510949
-2.4272798503875674	74.24000016629692	66.8440000681579
8.006399825668339	81.41199994087218	107.89599959254261
1.8264800415039115	60.00199980676175	62.31799999237056
3.953519944763173	71.8059997117519	61.097999905645864
109.40704028873458	69.52000014305115	67.68399974822995
0.26911995429993374	68.0860000252724	64.3339999866485
47.13759984169008	72.99800021976229	72.33000018835074
28.6096001785278	82.13800001204007	64.1000003409385
1.7050400352478028	80.9919999378919	66.94600028991701
20.359120281600948	61.56599989742042	67.60999996721748
7.109040259933464	70.34199994087218	94.67200011014944
119.8160000829697	74.17600005298853	67.80000013351443
19.890959966278107	76.68399958461525	87.92399997204542
44.28567993640902	59.4579999637603	79.25799971818924
23.72607981300357	66.29399990409607	83.38399999499329
0.1898399360656728	72.74799976110458	72.1040003299713
39.844160234832735	72.28000000834463	66.61999990463251
23.009840320968596	56.813999968171075	65.65200009346007
120.82712071714394	76.83600007534025	71.03000006377694
68.78832047271722	59.70800003468996	67.93999994277951
2.49983976707459	61.756000227928155	81.8919998276235
4.450320214462281	61.279999988079055	67.0739999723434
-2.0360003162384017	71.3780000609159	69.52200011014934
24.807600502204913	64.72600006103517	76.49399977386003
32.9009600006104	65.64799994945523	74.16399984538555
5.411120272064218	61.70399986267092	82.14200050830839
10.287439144897442	60.45000002652403	63.99599993228905
14.071600202941887	71.88200000762941	65.82200005769725
10.25424055213927	62.95599983096123	68.01200003147126
-1.7772001590728714	60.65200006306166	63.83400005817412
74.5650396448136	62.76199993282554	69.33000008344649
118.89904057617181	67.55599978014827	65.61000016212465
1.9526397377014115	62.586000037193294	70.08400007635352
5.333839991378789	71.41400012493129	65.00599993109698
17.658800218200714	62.50000005409121	68.80400035381308
36.532319841003456	69.1099999526143	71.63999979972846
50.572480159759586	62.29799999833103	69.42800033330927
12.646080166244536	68.92799996972084	67.90999983310702
3.954639399337775	85.0919999201596	91.18000020653011
9.430159962463373	65.64199987828734	84.14199995696553
17.641999642562848	73.46599971294401	65.26599987745286
3.7491199409484977	66.01600012302394	70.93600014686587
38.722000258636484	63.543999999463516	73.36000017762188
54.8779195526124	73.77600008130072	72.88999997213486
5.573280468749987	67.81000014364717	68.817999958992
1.124400231170658	72.33399985313413	69.29000005960465
0.9933596103668241	72.44600042849775	66.02399995326995
-0.03336032905579578	63.83200009465217	87.27800038576117
24.418320007324237	73.74799978017802	64.92000019937753
29.808799954032903	70.33200001001347	97.2359998595714
14.672719829940819	61.3400000685453	64.30999985098838
94.8991198181152	77.80000023216013	69.31399978160856
29.315039636230466	96.10000043988232	65.60200002580878
2.790720241928102	60.43199968338011	65.71400011062626
15.673680222702004	66.2220000821352	68.25000012874602
78.19536042928695	69.4060001532734	72.36000037670136
7.058560347747803	77.4959998989105	77.81399977684016
4.682560274887091	65.73200017124411	70.7880000019073
11.967919807434077	66.43200022459028	73.65200007736682
17.57831984443665	76.21200034260752	67.09000003278254
4.900720046234132	86.82799970746039	134.5299996770918
52.162640450668334	62.36000006556517	72.32800013422961
0.6951200023651115	59.22400018215175	63.00599983215329
13.642399575424196	61.89199974253778	67.2240000677108
53.39560031013481	71.73799993157387	70.99800016283986
28.805199846267726	61.684000023007414	102.48600038453934
-1.3707201480865479	65.11400009155271	71.45000006675717
8.625440435409548	68.70399990826844	101.4740001189709
10.85063974189759	72.72199972540135	70.39999983742831
8.405440011978147	65.92999979197978	67.39200018405909
83.43984009284974	74.96599974036221	70.02400000572209
30.06768003997798	65.82199994742864	66.55599990844718
8.243839671707178	65.98199993371968	68.09000004813079
26.529120176696797	64.43399996072053	83.05599961757662
158.09503984975814	68.31399978637694	72.93799997806549
66.77344027442938	80.68600008010866	69.51799990892403
-0.11512023468018101	61.88600008010865	67.17400004625324
10.742640502548245	70.61999970316879	66.38999988079067
48.827039674949674	69.64200009822844	67.3079997587204
19.50720038909912	80.98200025856502	86.09999974086867
10.803120501708968	70.90800003647804	66.55599987745283
6.856240186309804	70.51799999475479	78.94799975872034
5.778480137634278	79.84000009924172	68.98000011801717
6.3147997852325455	77.55399989843364	77.42199969887734
4.173599761390682	59.82800017476084	80.21399979591364
69.29224058723443	63.47000017166134	74.29999968051911
241.89639997253414	63.68399979159238	72.86599985599526
18.406000209045416	76.77399994432919	64.21799989700311
167.0636804187774	64.69799983263012	68.0279998382926
10.221120448684701	74.68399979591369	87.79400000691425
36.30320023689268	88.1920001046359	72.7760000297427
57.722079825401345	64.56000019311905	98.57200010612607
81.14568087768568	65.32199986219405	65.40199979782109
474.36175799401997	73.9159998685121	65.55600002288813
6.269359759902941	69.47199992537494	77.74200004935261
23.896079924392673	66.1439999893308	69.31800014972679
-1.571759869003293	56.89199990749358	64.2360000896454
30.37167997894284	64.32599984049796	70.07600025296207
98.23319987163536	59.963999980092055	78.61800011754042
38.1247199460983	102.13999967530359	65.9279999732971
2.9467194889068544	84.6300000250339	93.29399995282296
68.53304002361291	63.161999992132166	65.72799986362459
325.1967200779197	62.65399984896183	72.15800019741054
-0.8235999538421684	70.97400022625918	68.12200000286099
75.472000068283	60.28600000768902	79.10000042617315
21.85423989334105	66.74000032186504	69.61000021576882
101.73287978401176	65.47400010228154	72.12799993991845
4.536399980545044	73.2940000033378	69.75400014400485
28.057999766159043	58.65400003075606	103.69400017410516
-0.9354397563934256	63.69200010299676	79.35800009965901
3.432400090026863	67.21999973773953	63.527999901771594
451.99807898953577	67.62800003409382	63.586000168323515
7.750960300064091	69.8360003447532	66.3800001108646
0.06168023338317594	59.72799998760224	69.87399995565407
65.26152032279967	67.51399983972304	68.08399988889688
0.8476001106262279	65.47200011968616	66.89200001239774
5.719040205764772	61.27199995636937	76.10999964237216
-27.396880049514756	62.5239999651909	67.84799986839292
3.8073602928161576	71.5400001081825	68.05399991035459
3.3610403610229556	73.42400010585779	66.47599995851509
26.476479840469377	68.27399991512299	88.39400040626522
5.919039777755738	79.28999984264374	73.69399990886451
6.815920397186276	64.10399988412856	68.99999989032744
5.254000623702996	72.3359996344149	74.47999980330461
0.47047957267761226	68.45000026822083	66.6939999823272
162.9352003561971	67.03400008201598	64.8079999160766
20.33232055435179	65.40600002259018	67.25999992370608
67.70320001430512	67.0080004259944	66.40399996161464
86.82608182334903	60.3039999985695	62.501999983787535
33.29087983303071	65.4040000009536	71.94399957299224
12.486960042572017	77.09799934864043	82.96600004434582
13.08488004684448	65.4760000035167	68.01400000929834
13.766640142822302	63.07599997401238	63.831999965906185
-6.6036802375793435	73.89400015950208	63.7219998532534
4.410720343399042	63.1920002996921	66.53199976325033
28.090960536575317	60.95799998193976	64.33799999862906
-0.1132799175262531	61.10400013804434	64.51799983263017
10.311919902229294	62.82600010275839	78.70600014969705
23.133999753189112	72.75799990832799	63.9319999885559
58.590719848251275	66.64199996948246	96.62999972403057
4.478080219268794	61.02800025045871	63.778000098466876
52.9728800931931	68.01000012919302	70.2640000200271
5.315280159568794	59.050000234842344	60.58200003623963
52.471679844284104	75.11399985119692	75.90399982452386
44.983920020675576	60.61599976181983	66.99599997520444
24.08959960289001	64.16800010681148	71.69400022983557
2.96719968414307	63.53399985790256	91.3619998979569
61.344319496154704	69.86599987983703	87.10800017058854
42.29624006786347	66.48999987602224	63.656000007837946
1.9833595613479693	71.88199969053262	73.93399981617925
72.25375997962956	86.86599928081031	65.59399998664858
-4.136959896850593	63.65600008010865	95.1459998685121
-1.3183194892883379	80.84999977409836	79.98199993133548
56.322239534378134	67.74000016599892	69.15199989795687
3.037600024795538	64.46399990916257	65.05400006532669
25.176799841499285	60.080000130534174	61.12600016593937
289.952481294752	73.60800007745623	64.1879998159409
135.69488055248274	66.46800013989208	111.19599962159997
3.582960382080071	70.15200019657605	64.87199991226194
8.728080285263065	64.76799994751813	74.74000005722048
2.6947997966766337	60.95800005078315	64.567999933362
71.90823980941775	91.0179993849992	82.35199954271323
10.593040129470824	85.57800023078914	87.1059997606277
4.295359830474844	64.33600009769201	93.88599975466727
54.69831952266689	57.32999993681908	66.22600013494488
4.020799823760988	90.49999964475623	79.23799984216686
4.865040189743055	75.84599990606299	67.92800000190735
10.904399894332908	59.22599996924397	69.96599999666213
2.962159687423702	72.75799992322919	67.08399998664856
19.685280171966582	75.22400015652173	73.70399976372713
5.6203199657440175	66.79200036823751	99.96799970149998
3.940559740448007	87.16199950262902	108.29200047850622
91.94720033740988	60.34600002527235	82.15799988538016
-0.4777597084045388	65.25800003707401	106.7659999060631
2.6611198313713045	36.231999841481404	38.56999993443489
13.432879565048218	65.96400027036665	67.51599977895623
1.3318401733398417	58.85400010675188	77.35999999046325
6.768320187759399	63.87799986273047	67.20799999475477
9.097520140075702	83.5520003753901	65.0860001468658
25.213600405502337	69.1980002355575	79.78800001859663
11.858879688262919	67.50200034990903	67.28200010895725
36.42895946731574	62.285999895334236	72.1699998921156
53.31904040489196	73.95200017452245	67.38000005245206
43.94816011943817	63.34799996256824	68.34399993538858
46.91472010307314	88.5359997686743	81.94999976217746
7.1813607521057365	66.20799974739556	70.29599970340735
31.45063995933535	74.627999856919	64.04000001430516
10.025840111923255	65.08999991700054	72.27200016021725
147.23088026523578	61.11600017160176	67.41199991703034
36.14584010581959	69.90600018501274	66.80400006771096
110.22175945777911	62.628000146895666	60.778000097274756
-2.3684000228881774	65.65400003850455	76.27199999734746
133.27167957830432	57.93200010567898	74.34800038814544
6.5672799255371235	70.8380001087487	72.17000019788739
183.90992070264775	63.43200039640073	72.16600023344157
20.18800010833741	65.89400003671652	64.93600015878674
187.8415209770202	64.71800002917645	64.40000001907345
5.870800056839008	74.62599981576201	64.12000041484823
10.792160062789927	66.35400015354158	128.9319997310638
43.758960377883966	58.203999843597444	74.06400011450049
3.3014395889282233	62.48199998810888	75.41200031995774
108.65152030773176	91.76199935793875	205.5859991331398
1.3661597751617418	66.66199991822239	70.47599999189374
5.770480012893669	71.50199987500905	72.58200010776517
-3.4555199909210126	63.566000312268734	72.17600006341935
31.304960279846178	74.4900000965594	62.46399998188019
15.208080020523061	58.79800015687942	67.04799985408783
2.1776001037597608	75.06999964237207	68.00399994850156
22.80120062751767	60.01799997776745	70.4999999856949
4.149520484924329	60.67599999427794	64.01000013470644
33.84711978340141	91.88999993115671	66.35599984645842
5.513520042037958	86.19399996399878	76.96999975204474
43.008000156402616	57.67400028884406	67.6799999797344
30.32800014762877	65.1880003142357	69.30400000810619
41.05047974700929	61.72999956727029	66.33200002431875
4.17239994621277	61.427999929487676	70.9619999361038
48.30256022987367	76.24799998044963	66.352000131011
4.376000231170659	65.6239999294281	113.59600028038018
14.811119646453855	71.4039997959137	107.94200021445761
46.49448001575482	79.37600062012673	72.29800004005436
3.6940800399780356	70.18600011169909	68.67999994754797
-7.253280210876465	61.28400016024705	79.76200016975409
27.36352010536195	71.13599972486502	73.3180003005266
39.33496013336183	71.71999987438316	69.18200007200247
71.5360006816862	65.8780001103878	68.41799989700317
11.859839947509744	105.0219995516539	105.74199985027316
46.95784023323073	61.43399982929227	69.73799972087157
2.6152801834106483	62.150000023841834	73.35399997279042
14.899359943771357	65.11400031745434	77.48399973869324
25.20095991992947	73.43400008440017	64.7420000477135
3.092879524612433	61.23399988651276	85.68599985003462
-0.7155198265075721	78.81599998086689	80.57999995142212
7.168639491653439	65.54199985504151	67.7539998665452
4.1333597461700435	62.32400000095367	77.28600005030624
112.7304797316314	61.810000011920955	73.86399985611442
26.991599308395376	61.58599984169005	84.65000002622601
1.7996003963470508	73.9779996147752	69.26999980926513
5.635040134811418	64.70200011670592	67.22400006383656
4.027840281677253	64.40799982443451	87.04999974638235
25.235439988136307	78.61799997925756	83.27200008869173
43.276880424118126	64.79400029659273	73.47199990272514
5.458000394439704	62.40400010347362	70.07000011205668
180.6694400489808	59.24600019693378	67.86400019705293
70.19863995189668	66.44599990367887	75.56800007060171
5.904880524444584	62.85600000381474	69.84799998521797
4.695600184249873	72.07200009226794	61.9380001354217
26.332320011901842	75.45999988913535	66.30999980449677
2.843119736099248	58.295999984741215	67.1700000762939
8.952800149154658	69.11400009870525	68.63800004720683
168.2472795900344	61.85400009334089	91.66399986669417
38.59864006309518	70.17000032901758	50.97999993592499
4.27504029502868	71.83800000116229	82.0119994616508
11.32815960845945	65.23400030851359	74.57599996283645
10.45712053184507	70.6620000553131	72.0539999198913
0.3914402690887443	60.48800010934474	72.86999995946876
4.977999884796136	86.88200046539308	70.66000006437298
18.809759946250946	67.13000021934508	67.12399996086958
43.54272028770437	58.862000050544744	65.57600011110304
23.097279815292335	62.13400003537534	66.2160003590584
65.06680070056915	59.09800006270408	89.57999969840048
23.56984021110534	70.44000009775161	70.3620002949238
-0.7551999099731453	62.755999999046296	63.63400002598762
21.634799885177625	55.500000085830685	97.37400009006275
7.870560483551018	72.30800009250636	85.81999988988049
2.38624004631043	65.65200004652137	64.26200044155125
101.70064051265722	71.6420000565052	99.14399974822996
1.4162400485992475	68.68200009107588	77.45999993324278
55.61447960815425	64.03199994564058	63.601999960392696
165.21367985496533	62.188000000268175	68.19399988651277
62.069119302368165	63.66000001430511	68.41799992799753
8.895760322570787	67.39999994516376	82.25599999666217
2.601279768753047	66.39400003388519	78.93000013738876
58.63896067333231	58.86200000286104	77.67799973249434
7.029440188217152	72.08800021558996	72.67600002527234
19.48800012245175	63.42599993109701	64.18999996662141
8.516320708465566	81.77199980571864	68.6960002478957
44.87328016014098	83.54200006723401	67.53600008964537
33.85424008789067	79.61599979609254	69.37200013250104
23.798399887084972	65.03199989154938	64.25599997997284
15.440399978637707	59.57800009012221	81.49800033450126
13.871599702835077	73.80800013542168	81.17000007748604
52.55256024131777	56.124000078141655	63.404000367522265
-0.910399742126463	58.333999924957766	89.07000036716455
4.797759778976436	97.75000047817828	113.86200028181068
13.568720223999042	71.09000001788134	73.28600027561193
25.57680007934571	65.71800001025198	106.50199918031706
13.890160018157948	63.12800008177755	69.16200017452233
90.90920000190731	74.37800004750483	66.54000028133395
50.05960040969855	62.28400008201606	69.30200010821223
101.11495969867686	65.4720002663135	72.71400018066169
3.433360049057009	67.19199992418284	63.91000017642978
18.93159962883004	66.00599986210459	69.67800019502639
2.5625600662231407	71.65999989986418	72.31600012779226
17.85552027244572	61.33200007408857	68.66400004148481
112.47984055714608	75.22999975740915	86.91000027835359
87.37159934024815	58.04199986815448	66.37599992275233
67.70064045467383	64.49199997484686	68.8920000982285
90.30600096654904	69.52800019264222	76.33199999630449
217.82256063815913	72.22599992275238	66.54999991655347
28.760560118865982	73.27799995183936	106.60600023105748
3.1439196685791098	72.8979998171329	73.81200020790105
13.408960278320302	62.814000138640395	71.90799989700317
6.80199973144533	66.46800009369844	73.73999974012365
13.592560052490246	92.65799968004225	65.94799990296362
7.363839888000486	69.71000049635768	91.68399978458883
1.2021599132537801	59.26399996757511	89.3360003972053
59.28936006698614	62.13600015163419	66.50800010681154
17.307519638442994	63.72800022125243	63.11799996852874
183.72320063772798	71.07600002527238	110.07600005120035
81.32663963127132	63.487999813258604	63.68999989569182
3.7520798278808587	70.67399974867698	76.58399984404434
5.3938400505065855	68.07399995803831	73.28999998331068
-2.5176805095672514	149.171999465823	113.7699999503791
89.75095937328352	72.54800019428126	69.04200004220014
55.66623922843925	92.37600014314059	73.78400010079143
101.272879524994	69.64599992066617	77.84800004482265
51.99895977535261	63.780000136196584	73.34799994230279
8.062319810867285	64.17400011539458	68.74799982756372
28.373199473953306	65.38200016289949	69.20000004053117
100.84519979133623	62.78800004482266	86.81000023126607
5.750320170593257	204.87799872070556	101.50999975442888
12.362159727478033	64.7460000169277	66.7099999174476
20.627920325088468	68.6319999575615	66.8520001554489
98.617680620861	70.13199995636937	67.57000006198881
34.37807955856323	65.49800015732643	71.68600009441371
10.666320333480838	75.80000009655946	74.23800006747251
14.958559841918952	71.03599980533123	68.10600008964538
232.44280040798182	67.13599996089935	66.12799982070928
5.165280216217034	58.91600000381469	65.75000005364416
13.417759594535825	60.987999914884554	72.57199976488947
7.905600201797478	69.0759998083114	78.48200036764146
1.1289605251312282	61.094000089168574	85.40999937653538
43.076960446929874	66.17999984741208	63.95200006246565
-0.44399996604919306	67.50600022077559	68.96999988362184
6.384320215988158	68.6340001285076	74.38800033211706
55.40343997077935	59.94600009322166	65.7019998931885
-3.0545606121063265	62.36199975743884	82.23200029939404
21.92728038978577	59.519999966621405	77.96799987986678
5.45591989059449	57.437999928593605	76.44799994468687
-1.075839989089963	67.20399985983968	71.14400002717973
0.1747198017120364	65.2020001029968	66.49600003436204
43.82048037948611	61.2440000419318	64.45799988269808
3.3643200523376415	66.78000017791979	90.8959999400377
113.08608044700631	65.14000000968568	72.05599995568393
203.47848099050518	69.83000014469029	63.70599996566776
57.355440057182264	66.36599988281732	68.25999984979626
0.5088801639556925	68.25799981474866	64.7039998936653
2.2089598648071282	61.95800009489063	57.29599998041982
2.0275198429107695	76.83599990010254	65.10199988365173
3.7539202293396006	99.9740003728866	76.97800018787369
44.60496006660453	68.42599977731702	87.3280000141263
5.359360192108172	65.07199984788896	63.74000005602841
17.006399708175678	60.72999995350836	66.54200001716609
67.47207998199463	74.43600040674202	68.1660000944137
29.991520548248314	116.45999943718323	65.5439999103546
21.088800372886634	100.95600009903302	101.49000006079677
-1.1228804016113212	61.75200000762935	68.24600000381469
-50.39032084732053	101.33599976614123	109.23799970909961
3.4697601196289	73.58200039386743	74.16199999570838
3.7629598522186285	62.216000142395515	70.78999990463251
58.75120011253361	63.24000002384183	89.11799996137621
234.71407767503294	67.9479999387264	69.74799990177155
178.59144014816312	64.10199989199639	78.29199991062276
43.37511931648247	76.88800030231472	83.95799971818916
4.128000007247915	77.21999974966053	63.85400019451978
50.29319943237295	59.690000066161126	66.91799993813035
-6.405919826889043	64.03200002431866	68.17400016307825
46.30904065380098	67.11599974870683	63.87600008010867
-0.3116800670623695	72.05799991995089	65.28200001478189
0.6183995059967122	66.67800002098083	65.63200004786252
23.34664020957955	59.010000145435285	63.68599996566776
19.68823987808227	73.12399981498719	68.98399988889699
18.50575969429014	61.96200036168107	102.87600018307566
29.352240526580832	67.24800030350681	115.92799983739846
59.47096077651981	67.5479999375343	69.08400012016301
-0.16984029808045442	86.8319997063279	75.0740000200272
7.8740801128387465	70.59399990454314	89.95799974322318
30.740319549179077	58.99400007724764	82.35400009334084
7.026320154953008	88.7780002951622	71.96599992275239
91.39664022369388	60.6760000889003	77.33599991440771
68.86416058673858	61.30199987605215	62.32000017404557
486.21839814243367	67.03600006997587	64.02000001430513
56.58376019477843	60.50999991655352	67.39000012040137
80.15024007129665	61.37000014543524	62.50400004863736
234.92319971122762	152.43199988365174	198.90599951028787
15.747759749984743	63.20000017404555	76.72199958324431
294.6575983139038	66.57200028896328	69.42200006678698
112.99008041925431	65.6880001688003	72.10200016081329
1.5986397281646731	70.08199968457224	69.32200010731809
61.851200367164545	74.5000000333786	94.85399991273881
128.70343920707725	64.60400009632114	70.57999991178514
254.10271943364162	64.5859998321533	69.50600007235998
23.440639750671394	65.14599999904637	67.96200008273127
59.09663981037138	61.56799973726275	82.9159996445477
-5.515519741821277	75.02599987268452	80.10999997138984
0.8872799076080267	56.72200000286102	75.39399991989121
87.14928006401065	66.4719998908043	79.70400015354151
40.57023983573915	68.71999976932996	70.05599996447562
3.18504018592833	59.53399996995928	80.1959998315572
51.90352035675051	62.66000008583067	66.03399993777272
-2.2201603652954085	69.54399970129133	65.60799993336195
529.8639988354566	69.25000028252596	62.73000001907346
10.677919757080078	72.42800001382824	65.33600017428395
-13.159519098281903	67.90600017547602	65.02399998307227
15.257359745407124	75.12399983286848	73.81800008654591
6.883919785690303	64.02000022649761	68.50399990692739
-2.7218398075103685	58.70400006771082	76.14600010484452
0.29976049537659594	67.71999985665086	69.13999998509883
21.58920038642885	87.55600003525618	65.54399993509054
51.78695981826785	68.2399999487399	85.37400019496668
23.199040497589138	63.50399959802626	72.86400018215188
350.8843984807011	62.076000007390945	74.03999992132191
3.0045605831146194	74.55800030708298	99.63399985790245
10.229039882659903	63.206000100523276	66.3840001344681
9.087599558639507	61.79200016140941	139.95600027561193
19.25431956214905	62.526000164300186	71.85000031113624
12.039680196189883	63.46400019049643	70.35599990367885
69.96951991119377	66.2980000901222	74.58199977159504
14.257279856109587	59.085999842286085	73.53400009840729
76.70728026695251	71.50000021040444	70.3820001731812
2.399760292816157	68.6500000715256	72.7099998688697
19.400240073394794	59.62200003623962	65.90000026702882
-1.0041599155426058	79.85600025892262	70.78199981883171
3.4176798709869423	63.880000056028315	76.62200001239776
26.83560032348631	61.04399986743926	77.63800014495847
8.882160097885127	83.0839998325706	67.12000019162888
3.7463205066680887	65.77599974781269	86.03799961924561
6.297600249862668	91.16400009274476	76.61399991750713
8.299040316772468	66.80999980539087	73.0800000762939
11.289040383529667	66.88600004911423	79.03399989366524
1.1789599723816009	63.918000135421785	62.111999994516275
20.441919920730566	60.01199990272522	66.21399988651281
741.1745568564589	64.66000019431114	68.95400001287462
50.45039991111756	70.12399974107741	68.00399988651272
45.1075984380723	75.1520003466308	61.772000107765166
18.161199848556496	74.84199995800849	64.15800007045266
81.83520004634838	78.11600017070762	142.9040002083779
7.373839801788333	61.99000003576277	72.92200009495023
6.115440165710441	92.65799971044055	69.70000020265574
64.01991973667137	60.648000002354344	75.07999988198281
42.70880082893372	68.49200033009053	77.62999988555916
133.5730403400421	61.77999986410141	78.13000034451484
23.34935998764038	77.56600000739097	91.27599983379238
8.228719445037841	61.840000119656324	83.92400004267685
7.906880004501339	70.99999967098236	78.55600037574766
2.7663198005676373	68.50599984645837	69.03200005292891
61.576560346031194	60.745999897718406	77.6799999809265
44.08248026390074	70.49600028753278	71.26399996519082
6.753440093612667	67.7040001821518	68.11999999046328
3.2734401035308895	63.277999937534354	103.70400028437362
22.86728057117463	60.49799984633921	66.71999993801117
0.5012798519134593	65.65399958848948	64.60000002145765
11.135840623092662	68.11199997022744	72.69800007343288
-8.845440320587143	61.774000010490454	66.02199974015359
2.5220802234649646	63.467999870777106	67.43999987602228
16.22536019821169	62.149999766349815	82.6659998464584
97.50319992046373	68.98599996238944	71.82199990034103
-0.34063999366760944	61.29399988025427	65.31000000655645
3.9174401500701963	59.583999898731676	89.1959998275339
96.4372797317506	60.44200024172665	70.2219999980927
8.37928004379274	65.04799994185568	63.86399994373325
-1.9010397174835245	64.03400024890895	85.35599972054366
74.32007992420183	90.20199999690058	70.97599971771244
34.36440001525875	62.33400000333781	73.84800013065328
-1.8484801391601617	59.40199985146517	75.65800027608861
26.32983995132447	66.4459998202324	78.76599972248073
11.209920511245734	59.199999908208824	67.74400016784662
3.0200001529693687	65.81800032556052	69.11399997830382
4.668719500732422	70.12800022006029	72.95600008845325
19.964399980163556	62.81800004243847	65.55200018882753
36.99592010002133	72.24999971613289	60.48400003910061
196.7536803018568	64.64200018405914	71.2399998092651
213.467279639435	62.23000000894066	68.14800013303756
2.8131994346618723	56.898000001460346	67.001999797821
87.37152048873901	66.21599990844724	69.39800003528593
4.121919562530505	119.19200036913158	76.31800007343294
6.039120122909545	74.04000013262038	75.11199980974196
76.31792028408046	71.48000001668927	67.98400029182433
35.75360009002688	68.19800014376645	68.66600019216537
6.854479457473752	63.194000000953665	71.11200012683862
7.748959971046452	62.37400010228154	67.80999988555905
124.3345598567963	57.57000008821489	74.20800009727482
138.32304099769573	64.08399981677532	68.28599998623126
398.3085571110666	75.33799965679643	64.97600027561191
4.50448016052246	63.7880000691116	71.5499999856949
71.27480051155086	63.87799992382523	68.21400001049047
20.282160565566993	47.579999692142	49.326000096052866
46.85720039424893	64.12799977660174	64.41999988079067
109.35167892246253	75.32999977827077	64.83800010487433
431.8889580212596	68.87199985384939	64.31600021749729
149.4261607318883	71.00600007623427	67.01400019168852
20.384480099487313	85.87400000289075	67.98599992394452
0.8188798694610508	65.42599974155428	121.5520003056526
4.079280183410649	63.10599994301787	74.53799989670516
54.80223969078072	72.91399964451787	66.21399994373323
174.20023983049424	71.73599986076344	73.53400004386899
4.6174398822784495	65.36599985361102	68.38399979948994
119.4250402999879	68.41999969899658	74.12399984344839
3.323279936218263	62.42799982130525	69.76800011873246
32.65823986854555	61.83800014019013	91.82400007873778
26.97439982872009	67.59600004911414	66.41200014829629
38.330320508575454	68.42000007629395	68.99200013205413
2.126800339126584	61.96400012642153	65.76199994921687
5.78688011856079	76.1479997050763	72.54600002288818
3.181680269622811	63.333999789953204	75.82599974870689
18.02848015766143	61.884000005722	70.70800001382827
4.954959340667719	66.4860000979901	67.74799990072844
28.812719664764387	67.62000010848047	115.21800036668778
32.046159720230044	59.54199978113171	68.87799992084506
72.39896059150696	72.72399985790243	78.7680003714561
8.091680367279055	74.00200016260153	72.2760000896454
9.024799674224843	70.3399998393655	81.59599992275244
478.5489587903262	78.84800021767617	93.06400009155278
38.7296007329941	145.64799999818212	88.33600028157232
53.37728014297484	87.19000021815303	77.60000026464459
-0.5460798408508327	123.90400029852992	70.38200004577642
6.922800420379646	81.52599975734945	67.79799994900819
40.24071961250308	62.65799997478717	68.55600020408632
-2.556640347290035	58.58199987918139	54.19199999332425
8.830239852905265	96.27200015544892	86.6199999929965
0.22672001113892165	32.886000064462436	35.17799997121093
10.448080282974246	75.32800030976532	85.0600002264978
45.256560633850164	91.40599964380264	71.81799999237064
4.97856002044679	66.05399987637996	74.2380003234744
5.640080453491212	69.33999991893769	62.80799977779388
17.200640048217767	74.00799998283392	70.4780001813173
-1.6197606548309362	65.24999975204466	90.32200008153924
133.5712797166827	65.88399990558631	71.48999983787537
-2.5483199535369954	80.15199988737697	81.25600047945974
4.93295990562439	62.17799971580504	78.73999978542321
10.790000120162963	64.76599983215331	68.53200016021727
8.296400288772588	70.98600038528443	79.89200005367404
3.3646395359039363	69.7039999580383	77.00199973583224
14.00799993858337	115.55600002154708	67.10599987342951
4.711760466384894	67.5259999752045	89.68600035667411
225.027758301896	69.05799981832499	78.6819998379051
7.731919861984269	85.83600033834581	63.475999979972876
1.5992799537658706	58.920000152587924	68.77000008165835
5.319760226821893	62.84599995374681	71.74799986600867
115.62511969299321	65.66600037336349	67.51600018739697
20.34792031135556	59.869999890327435	71.173999902606
-8.763999927902228	79.82399999558918	77.9339999255538
5.318559604263301	67.9579998648166	81.30599987506858
24.318239605712886	63.73000011518601	65.15200007319444
240.1282390949727	66.7180000734329	72.84600009918213
27.099359942245393	60.2879998314381	66.48999989509586
78.58968099079132	89.34600102782248	123.19000034958118
4.297760012054434	56.774000129699715	74.12400021314623
4.830560466766361	70.11400016784667	70.60199979066843
-5.2223200351715136	80.29999957323075	70.31199984312055
70.68167943563463	68.64400009393685	68.32799984246499
5.338479475784301	88.04799976244577	68.22199987411491
9.933519919586168	137.29999912798397	114.88800101876255
38.284079933548	63.448000063896195	81.22800002098086
2.2915998374939033	64.36999999999996	75.07999989986413
30.983920250320434	73.66399974673978	82.44599990844722
7.784799647521985	65.71000005602838	91.39999989032731
4.846640282440186	70.95799990057942	60.86999988168478
11.849359813308707	74.12399986386299	112.44400022774929
12.750319481658943	75.07999999880776	75.5339998906851
23.326080091094944	74.654000134468	72.60400023341178
143.93416065883616	71.32799985885623	88.61200007632378
170.8163206695555	61.31399998754263	89.27399994850164
-2.564880137252802	110.28999928548939	79.14399993270632
53.13799980773927	70.09200013160708	69.88600018218158
38.61583996658323	66.05199991703032	63.5040000391006
13.77952015724181	62.62800003916026	72.76800009876493
66.04200010547633	65.37800008654594	78.9359998941422
5.7298402759551825	70.0160000491142	67.94199990034095
169.85087984409324	80.49599980860951	62.26000021457669
2.2479998622894373	67.3759999799728	67.57199985027314
69.73823982353193	64.98400020241733	66.62200002431871
2.5501601329803463	88.09999949574471	71.76199959516529
246.54383968982734	64.85000000953676	69.94800005197526
106.8440003240586	61.01399980485439	76.40800027415165
84.18056009044649	68.93400006294247	83.457999958992
3.4634397773742633	75.49200026527053	69.32799988985059
43.68416012973775	66.27199991732839	65.94199999928475
0.9500801048278831	64.40000002145766	64.58600006580352
9.863040063476584	65.34999997735014	66.5219998759031
32.87456021881102	60.54600002527234	69.88399993464347
82.64280045080193	105.2079993915558	70.88999984294178
5.831120362091067	61.61400018930436	92.14800032928584
4.860879757118268	128.28599992036823	93.53000003099443
114.14743855361942	64.51400016024706	65.73800012350085
28.976079525375365	73.91800006866443	84.57000017642977
28.87760012207029	62.51399979710574	66.56800024986262
2.7384800285339437	63.37400008678439	79.21999978065492
-1.738400098419196	64.23400012493133	69.32200003147118
1.5036801166534464	69.0520000064373	59.7340001058578
1.8582399486541699	71.04000021651385	67.75000015616426
19.813920013046243	62.38800009965896	68.16399999231102
5.6890403167724655	62.76799988269804	83.06600000381465
0.6203197151184039	54.50799980729815	63.41000000596045
15.95471930065159	56.63199994444849	58.459999819994
10.643120247650154	71.74599975943566	82.01200046941638
15.7692803691864	66.4100001096725	68.93600013375284
47.18360001296999	68.43799969583752	65.51399998307228
77.75439953041088	63.32199966713784	79.94000011846425
31.65736000938412	72.14599987506864	65.81600002616644
3.969040607452394	67.65400009155276	78.15800000667568
54.77072032794958	66.45200018107893	110.42400042176233
1.7705600864410338	59.95199984595177	74.0680000610649
109.56016032984238	93.70799982965005	66.02599982306357
30.972400075721747	65.31000012397764	67.36000000357618
4.553519841766358	78.0940000724793	75.34200016260134
1.275760090637213	67.51200000360616	63.06000002741816
2.266800033950805	66.2599998885393	71.24600030899043
4.0003204216003345	61.15199973970648	67.34199984401468
73.92087958660136	71.69599989414212	106.10799919605259
9.619679918670657	68.88799992978574	66.54600019037719
49.86000026321417	95.35400002479555	74.25200028061865
27.46832029151918	79.71399974822994	72.06000018596659
1.3582403659820566	65.93199974119655	81.05199986845257
50.8360005088805	64.10200014963742	77.03400027364488
7.534080055236816	64.98200013011686	70.70600024104117
7.961200063323971	68.33799984812737	77.04800000995388
-0.3802398540496891	60.787999889850575	67.17600008919834
123.3857597141267	62.05800021022558	69.64399978399278
23.084319613933552	62.63400000214573	75.26200010120868
1.4412804054260235	68.49400002121926	67.84799996852871
6.99784008865357	78.08800015091889	66.35600034177305
110.49279964771279	68.95599981963638	73.62800010085101
0.7571203189849784	65.36000019192691	68.94800031661987
19.59215984611515	66.43999983906743	79.71799996376049
3.4480003528594874	66.77200075745586	79.59800004959104
411.33367806096044	80.11600030422203	68.37999996662137
11.264079980468754	68.59800015449524	64.91600002795458
11.50479970741271	101.198000293821	67.45600029230121
6.728080566406239	67.67200008153917	96.72800022929911
12.061680097198481	68.53199990063904	73.76200012490155
3.693200319671632	63.21400002390139	83.38400006771094
182.2988788665772	58.10600009396672	77.08200011491772
306.73279927425364	85.47599995613092	80.53600002765651
2.6251197990417485	79.26200000062578	62.05199999332423
51.28231919812558	68.27799979805945	98.12799992561338
6.268640071487433	74.53400043547155	105.52200015783313
48.294640024376	60.28000000625848	74.05200023412704
0.7809602081298904	59.465999790430075	69.70799996852875
-2.1913599685669056	63.490000153779995	77.26600031614305
17.20240019454957	63.98799985647198	73.71799990415565
6.704239682769773	67.14599986493592	69.86000047206876
6.756959922409056	70.25999987229706	65.60800011232496
7.8326405101775975	63.326000292301174	66.09600006103517
64.22552002143874	62.94599999904627	70.10999987885356
309.10759932537115	64.86399996951222	77.55800019979486
-1.0002399837493976	68.2480001349747	70.19399989366535
