1.750000095367429	67.83200016230346	70.05000009775152
152.86999982833873	53.679999741613905	56.502000002861024
-15.81400029182434	68.55399998426435	76.1080001831054
56.413999848365854	55.68600005149845	63.5459999129176
8.052000274658207	62.99800014853476	99.64600036621091
12.632000246047973	62.59400019168851	69.48200010299682
41.50999979972839	66.49200009584423	68.95400020241738
802.0499929571143	65.91999975010754	102.55399994850158
4.440000019073482	68.38999997511515	68.65399999141692
2.7279999256134007	62.39600000292063	66.05000010609622
2.251999864578246	87.54600016877053	105.33000070899733
5.029999942779537	67.71800025880343	91.44999973058708
1.5059998703002944	59.15200011476876	66.42200007200243
43.44200011253358	76.93200073599813	85.76999997332695
0.03600011825561848	65.12000000476837	69.16400004923345
30.52199983596801	59.95999994441866	74.99600012302398
-0.17400018692016941	62.412000117301886	64.34599981367586
3.0320000743865974	60.57600015640263	65.01199995696541
13.230000143051143	111.28800005316724	65.1379999485612
3.644000263214108	68.46599995553485	70.03799994707107
11.289999980926508	73.71199968874457	67.80200013995177
179.22599944591514	81.4619995665551	73.54399999260895
37.73000045776368	74.80600005149836	66.491999835968
24.98799977302551	93.23400060236449	90.5140002298355
53.72599992752081	63.862000163793525	69.3739999294281
63.91400016069412	63.80799974918366	104.43800014257431
0.3039998722076422	58.38599999666215	66.84799987554548
1.0099999809265119	68.0640002465248	77.77399982690814
-0.41200003623962067	62.493999781310535	66.30200003623955
14.614000291824347	66.81400009393688	76.98599983572961
3.303999929428104	61.88600005939606	94.99199997380374
29.853999991416924	73.59599994897845	62.91599987506859
8.611999807357792	69.96400000363585	93.57600019454956
63.97199999332427	66.2920002225041	83.83399988800288
50.55800036430356	65.99999984860419	87.01800018951297
1.5219999599456784	72.9219998419285	63.77000018239022
14.501999988555907	75.9260001850128	82.35200034618369
8.064000186920165	65.21000004291531	69.6620001268387
-2.096000070571904	72.57599985480309	130.2979994708299
51.841999864578206	76.58400003433229	63.478000016212455
8.30799990653991	64.04800026223059	86.23599990606311
26.832000074386613	65.20600012451412	70.16399986222385
-1.8020000553131077	131.39799995914098	81.80000048786407
38.23399980545043	61.136000068634736	66.82600002884867
329.09200005054447	72.39399995475998	72.47799989342693
69.65200050354005	92.07599961414941	67.10600004911423
6.613999929428112	66.53600025653832	71.05999990761276
126.84600005149845	62.485999772101636	66.62799999296661
7.5180001449585	117.6479999250173	68.4520000398159
60.85799961090094	83.54199999690063	84.893999620676
8.220000143051129	65.49600013256074	62.47800006628035
75.0800000476837	75.65400003910062	66.77000027656551
2.386000061035157	63.348000076115135	79.39200022220618
13.953999738693241	64.08800008058547	79.86799988389015
3.385999870300292	78.26000001549716	71.06199970006944
32.81800033569337	90.28200005054477	76.80400020375845
1.0259999465942375	67.98199998140336	98.68799934223294
1.1219998836517304	145.4880004781485	65.41600011736158
45.204000139236484	69.99200040027497	66.28600003004078
13.143999700546257	63.16600001409646	72.50800010204316
-0.5179999637603749	81.83599950611583	69.23800004482268
3.814000005722041	63.96599989056583	65.3879998636246
40.312000236511295	65.62400001510974	67.01000015735629
97.58599968910222	66.93400013118979	62.928000044822646
15.23600019454956	72.7699994850159	77.06999990150334
12.464000120162963	69.49199998199931	72.41199989795675
4.138000173568723	65.64000020980835	67.72199987679716
-0.1279998970031766	61.0539998435974	75.38000023990864
8.974000148773193	65.48000010013577	66.07800032615664
-0.47199991226196586	65.47199991822238	73.31399973511687
0.25399991989135634	60.104000122547205	69.57600024938583
44.00999979972839	66.62199982166288	69.84600009441375
19.73799986839295	64.35599987804886	68.6739999656379
-0.9199999618530258	71.69599973753093	73.48000008255238
1.9840002346038816	88.9600004453958	67.52599992990498
-1.7919998741149878	72.9479998040199	71.07799989461901
266.82400001704707	63.455999839305896	71.25999999240037
5.195999841690063	62.68000003576274	95.66799979358915
9.338000020980843	71.37000010073183	65.90200013041493
7.218000097274775	68.41400020480152	67.93600007951258
24.988000097274778	60.6199998998642	67.55400000989437
21.88400008201596	71.46399998664849	69.05600024938576
1.1959999942779558	69.68399973422284	69.24599998474122
14.698000144958487	63.72599992275239	63.20600015163421
12.802000017166135	63.53399988114835	68.45799997091295
4.598000097274784	66.90599995374674	69.05999997615811
18.28600006103519	68.19399971336128	67.03199992537493
20.012000169754025	61.69599989727142	76.5659996032715
1.6399999904632576	84.36000052541496	66.24200006723403
5.791999826431275	63.105999860763625	76.20600003480905
12.854000272750856	63.36200006127355	85.68200003862381
24.0819996738434	69.72800001621253	70.72399984836576
12.536000032424933	71.24600005865092	83.22800000071523
2.5500000858306904	84.68000012636173	71.09600014179941
-0.27600041389465274	66.5500001168251	67.90599976778036
21.05000035285949	69.63999957263464	71.79800002574913
5.374000148773195	63.88199985861775	66.18999986290929
10.125999784469599	65.68600009590382	79.14399984806778
1.9939999389648466	74.34000024840236	60.908000061512006
391.5839982342721	63.362000030279084	75.72200024306767
3.4840001201629613	76.21399966478346	66.07599996685978
47.577999854087814	65.23399986624716	80.62400028705589
7.611999998092649	75.9240002298355	68.09399982213975
97.1480009372532	67.97199965000155	76.28999996662131
2.608000125885008	68.4379998898506	91.6120000422002
4.1800000953674346	95.39399940788752	65.90400012016293
20.581999940872194	74.44200005531309	69.46200013875956
79.66400013446818	79.15400032162657	74.39200014233585
286.2700005340575	160.43999951049676	247.2479993332923
1.7140000724792508	69.1059999372065	84.69400026500233
54.302000069618174	70.53399994373322	71.60200003027911
17.19999986648559	68.35600020885462	77.06399986743924
8.100000123977654	68.76200008749959	73.1700001573562
1.5819998931884725	63.572000118493975	74.19199996948244
8.54799997329711	71.15199982970955	68.39199997231361
15.907999706268306	61.12799996376035	65.98800008058542
1.2420000743865947	81.77600021123878	66.6220003017783
2.489999723434445	64.94399999380107	87.23600004553792
211.57199981689428	64.96200002670287	69.03599989533429
90.68399961307645	76.88999998331055	69.10400011032829
-2.6620001506805426	56.56599986359476	75.72599990248686
2.841999969482425	64.66799998283388	77.86800016403195
1.6660000514984112	65.46799991130828	66.01600004673004
-0.3119999313354491	66.96199989944695	73.53599984645837
43.93000008583072	66.72400002002719	70.55199985742577
28.63600004196165	70.73800007969137	86.26399955987924
-1.2319998741149925	61.62600005507467	76.79999967992308
2.499999647140498	72.87799992382524	72.58199979782104
5.472000150680541	67.55600005552171	76.86399977490306
48.53400005340578	100.89199943438165	70.60799985408781
5.203999948501591	53.97399994909761	73.91199989557272
15.58400020599366	68.5619998639822	70.41400009065869
5.78800013542175	94.03400075003505	67.65400015830996
21.770000104904163	88.05399970859288	74.80599991470582
2.014000053405764	66.23999979719515	68.5980001184344
29.981999969482427	111.08399964451787	89.04800019383427
8.062000188827515	57.86399995058779	68.04799997717141
3.843999938964841	63.16400013089174	74.88399995803833
23.796000137329095	68.16400008082391	64.56599991738791
7.363999938964845	65.60199979543688	69.89799978822472
0.16600014209747083	65.72200004771348	70.58599972933534
15.271999807357785	60.3900001275539	64.96800006687641
13.273999910354634	64.60000019192691	73.22599992275244
40.48399984359738	78.69799991965291	73.12000008910888
0.18799995422363042	84.01799991965282	82.24600038468843
-0.8259998798370373	66.01200002312657	66.54000000596047
-1.5380001258850122	67.54400003910055	65.95199982881546
0.28399988174438495	60.36400001198055	74.69600001335141
7.670000095367428	65.55399999141696	75.00599987983696
6.199999842643738	67.48399989843377	69.45799994945526
137.51599935531604	67.88200019836427	96.20600018262857
9.62799983978272	65.98600002557043	66.27600005149836
2.02000004768372	59.938000116348256	100.65200006365781
23.66799970626831	66.93599987402551	73.29800000190731
4.412000045776362	70.273999915123	71.03399996757516
2.899999961853031	70.53800014063708	62.95200007915497
16.14000027656555	80.32599998757239	73.96000029563908
3.098000125885008	60.46799989461897	67.72999982774249
33.81000008583068	75.60199987888326	65.98400003701444
-0.9760000228881791	99.39200064569714	70.57800021648404
1.2800003051757778	62.78200024485584	81.5879999387265
41.13599975585941	65.17400006294251	69.45199994564047
0.06600008010864092	58.26400000214577	103.01399998828776
4.2880000019073465	66.51400030314923	79.31800029247991
0.5219999408721951	65.67400033831593	69.97600010871889
8.824000110626221	66.87999997854227	81.67200017213814
1.072000007629393	61.52800013065338	85.09000016450881
39.99599970817562	56.799999995231566	80.13400047823778
2.402000074386601	59.852000100016646	67.68399986743924
15.894000120162973	66.01400006204847	71.97000013172632
6.197999992370604	70.17200025677674	78.36400015071032
1.782000131607056	79.65000029176463	64.42999998092652
37.42199986934657	61.546000092029566	74.57800026893617
-0.5519999694824242	64.72799979805947	67.04600003719331
-0.15799987792968584	63.18000007152556	69.26599973186848
19.790000000000013	64.92400004059073	67.06199994564051
11.494000024795538	77.3700001268088	65.3580000820756
2.964000082015994	80.34399971202015	68.38600024700155
2.373999919891359	76.24600027516479	65.73599988937373
36.64800008773802	63.660000120401335	70.57200001716613
5.330000038146967	96.64600004151464	72.73400001525879
1.688000020980833	69.40800023168325	80.04400042533872
65.90000000476836	62.026000117063525	64.88400024294847
8.17399997711181	78.47799986198531	66.78999992370605
-2.274000062942506	80.2780004926025	76.85799999237062
5.004000062942507	62.53000004082907	63.13800026178358
2.578000097274778	59.295999738276066	90.57999990820879
1.4359999275207533	74.81999989747995	60.69000015854831
26.557999839782674	59.550000135451576	64.58400010108944
0.6319999980926522	64.60000006467108	66.96599997416133
2.288000144958499	67.49800002098078	69.58599999427794
8.836000146865832	67.95600026220083	74.5300000381469
0.8059997844696035	67.24600004315377	79.98800004601476
5.729999904632575	75.34999997138966	67.51200002193447
8.03999979019165	66.09000002220276	67.48000022888185
36.5120000314712	63.26000022202723	132.93400046676388
-0.5140000534057589	58.49999983638519	64.10599969118833
8.590000257492068	64.27999992847445	69.55600001573555
194.27799924612046	63.66599996209139	94.3859999322891
33.61000000953672	93.670000487119	60.882000160217274
116.24999991416938	73.033999633789	71.186000084877
1.9680000400543212	58.57400001764295	64.9619999527931
0.9940000057220484	62.22799996614456	70.9820001721382
2.047999982833863	108.44999949306235	63.523999862223874
14.5160001373291	72.64000015586616	70.16800006389614
-1.065999813079831	59.098000225573756	81.5900001555681
95.95199992656704	60.49399984583258	64.97799998760222
52.26199996948245	74.3420001494884	77.9919996643065
30.45400037765502	62.36599994301798	62.44000030040739
7.987999916076661	84.00200006723396	111.83999989539394
-0.20800019264221517	68.58999987334016	98.38600018978121
13.802000007629408	62.709999990463295	80.41000006169085
15.15000009536744	62.95599987104536	67.86800002098083
1.6119999122619604	99.53400032848126	72.12400009244676
1.5480001926422151	63.30600007534029	65.62199971377848
882.4179916024201	81.37600015550852	70.02200004100794
1.5539999675750733	62.168000068664576	92.44600009202955
50.33400028228764	62.214000084400084	69.6460000607371
58.67199991226193	80.41600023984903	74.14800018787385
2.5500000190734853	66.16200007855892	96.25000036209819
16.74799985885618	64.38800008013843	70.35199982970951
0.6039997768402126	67.19600005388263	76.71599997520443
63.819999914169344	64.12599995851514	65.42199998378754
3.4260001564025897	69.40999991893757	92.01400007545948
81.53000090599056	61.126000046730006	63.85800003468982
27.4300004005432	67.82800022602073	66.92000025987625
-0.3919999122619652	66.88600027322768	67.56199998378752
94.94400041580201	70.09800001859658	95.21200049683452
21.288000001907363	71.2699999910593	67.75200009584427
2.9480000782012916	62.80999969005585	72.2319997167587
121.01600031375884	70.59600011929865	85.66000002145768
16.279999995231623	77.36400048017498	68.907999881953
13.300000152587893	67.57399994686243	69.56600005328661
-3.266000213623047	60.77399990439412	68.07599994391207
4.325999898910529	72.33799993932246	66.94000017121432
2.670000181198122	62.53200018927452	99.32199981212621
42.89799978256222	82.05599977254866	68.95000019729133
3.272000236511231	72.06600034028294	67.18999990701677
4.022000102996829	63.97599981069562	69.75600007057186
20.62999973297119	62.346000146865826	62.276000012159365
10.487999963760362	58.37800000369545	72.34000003874304
28.7339998626709	57.33200020313263	88.77599995970729
0.5519999313354496	81.46000017642974	75.97799970582126
1.6219998836517362	56.593999829292336	82.62399979114531
69.00400007247924	63.80600005865095	121.74000043153774
30.704000377655017	68.12000011995433	73.81200013279913
35.75199969291692	64.79200015231963	70.2540000987053
0.9640001869201692	65.79000005245204	72.4139999198914
12.232000026702874	101.14999958634372	73.28999994635575
-0.4079999065399202	63.92399993896486	68.30000004470348
17.688000164031983	58.29600016593936	65.89199982166286
74.63799985885629	92.61799990445367	83.53000011682508
42.676000270843474	62.699999892711595	68.42800005555151
0.9380001831054714	84.95199977979057	66.06399991273877
1.1819996166229212	72.54799986392261	100.89199985027298
3.9859999847412126	76.162000222206	77.30799986124036
29.73599957942962	70.1360000121593	75.41399990558622
5.564000043869021	62.73600029826163	79.63600013554091
-1.1339998912811315	79.18400023043152	70.73000013351444
1.4319998264312723	66.29799995422364	91.95399999260898
2.683999862670893	67.68000005632636	74.12399987220758
25.255999860763563	67.564000287652	66.90200007319451
17.146000127792366	75.08600028395652	79.46799952507027
1.295999917984004	73.11800000473853	72.67600017070775
8.700000009536744	71.2460001826286	87.56200011253352
21.864000215530396	77.21200006246558	67.48800005912778
-0.33000001907348553	60.68199986457827	62.33000029563907
15.619999780654904	65.21799997448917	72.64199984073642
1.8680000209808356	61.99400002598764	71.01400011062614
27.48799969673154	64.93800001159308	68.54400006294252
115.71399984836577	67.69599988445637	70.39199997901922
10.214000072479266	67.6860000324249	79.14599987983696
78.98200000762941	62.570000002384106	69.37200014591217
4.292000026702882	71.84799995064733	77.95800031304364
254.6419977045058	74.71799996376039	65.994000005722
2.0159999561309836	61.38000012844809	69.597999946326
1.5840000057220485	79.50799991130827	64.41199995279312
3.676000146865846	63.00000004768362	83.63599985003472
28.738000011444093	72.43400014340878	115.73799982786187
298.89399945139877	62.94999985694888	69.94799994111054
-0.9100000381469707	64.3900001239777	66.9879999661445
13.862000131607052	61.242000358104676	94.01400011062624
41.61800007820128	69.92600005626667	77.9339999309183
139.290000413656	64.32799987629056	68.78799989461908
-0.4600002193450917	63.45600004673003	102.44600059986111
32.05999987602233	80.05200022310022	75.41600023746489
20.929999771118172	74.0700000381469	71.15199966534973
20.360000152587915	63.17399974301457	81.17200008869172
12.76599988937378	61.59800008058547	71.6060003709793
16.55200009346009	67.8319999621808	87.1579997849464
43.331999735832206	57.761999945640554	64.05599973201747
-0.5060001850128168	66.94000009059907	70.99000008106228
1.1600001716613784	59.675999869257176	73.20200019359584
90.24400011539458	63.84999996185302	70.18600003242496
-0.5179998970031771	69.19000039666894	65.67400012016302
19.294000082015994	71.95000022426251	69.26600013256075
19.515999898910497	78.35999985575677	69.56799989223474
13.915999994277957	81.54399975419045	71.51000010490422
28.930000247955324	68.34200007617473	63.61600017875432
43.02800022602077	69.410000129342	101.04599933981898
68.23800026416781	71.08199959993354	69.39799994468686
99.9479998779297	62.055999898910535	65.00000020980835
13.551999797821043	64.95599994182585	72.66799981474878
-0.62999994277954	64.05999998867512	77.80000028133392
0.8480001163482694	67.65400016143914	75.7519998455048
1.2199999713897662	64.88000018075114	73.1960000181198
95.81800006866456	62.18400001004342	88.80800008058539
3.041999959945675	64.63599999666216	77.65800009265541
0.03399987220763981	66.58200000762945	94.26799976795918
4.491999940872194	66.24999990701677	69.84600016534331
16.082000150680553	76.8419997859001	72.17600019931785
26.227999849319456	74.64200010627503	68.87600012123576
49.86000041007997	79.23400002717965	86.21399999022485
34.60800008773798	61.92000000715255	62.25000003099433
25.799999885559117	67.81599968492982	72.71199999272825
4.209999952316283	83.97800010204313	66.8539999127388
38.74199960708623	69.56800008118154	91.53999952793124
2.0719999980926493	78.0040000724793	80.94999965652828
10.354000015258785	61.06400003433227	66.02199972629545
-6.689999942779544	81.68399963617321	66.18199997589
4.178000011444091	66.28399996161458	72.49799980163566
2.0699999713897728	76.42400013446803	75.86199986323719
6.8440000271797095	62.78399993985882	66.16999973297115
1.873999996185304	74.48199991941452	120.05599980264903
26.290000066757198	65.34800016522408	70.19799967527388
12.972000000476843	66.9320000776648	99.09999980747696
1.756000108718875	72.54600006774064	78.9480001020432
27.056000385284435	65.01199967384335	75.5039999490976
9.634000024795515	64.81200003385538	104.78400056451548
38.19199995517731	60.648000088185064	75.13199975877998
0.7799998474121058	73.31400008916845	70.86399989843369
141.1859999561309	63.821999829709576	69.4860001850128
4.264000005722044	66.51400002360336	71.63800002098081
12.283999919891363	70.54599999457595	63.47400005340583
40.40199993610377	66.07999975204473	83.36799984693528
2.5440000152587907	87.33800006151198	72.49400038242342
38.31000021934511	68.14399968862534	69.22000003933907
6.064000053405756	99.12199918746937	67.0520001244545
0.8359999275207536	61.949999922513925	84.102000169754
0.9900000953674332	67.74799994826317	82.41399988561862
-3.4139998245239243	61.252000142335895	85.99800012588504
6.612000083923333	56.0660001999139	66.26400025248522
10.610000143051163	102.40800086766477	68.50999986648557
2.9460000610351575	68.84399984747168	72.13999996542927
65.17799976348876	67.5620000982284	63.875999870300305
16.073999910354615	68.48600002810358	79.7120000696182
3.154000177383424	95.72800000906001	82.54800015091884
-1.9900000667572082	64.74400022312999	70.2580001068115
13.08000012397764	81.94200018882744	122.62600010633466
19.576000070571897	59.23800006628034	64.74400010883814
8.928000125885006	64.76000002503395	67.78600007966159
0.5739997768402063	64.57599999666212	68.39199990272523
13.984000215530397	79.4919999971985	82.5260001337528
9.677999963760378	67.4260000415146	63.72999999523165
0.6240002346038782	76.29599943757053	68.30399985194201
0.1139998626708978	66.96800009325145	67.96399979114531
-0.7020001220703106	88.96000004291527	74.18799981951716
4.368000192642215	85.63800003170964	68.9139999219775
8.006000156402592	70.96999968796965	77.35399977922447
2.45799996376038	82.38200004577638	85.80399988174436
1.188000173568724	71.20799969196314	77.19199999093998
59.28600010871883	66.31999987319105	70.64600007742646
60.049999685287474	85.70199990332121	65.05400001525881
28.77399997711181	90.87199987173076	88.49999969005577
3.8339998340606667	79.44799999162558	65.43999999344345
3.1520001316070556	69.70400018692017	69.7480001544952
1.7599999237060524	69.20399995803828	80.32999994754783
2.45399988174438	68.30000012367961	69.04000015497195
22.273999958038335	63.8059999322891	70.31399999022486
1.165999975204466	77.25799982458354	75.17600002646448
2.5460000896453843	84.77200040161598	72.31600007414809
0.18199997901916554	58.51600027441978	72.87800015926364
44.89200005531311	71.98999992623924	75.11400017499916
0.978000049591062	64.82199987649925	73.71000006675713
1.6239999580383282	60.291999860852975	111.95000025749212
29.743999948501596	66.0839999376238	70.69000006973738
2.847999916076659	70.06200017094609	81.29999997019762
33.81600016593935	61.49399987816802	73.1600001621247
9.669999961853028	73.42800008535391	70.72599977344274
10.31399968147277	63.72400002181532	64.32399993807077
24.150000286102312	68.76600014001131	86.7580001869798
1.144000043869022	72.3680002379417	72.74000023484236
152.59800058841714	70.7960001349449	81.04200008153916
24.992000246047972	57.255999938249566	65.99999992847444
0.5360000133514435	64.63399961352353	81.51399989604941
7.516000223159786	63.27199994564053	64.18599985599516
11.87999984741212	65.15000000625857	70.24799984961747
12.940000057220463	74.20799969434741	67.74400012329222
47.11200006484981	66.76199964880938	81.00600013732902
0.16999993324279927	61.70799992889165	61.542000250816315
1.7320001697540313	61.52799986124038	68.8460001862049
16.12000018119812	70.43799995899198	76.55199984595178
1.9039999675750727	60.425999882221205	100.4040003460646
7.419999952316281	82.19999978899958	91.90600042939191
44.07799997806554	64.77199990242718	69.66000000417233
-0.22999974250793342	70.78799986004833	87.53800029039378
1.577999897003176	90.06999973490841	70.68400010436777
0.6420001125335686	66.15600024461743	74.78599986433983
43.09999979019165	70.01800006031986	70.17399992465973
120.2120002031325	75.74799991071224	70.32199974730607
0.21199969291686727	59.3959998071194	90.7419998192787
2.7939999675750746	71.45599986314772	64.80600028038025
5.749999923706057	64.87599996492264	66.81399961709975
-0.06399994850158593	58.17199981331827	73.48400022923943
3.540000047683715	64.06199993133546	72.15200032904747
-0.08599998474121387	66.18400000765924	69.64200008809566
63.56200030326842	66.71799987316136	73.88000011920931
1.6419999408721955	96.6780002126098	63.493999750465136
1.9820002555847165	63.84599992051722	67.48999981284142
87.49600011825565	67.87199998378756	79.14599997997286
1.2720001220703132	62.02200003385545	67.35400007724768
116.9819992995262	71.93400019168847	75.86600003004072
12.256000041961679	59.93399999260899	76.07599984169
-2.0600000476837224	76.72200011014935	67.21000016167748
8.81799993515015	72.53199994951483	82.61200009867547
1.5620000934600855	90.25399921447048	99.27600012272599
27.89400005340578	73.47000005036595	68.74399998664856
8.276000108718868	61.71199985831975	88.57000017210838
94.30999974250794	56.866000031530824	70.08600000858299
6.079999923706055	72.29199999868864	71.00199982643122
15.365999822616578	69.88400009274473	83.38000000268232
16.4420001888275	68.19400016784668	67.06200027942651
28.650000066757226	104.50999913513652	101.4799998538197
0.8379998588562009	59.12799988865855	69.5880001401901
-1.3840001010894813	79.18799994945527	82.49600025176997
-0.25400012016296264	78.24400014400483	149.1880006229878
67.81599961221211	65.45799993753431	70.12999997735025
5.864000167846685	75.80400017976756	77.96799997806555
9.505999956130987	65.64199982240794	99.65199970901018
63.05000069618225	73.04999997138982	74.0500000658631
89.27800045013423	66.13599994182584	73.74800001502037
28.844000082015977	60.30600015252832	73.23199970722195
2.004000234603883	65.01399983108044	75.73000019788739
60.234000244140574	64.30399995684618	71.763999928236
2.674000129699709	63.617999800890686	75.6520001244544
-1.1699999904632574	70.35800006598234	69.31200004458424
3.7940000057220438	80.69399983093142	69.56999997973442
13.315999851226817	89.34400051712998	69.46200005009766
34.01999999046326	71.66200013950464	138.1260001769661
30.031999816894505	66.76199994087213	70.40599998950957
5.645999746322625	70.2540002079308	66.91600013345479
0.8960000896453868	65.44199988365172	69.45399981409312
-0.7720004081726063	70.56400005534292	67.49999975442893
19.81599994659421	98.10999978303907	75.18999959468837
-0.949999771118165	69.25999979972836	68.10200008153916
0.5360000038146964	62.34800001621248	77.93999999731778
11.640000219345085	63.24799996495243	83.27600034475329
12.272000141143803	72.20599994063373	78.09199978664516
-0.0680000019073465	65.20199979633091	66.44200007200234
21.10400016784669	67.39399979829791	68.69200029253966
10.391999835968019	68.99599979996688	70.79800009250646
18.985999965667705	78.54999964833262	130.00600035056462
5.843999986648561	74.06399962633851	80.85000020503995
12.671999711990349	68.36400017976756	72.96399988412858
18.407999916076648	65.33600001931184	73.91399997860191
134.56799973964687	62.9999995708466	123.2200005818903
11.97599984169006	87.48799985960123	66.77800009921192
4.1180000591278105	70.55799993038175	72.55200014591225
43.35399998664853	71.55000010252	78.45399981498717
82.13200010299691	78.21599969133729	100.88399993702765
3.2640001010894775	66.01400015830994	76.59800009369849
2.4799999427795396	60.81800005912778	73.98000001430506
0.45599987030029476	75.5119999408721	65.00800002098083
-1.0340001678466801	68.87599991485476	82.45800007820144
0.7139999771118177	63.56199989616865	61.96400011837476
27.67400006294253	75.07000023126596	69.57000030726199
78.36000009536745	62.06599996671079	68.25199982643122
10.939999971389764	90.53200022041807	74.21200024485587
8.30400023460388	66.12399986028674	114.03400004774329
16.190000009536742	80.10799997016787	66.51600010156626
-0.39600006103515756	97.88599932670596	86.18000000432139
21.020000162124646	69.39600004017349	75.48599987506857
26.783999800682093	69.07800022870299	72.55999992609024
5.1740001773834186	62.24000003576281	87.78600000858304
37.683999986648566	108.67599969804287	68.05600033283228
3.3859998607635466	65.17200007647281	65.77599990844729
0.8800001430511454	90.42400032356379	73.72000009596347
8.903999872207649	101.09200039744378	69.37200006484986
1.1840002250671404	77.58599996179348	72.98600008010867
394.9299985969069	104.7859995241463	73.26000000476834
18.244000120162948	69.49000010803337	69.43799991369241
1.331999883651736	80.7380002321303	68.7019999885559
2.133999786376952	60.56199990272521	67.40400012969972
49.77000011086466	71.42799974441522	72.05399988219136
9.24199995040893	69.68800019741056	72.39600008010864
11.674000034332254	67.85600007772446	73.08200013637541
0.7420000457763678	68.4759997281432	66.7699999380111
1.4519997501373312	62.60599990129467	68.39000011637809
1.4159999084472685	61.63999978184696	65.9520000648498
1.5079999446868884	78.05799972176554	73.457999818325
10.021999959945676	64.8000001721084	70.98200009346007
14.10400008201599	82.09999990463253	64.72600011050702
150.91200074195845	72.428000278771	67.57600004315378
27.791999835968028	68.8840001118183	63.78000004768368
1.788000183105473	80.67199950844044	69.38600002050401
4.808000221252441	59.240000071227584	65.84000010877845
1.6240002727508531	80.02799996748566	75.67399997949602
2.988000059127803	69.95999975532294	72.82800010830164
10.80199995994568	67.02600011110304	81.72400010108944
-0.014000091552734196	63.81400000691404	62.89400002479553
0.9899997806549101	75.50399987220769	78.5079998850822
1.169999999999998	70.95399991005655	75.31399998664857
84.2719995307922	67.93800004005426	73.2279998588562
32.3819999885559	56.07399973452088	69.24999988079065
3.4800002288818397	69.17000008225435	73.07799991607658
22.22800020217895	66.46199955821035	69.52800019383426
4.251999931335446	63.77599988162518	72.58399997711176
4.260000114440921	60.21999998450279	72.98599981963622
15.08399996757506	73.95399991035457	65.68000005722043
4.159999961853024	89.9479998221993	78.70400008440029
3.116000051498414	65.4939998485148	63.139999740123756
4.1219999885559115	64.91600009441373	85.80999997615807
5.517999877929685	83.18800020188088	74.03200020790099
0.5299999237060552	66.80000020354987	72.25999988079069
0.12599990844726816	61.780000014305095	83.13000006198882
2.156000089645387	85.8679997119308	93.40999970167877
-0.6859999561309833	91.01600004717704	244.39999918788658
0.31799992561340457	57.13999996423716	62.06000009775158
1.3760001850128163	65.30599991992118	67.99999974727632
2.244000062942509	78.32200008630747	63.70800011634829
2.5240003299713143	66.84399992421268	68.79000034451484
7.840000190734871	59.39799997329716	90.78600020527847
2.2660001277923554	68.6400000870228	95.90400021493434
0.9440000343322726	65.73000006139274	71.58600002288821
18.275999860763537	71.43400011450052	68.59400007247928
5.1160000705719	64.57600006461148	67.53199996232983
-0.6699998283386212	83.11800026863807	66.77199991226192
3.5159998321533195	73.23599981307974	75.08400011539453
0.7039998149871833	89.16599977970114	78.54000014543526
13.077999906539914	72.88599979996674	68.4440000188351
1.8040000247955332	62.777999997138934	69.93599996566773
2.7900000286102284	61.74399988949301	84.40799993515009
8.232000131607045	81.99999994814392	82.71199999570857
1.4180000209808326	74.87399991035461	89.49200030803684
3.1159999561309832	65.43799978539349	82.9340001225472
14.877999830245967	66.44399992778894	69.42800023078922
1.319999971389773	66.70800029754633	72.05999989747993
94.74799952149391	65.03000000715257	68.61800005435943
3.247999811172485	68.87000001668927	70.56199993610382
2.35599986076355	63.641999940872175	66.95199985504148
12.458000097274782	75.6979998910427	71.78400010108945
0.2120001697540285	61.78799981504681	67.25600004673004
0.5499999523162847	66.82799991607659	94.10800041794778
13.631999769210825	64.0239998826384	68.77800002187483
173.20199885845165	73.79800009846684	71.6560004265607
5.40400025367737	66.7420001779497	88.76799990653986
19.58200012207033	68.90400012284519	68.64600008487695
1.6860000801086406	65.23999998211859	60.30999990940095
2.134000329971312	68.61999982833862	74.1620003044605
1.4779999256134038	67.54200004816049	72.12199990481135
24.74800014495849	60.682000069618255	68.35799984812736
5.996000022888179	67.66200001955026	80.14999985158435
2.0120001029968284	67.23200005829332	79.59200004428622
69.97800001144412	61.42399991989138	74.43200008630744
2.58799993515014	64.80400020599365	70.04799996376032
5.892000198364257	60.88200007915491	71.06600014686583
4.054000015258783	62.10799995720389	77.58399984553449
11.61200010299682	70.18600004389879	68.96200019955633
0.8400000095367438	64.80600020483134	77.34200005531314
7.289999885559084	65.35200013637548	94.17199975430965
-2.901999979019164	60.56599984407423	70.16199992388485
10.15600002288819	63.35800005674362	71.50600029736749
3.1480000114440916	64.75999996185303	73.80200019836428
239.50599941730508	63.99599996089927	64.85000001847742
-0.7140000724792511	64.07200038909914	71.65799992203708
54.95599995613097	67.90600001573563	90.24400014996533
14.493999986648578	64.30799987405538	66.54000011682515
79.29400070667265	67.37800022840494	68.33600004196164
13.369999742507947	70.30799995422362	99.3360000097752
19.501999931335448	72.90799979090691	73.57799991905684
2.3739999580383295	64.01599987030019	76.60200037240982
6.342000017166145	118.49200081586844	72.6080001282692
196.26799959421157	61.035999974012405	65.0479998254776
203.5219998037813	68.45799980700016	68.21400010585782
6.404000091552731	74.00599960401647	68.89600006580355
71.31399981975558	82.80399997651566	75.11799984693528
25.054000015258794	63.58999968051918	71.7580001047253
22.62200012207032	74.29000009655948	71.93600014448158
2.9179998493194517	62.566000013351406	72.71800009727474
2.5880000209808354	66.63399990797043	70.76199990734462
17.255999660491927	63.618000100404004	70.98800016641617
22.42200010299683	59.43800004005433	68.27000004291538
19.85799998283385	66.03800005272034	81.70199994504453
-0.7220000839233415	61.715999755859386	96.79800024807444
35.10200028419495	62.89400018930437	66.30399998784067
4.715999851226802	74.2420003791153	65.61600001424553
0.2640001106262186	67.7100000381469	65.76400009155272
1.8540001583099335	68.30399997651575	76.30200023651116
-3.74200009346008	70.19200037479406	75.0059999632836
3.6559998226165793	65.97799995750188	64.89200010299683
0.3779999828338601	62.749999773502346	74.92400005519397
46.02399989128118	92.15600009322165	71.25400003433221
23.383999938964827	58.20600013375281	76.57200047016136
24.94199995040892	64.5699998760224	74.87799997329704
1.5820003509521456	60.45600003719332	76.43800007104866
11.30199977874754	65.81799992918971	73.11200009465222
2.146000080108647	72.02199998378752	86.51999993801115
8.160000114440916	85.13600012779226	67.22999999642369
-0.04800004005431913	69.58399980038403	70.69200002193455
1.8799997997283966	64.1619999313354	68.74200012683873
10.250000095367444	59.39199984401461	63.1080000543594
48.35400001525882	141.09399999126785	83.32399970948697
34.89800024509428	64.72200007438663	67.34599988460532
-0.12799993515014543	66.67399991512296	69.2739998435973
8.016000080108649	73.5299999469519	81.16800046712163
0.4479999351501497	62.70200001195066	68.55399989604948
10.721999883651746	69.9299999356269	72.44200022935865
3.9940001153945897	66.39000002384181	79.10600006103516
2.3580000877380414	88.6899998596311	68.24800001144413
0.1640000152587862	68.49399975568055	65.77599991798398
29.9679998588562	59.38800016999248	106.561999745369
0.551999921798705	73.28399998396624	67.4299999141693
20.235999913215647	68.13600000381467	75.53599970057606
1.528000078201295	77.33000027656556	68.57000003099438
2.5240000915527316	65.74200003445146	68.80999993801112
10.936000003814701	63.114000082015934	70.85599989056585
2.812000093460083	62.49199998855588	70.57200017690657
0.9779999017715458	108.41600022315983	66.030000026226
4.848000221252443	64.53599994540212	68.08600011825567
66.96800040245058	80.94600025177013	71.48000031948088
2.824000148773194	73.89599981307991	85.23599990844725
47.81200025558475	62.96599986404178	72.42000018835071
3.4659997177124025	66.53800028324125	75.42999997377406
55.65599990844727	59.26999997854233	73.79200044393544
0.009999866485597048	65.09400028824804	67.85999999761584
33.49599984169009	65.22000014632941	69.95599983692162
35.341999602317756	67.31600014209745	64.93200003385547
3.6339999961853056	62.09999991357324	79.23800018072137
4.345999956130983	73.49600013837215	69.6739999353886
-1.8159998893737812	77.09199988931412	64.97200006008144
16.970000219345113	62.3560001546144	69.58400020837786
18.587999906539906	67.83200008273117	70.82200008749957
3.524000072479246	67.2440000152588	96.49199987351881
-0.9840000724792489	56.25599977776406	67.43000018835063
2.809999933242794	63.01999991804359	108.87200008034702
4.4679998970031765	67.27199948221444	71.66799986317751
16.419999828338614	62.053999949693655	75.8420000112057
15.806000232696528	64.66799998164176	80.45199983119957
14.046000099182113	65.45800016164776	67.6300003445149
-0.22800016403198395	74.05599965095523	77.06800016880025
-0.33200020790100176	68.57800030708312	89.74199983358388
3.0840002441406273	64.64800006389616	90.66200062334536
1.7199999523162837	66.84799994662403	74.92000013589858
35.833999662399286	63.86399978518486	75.3939998543262
2.1700000190734836	68.95399985551836	68.90800014778976
37.17799996376039	60.555999996066085	69.75399970054625
16.03800016403199	105.22800062865032	70.26199981167912
15.462000198364258	61.908000040054326	96.03600038483746
1.7780000877380377	74.90199993178247	87.7960001075267
19.142000045776378	66.65800005197526	68.00199990749358
2.674000024795537	66.78599987536666	72.5680001045763
1.2580000209808373	74.6559997218847	79.67599985122673
10.6859998703003	69.63399991035467	72.87399996280674
1.46000011444092	65.08799996763466	73.69399993062011
117.61600106239321	70.98800021469593	77.91999999523173
7.096000185012812	69.02200008034707	69.16599992305045
42.09799981117249	75.41200003743182	67.4960001969337
7.783999977111815	68.37200004100804	81.40000006198875
2.9219999217987063	64.77199985504153	66.95800016880035
17.022000122070303	67.65399996042251	73.11999998092656
1.153999853134152	66.29799974679945	83.75600000381476
17.554000129699684	70.58399977684022	88.84600027650588
8.411999816894545	60.72600001335148	63.056000113487215
0.9119998550415045	62.33000004768369	77.89800011396406
61.896000118255586	66.01399979591375	67.88200017929076
35.88600015640256	62.42799997970458	69.13799995422367
1.6119998455047604	63.79799988627432	70.76999988079076
3.814000139236449	56.89799972206359	67.39799999594683
0.9260002899169946	62.568000001907315	86.52000004112728
1.6619999694824255	70.19000025421383	72.72399997040631
8.247999858856208	71.2080003985762	70.90199984073635
10.187999944686883	64.36799989074463	65.21199998080732
4.829999990463263	77.99400002956384	70.20400024890904
2.3579998588562003	81.90799979358913	77.58399993285526
20.35799956321716	72.28600017592314	93.66200028657916
52.713999652862526	99.75399978980417	81.2360001945496
20.153999872207606	68.01199972778556	70.81800006389614
126.32200002864003	66.75600019961594	81.89800020217898
1.9140000152587875	79.05600022077556	71.10199997544288
2.8379997539520296	70.35199985504154	75.54800046443931
10.764000205993632	63.28799989461903	72.44999974727624
1.870000162124634	85.38599975824357	77.10600015640253
2.976000118255617	62.56399968549613	71.5480001783371
8.919999799728387	73.5679998397827	74.33800009727476
17.466000080108664	70.11399967998274	67.00199995994565
14.507999877929679	64.9019999623299	74.12400002121926
34.103999834060595	63.82000002384181	80.80599992275233
12.75399993896485	65.78600003659724	67.42800002098079
0.5280002880096409	67.12799991965295	79.6220003330707
2.5420001125335685	54.97800005435945	66.91199996709818
21.93200026512147	65.88399995863443	69.17200002551075
7.5320000362396335	68.39000023841854	70.13000019073483
29.987999892234797	67.59200005054475	77.89199989438056
10.051999988555902	66.7780000102519	68.51199997961527
67.99399983882905	63.56000023365022	66.3580000257492
24.30000002861024	64.26800008893012	67.15000008821488
14.910000038146984	71.83600014686577	72.05800004214053
0.08399981498717998	63.865999931842076	67.57200019955634
7.950000038146968	66.68200003832574	70.17999987602244
37.811999964714076	67.5359997069835	67.47800014495849
87.93000023365019	63.86200011819599	109.03000004172331
6.4040000438690186	66.75200003772973	76.41200008869171
8.382000265121464	84.62000060409305	67.75599994659424
228.99400014996533	75.69199979469172	84.35999967098238
3.5000002288818326	62.975999971926214	65.22800024747846
5.009999809265141	61.18399995923045	77.15399997711185
2.874000263214112	59.77000011414291	106.97000001072888
-0.42799997329711575	64.36000007629393	71.10000002384189
1.0420000267028782	56.479999935627	107.56599919795997
32.74000014305113	79.55800066545615	84.22199996471407
2.0439999389648396	61.9639998579025	70.83200001716614
0.2499998855590824	69.71200005173687	94.99399996399875
13.095999984741205	62.902000026702936	70.20999992847442
1.7580000400543225	60.449999989569186	76.15600029945372
27.126000280380246	103.63600001960988	78.31999983787539
-0.11200006484985242	81.90799954891209	77.26999981880189
12.106000137329099	67.61400004968047	81.82399978876116
10.922000122070322	70.5420002174377	70.07400003239512
151.08200062558055	62.376000154018385	65.53399976581338
6.35400007247925	64.30200021862984	71.04599983692167
0.9560000228881868	67.26600001454352	63.930000118464186
2.2339999580383267	70.04800000071535	79.99799971625211
-13.100000200271603	69.65200018882749	108.92399988651277
8.126000032424916	68.29599982857705	69.27599998950954
0.3479999446868886	63.8840001425147	83.59600029289722
9.457999954223634	73.08000000089396	91.15000049158937
3.763999881744384	71.41400009393689	69.63800019741053
7.464000043869013	64.91400000184775	65.07799991324543
5.394000015258786	68.90800031125544	73.13399985402813
87.04999978065486	77.51800022736192	94.96599968478073
10.949999752044677	62.97199998944999	69.28599988937378
34.03200029373169	74.50999990940097	82.20999976158132
1.3639999580383286	68.21000037670134	86.7680000889301
52.0919999599457	64.98000005245208	63.02800004959104
3.0800003719329885	65.67200007915497	69.76799987792971
15.374000043869021	66.84199982881552	70.811999771595
6.331999750137329	69.27600017070769	70.52599986374372
1.6239999771118168	64.43599997997285	78.67000010788439
39.22199995040891	65.82600020289418	79.95600025832654
2.460000038146976	66.8480001378059	71.3960002136231
3.0119999408721916	84.749999871254	67.57399986743926
2.138000078201295	72.13400011062613	67.94800001382835
1.4980001831054715	101.53600000619899	91.65999967098243
0.7820001220703142	75.8199997520447	79.25600010514253
19.810000228881844	60.666000070571855	68.57800025463101
37.39799985885621	68.86399984851481	82.01200003176926
67.49599977493288	73.56599995642898	74.16799990177152
-1.8100000762939457	59.264000010490435	65.23599995553492
6.21799995422363	60.36600012302393	64.40000001430502
48.66600058555608	78.91399967610839	85.43199989616869
-1.231999940872189	70.60600018650285	77.35800018846994
2.130000095367429	67.70999974727626	80.67200022220605
-2.4920001125335713	69.48600020885465	69.32599977970123
-1.6679998779296856	68.13199995994562	69.88199995994569
78.76200002670292	65.58399998128414	78.318000228107
4.169999952316284	65.34799995779983	68.68599985122685
10.406000165939336	63.90399997234346	74.10199984282248
9.52400012016297	75.0920000761747	66.64200001955032
3.0160000896453907	68.96399979636075	71.92200013637539
5.966000032424932	93.18399987220766	65.08000011920925
14.157999830245972	65.47400010585783	77.8439998400212
3.5639999103546116	64.85400010466576	77.9720002011955
0.9540000057220471	56.422000126838675	71.94199991941446
78.7939992618561	60.34000001311302	73.69000007152545
3.366000089645388	64.74800000280138	64.0060000325739
1.7560001182556162	66.40400025844576	64.88200004577638
-2.1240002441406256	56.084000003337785	68.90399991035459
3.5539999389648425	89.50799983203414	106.27399975821369
1.236000013351441	65.19800004750495	68.56199989318849
2.596000146865846	67.44599999964238	66.8899999046326
14.759999971389771	71.90400002434846	71.94999973922963
2.733999977111817	64.0380000038444	71.3100002515316
13.659999866485594	106.6900000049174	73.86399993896477
9.652000093460083	71.39200017899277	65.69800013303761
43.15000001907348	69.21399990260598	89.35600031852718
1.6340000724792498	74.49199975222352	74.2500002473593
9.787999935150141	64.10199995905155	76.61000014975664
2.2179997634887676	79.05600040644406	67.70199970483779
8.22400007247925	71.42599972486494	70.44199998378757
4.738000001907343	99.18600008741022	73.04000001907343
49.00199967861175	70.4799999177456	86.21799970507625
10.570000114440907	65.56999996662137	68.14400012969972
-1.2499998474121095	65.31399979591365	101.6379998114705
9.19600010871887	73.26999987676724	77.77599987804894
2.7800000858306846	67.17400012522937	93.79399992495777
6.669999990463262	71.13399971321226	68.23400011539464
6.73199987411499	69.92599985837936	74.4239998561144
0.011999988555907698	72.86999998688695	64.11800003752114
1.870000057220461	67.29999998718502	73.80999990940097
7.903999919891349	67.30000014543535	73.36799989700319
29.303999996185286	80.98399993106713	63.67400006055831
13.266000127792353	69.42999983668322	63.87800029084091
2.690000152587889	64.02399987220761	77.85400010406971
15.171999883651745	64.92599975109096	77.63600001841786
16.02600019454956	63.63399978637699	64.20599999666213
20.506000061035127	61.00799992203713	74.72599999904637
1.1400001144409175	63.395999834537484	79.60800011873246
9.168000020980832	68.4279999478161	72.41399990558618
0.1860000705718974	62.93599999472497	67.32000011444089
0.9800000381469728	62.40400006741284	69.20200001955027
9.314000072479235	68.41399997115133	68.19200005054473
3.3560000133514434	78.12599967911834	95.41800001859664
21.429999923706056	64.73399988651275	73.24000012397767
2.8279999542236323	69.18599979877467	79.82800001263607
0.7619999885559074	64.58199988603594	78.72799984052774
3.0379999160766573	66.65399984717367	79.97600021362301
1.9360000896453846	62.160000019073514	65.81999996423716
0.9800000381469707	61.79599994331594	68.24000018119807
2.901999959945676	57.502000029087114	70.12600016117094
37.109999847412105	70.09599999189376	68.70400024980299
20.48200001716613	64.86199976205825	68.62799991250039
1.0679999828338635	69.47000020503992	66.43599997997278
35.46799968719484	71.26399961769579	88.22599977552886
-2.971999855041505	68.31400042265652	64.86799998283388
0.6619997501373259	69.78199983239179	67.63600012153387
-0.5919999790191633	59.410000011920964	72.64800008773811
125.6879998397827	61.789999860525114	64.65199998855589
6.102000007629392	71.64600012868642	66.9459999227524
3.5980000019073533	67.54400018215175	66.34799990773205
33.62400031089782	74.17599991559989	64.83000035762781
18.199999914169307	63.3280002212524	75.12600007623438
1.2520001602172857	63.24199997305863	80.39999973297122
4.542000036239626	94.36599999904635	78.45200022935865
3.19799989700317	64.44399998426435	93.98399967670447
4.637999916076666	71.34999983847143	99.31600047588356
1.8299998378753686	65.63199978232383	73.89800004124639
3.070000047683715	64.53000001430512	90.56400009632115
29.754000158309942	60.73999986886977	67.20999994277948
-0.7839999485015833	70.16399992659689	72.45200022935876
3.6839999198913613	74.71800052016971	87.03599991798396
2.089999999999999	84.73400017499912	67.54999989330761
-1.326000032424926	70.21800000786786	73.91200010716913
1.4920001125335667	64.80800000831483	65.3839998579025
7.79600026130675	61.29399994134897	78.23399973809713
50.31800051689148	64.9499999856949	67.22000013828283
13.973999881744396	66.9599999809265	64.72400019168853
93.26399942398078	59.5179999254644	104.9180002647637
16.43199991226196	62.568000135421755	64.38999990463259
9.467999897003187	69.79600010871887	96.32199969291693
0.7439999103546131	67.58600012302392	135.82199949085702
1.3899999046325697	95.4880000254512	78.86800007581708
107.91799953460695	77.54600031137467	90.85199960708619
52.604000120162944	63.45400013566016	64.796000020504
47.85600030899048	78.86200004935272	80.13599997550246
3.5859997940063466	65.0480000787973	88.75000003099443
14.57199999809265	56.578000125885055	86.15399975776667
4.061999921798701	65.50399996280667	66.84599982261652
-0.4179998874664331	73.07999977350225	97.00200009942066
1.578000116348267	58.14399994730948	70.60200015068058
14.356000118255624	84.43199995785955	72.53800007700917
6.257999925613408	70.2279999546707	68.11399989128113
0.4759999179840068	59.35399978160856	111.79000006496905
0.21599991798401033	66.81000013649465	65.35800027132031
5.890000209808345	63.54599983930581	72.89399992346759
5.10799998283386	60.97800007104873	69.65600001752377
19.99399981498717	72.72800013363357	112.1500002191961
14.070000085830703	64.9359998857975	72.9140002131462
117.76399975299825	72.08199959516524	90.82799994781608
11.973999948501582	67.38400007247917	60.99999983429912
26.4520002555847	59.502000080347024	67.62800005912777
9.0519999885559	62.76200008541345	63.47200016021723
12.1180000114441	60.15199975490572	74.64799976825707
88.82000017642984	88.45999980732793	71.34599987983702
1.3660000228881821	62.39800001621244	93.39000013202428
19.141999893188487	100.98599990963943	129.8580000789464
5.320000295639038	61.24400024414058	69.10199985504148
-0.2620000839233389	61.50000004887582	68.78599993705748
2.808000125885009	67.20600017488002	69.65200005888936
25.980000028610235	62.59000001668933	70.27400024890893
23.668000173568704	69.32600006580354	74.00400033950807
2.0360000514984167	62.693999946117394	65.52199980378151
2.186000070571898	73.08599993646143	71.30199993133549
22.77600008010865	69.83800009965891	69.68799996063106
1.3420001792907739	60.65799991130826	68.09599998235703
17.377999916076668	62.899999884367034	71.39800004005433
4.112000045776367	70.17200009584425	86.73199990794063
11.275999975204481	66.6920001804828	76.47000012397771
1.5199999141693135	63.409999958276735	98.26400030419235
45.986000251769966	75.31200020074834	62.17000013396141
3.0340000438690216	63.9699999913573	75.04599997043609
4.214000177383423	63.554000361412676	87.45599996477375
-26.191999788284285	70.84399962961673	69.07200009822846
112.92399964809414	63.47999986767772	67.37999997735018
-0.5219999408721901	63.646000037193296	72.17000012338167
7.686000204086293	64.32199985295534	73.7539999544621
115.84800071239474	85.96199967384334	94.433999851942
125.71200036406528	114.16800028115507	69.46799978151923
2.277999734878544	77.25000016391265	69.68799999237055
17.560000114440918	64.70799989283081	83.77800005912776
90.72599990844728	65.26000002443789	68.73799998909236
-0.6159997272491419	67.45600016355517	79.46200020313259
35.527999830245975	66.77999986052515	77.04999986961488
63.60799984931947	64.6520000362396	76.75600004628296
6.75400010108947	61.222000017166145	67.20800023555749
0.292000045776365	77.86200006112458	59.24399996638297
2.1560000514984132	89.50200023174293	82.43800002574916
33.443999671936034	58.87199990570544	63.435999922752394
72.4120002174377	66.81199973344802	67.7240000367164
7.1479999542236206	83.90400003790856	68.17199990749351
1.3739999866485597	76.28399970293046	68.70199996709822
2.304000101089473	60.85399978637696	70.0219999723136
5.2039999961852965	66.16399985641242	73.94600003361701
14.89600007057189	73.55799997687343	74.03999989509569
20.51799997329712	62.37399982929226	80.13999982759363
-0.880000104904174	63.36199981063606	69.58400009632112
3.744000015258787	82.85799988538012	66.83800001144408
36.904000186920186	59.37999995321032	65.56199990749352
3.9159998416900614	62.77200010210273	98.20999981641776
7.426000013351438	67.77000008583065	72.35599998474126
12.980000076293955	61.33599970757961	70.8159999981523
0.20000010967254628	82.12399975106118	97.5219995069505
17.033999881744407	83.85399977877738	67.18800010323528
73.77999927997588	69.20800037622449	92.29399984240533
1.6159999275207493	65.05200026735659	70.61999989271165
32.09799975395202	72.38799989372491	69.10200017929081
50.66600018501284	65.48400001466274	110.78999981641769
7.861999912261964	61.56999998807905	68.285999879837
1.6860000801086414	72.32400015711787	71.67999996900556
47.16400008201602	64.07799993813035	72.99800038814531
2.214000253677368	63.29600018739701	68.13999983102082
66.1360000419617	81.68199991971257	75.3660002017022
0.2939999866485614	65.86000006556505	73.06800031423569
181.94200118064876	63.41399993062022	82.56000002801426
-0.11400013923645028	64.4580001604557	83.92599984765054
0.6680000877380354	60.197999888658536	70.8040000736713
0.5060001754760731	72.2880000823736	73.24000010043378
22.006000080108652	66.16600029349325	73.88399996846903
17.47999985694886	66.793999671936	79.41400015950201
0.004000177383420203	67.61600011229517	64.05599974870685
3.3699998950958254	59.403999984264374	68.08199993789196
18.415999994277946	62.72600018799306	77.17000010058278
1.0800000762939468	71.12199971526866	71.72599976539615
85.787999715805	64.8819997859001	64.84799998953939
43.865999822616544	106.58399991154657	72.07399985313414
52.966000213623076	67.91800016403195	73.99400001436469
1.7420000839233434	80.92400023460381	72.35799978435043
26.38199991226196	65.013999953866	75.48799979686737
9.604000053405757	64.55599983304738	67.70800016403192
2.1260000610351533	64.5600001478195	66.43200008153912
23.126000003814713	62.08400003433225	68.86000008583065
4.526000070571897	58.89400005817403	84.94199985161428
239.7699985885621	62.72200011849404	85.36799961522229
2.3140001392364495	66.59999991208313	74.83400049999352
6.902000045776366	62.24800004839898	72.16400011450055
5.549999914169309	58.66600015878677	66.6719999027252
3.036000213623047	65.25400020942092	74.14200009420514
6.878000059127811	68.13600004777311	76.0180002498627
4.861999902725221	67.02800023615355	73.27999996781354
1.341999959945682	111.9139994668961	79.6140000653266
13.524000196456903	60.801999778747614	74.21599976181983
3.0880002689361548	66.78400008797642	85.58600030303003
0.9680000877380365	70.86400023460388	67.26199998855589
-1.6860001850128143	72.54599994599815	75.8659998536109
4.6519997310638415	60.96200002729888	89.04200050950041
-0.9920000076293941	70.78599991440771	72.19999999105917
-0.7500000667572051	71.83600004792217	70.80199986174699
1.4259998703002916	60.284000091552734	95.5559998381138
2.352000112533569	81.86200004100796	95.0680002012849
-0.862000026702877	69.40400004208078	72.01400004863734
0.705999908447267	66.45399990081782	86.97200001716611
22.0320001411438	65.7720001411438	64.34800005912783
2.222000141143796	69.1379998682439	69.56800023078917
0.5380001258850073	59.33399994626642	64.60199982643127
0.32000005722045993	59.716000050306285	65.18200026035305
3.0760001945495543	63.64799985498189	80.659999936074
0.9600000286102318	61.33800001144413	62.59400014877312
116.83800016880036	156.15399922132502	171.63000015780335
-0.7419999885559064	68.2780002093315	73.38200013011694
1.2879999160766635	72.28400002956381	72.60800009250643
24.80599975585938	82.38799982428542	106.99200036138296
9.115999879837025	67.5399999654293	68.15200012922284
8.70799998283388	63.33200001716613	67.52200018405911
15.093999900817877	62.163999664783496	78.0480000543595
1.9160000514984141	71.0900002741814	96.60800042450421
1.564000005722049	69.61000017941004	69.19599983572955
27.128000030517544	68.84800013303756	72.61199979424474
15.327999911308288	66.61400010108947	68.25999998033039
34.784000101089475	66.89800007015462	70.13400024175642
22.400000171661407	70.89399998515846	73.16200005531311
32.53599997043608	77.3420000982285	74.28199982523918
23.344000101089502	72.33200023293492	78.26200014352798
-1.2540001106262226	62.23799999952316	100.53599959582084
63.42399969100949	74.0000000981988	68.0559998464584
97.05399965286259	62.02800009191036	60.02200009882449
2.724000034332276	84.45199983492496	67.82400012016296
-0.4580000400543213	68.41199974089864	66.56000008583071
14.091999979019178	90.81799971893435	69.9240000581742
222.1919979476929	66.09400014162063	72.58200002193448
3.3160000801086422	66.88400026947257	72.18399992823598
224.80799997478726	73.75599995613103	71.18200014114379
-0.024000091552737596	72.2020002388954	71.82599991768605
0.186000099182132	61.28399990797036	69.94800014972682
3.973999872207646	63.42199993133549	68.73199994146825
3.0440000152587885	70.5380003519356	74.85999994397167
29.170000123977644	71.3560001210869	82.83599961131814
21.24599962234496	64.51800001382831	66.47400001049043
