0.8500001430511483	92.06000058561565	63.54600016117094
1.3680000019073502	111.27199984461062	62.802000024318694
1.0479998970031734	111.99399990946043	62.20800000429152
1.7239999580383296	97.30999999299642	75.75600051045427
-0.09800016403198174	80.49600028395653	60.903999929428124
-2.2519999980926526	110.53600020617249	82.7439999520779
1.2139999580383305	99.70599956393238	64.15200009822846
5.782000045776367	107.79400051236145	65.47199999809263
0.30600009918212806	81.30800001859653	65.98399991035456
2.5400000476837166	93.04399999618533	67.23199994534252
-1.9439998912811278	100.82199964523316	67.7120000600815
1.991999883651733	81.3319999092817	76.30600007057187
3.1159999465942376	83.75599946528669	66.7640000247955
3.4779999542236335	88.23599988579753	71.73599989175798
3.894000072479246	75.45000012397759	59.80799985170368
1.1360000228881844	71.18799980401992	62.521999943256326
1.3300000953674305	245.8079988847671	89.87400006771082
1.7779998874664313	102.03000091433519	62.37600008487702
-1.251999893188476	83.77199980974193	64.5780001020431
1.7819999599456797	89.00800008177764	64.07399985790255
0.6960000133514418	76.11800000905983	64.47400012016293
1.0900001239776624	77.78600004613394	65.12600007653236
2.9259999561309824	118.58800021409989	65.23600000858312
-1.6740000343322734	110.42600021272911	65.39200013160705
2.300000000000002	91.95199960827836	63.76599992513661
-0.21800003051757824	85.32000031709669	74.08000012874606
5.849999999999997	88.1179996198416	69.48000011801722
-0.39000005722045783	92.42599959611886	63.58400003194805
2.215999870300295	90.97600013852123	72.19400010108947
1.5800000476837153	78.74400007754551	64.55000002622599
1.2680001163482655	90.3920000970364	64.81600012540822
1.074000005722048	88.4920000636577	67.27399984359741
-0.5359999275207534	83.70599981084472	68.59199985027313
-0.2960000896453873	104.52199954867359	64.29400007605554
-0.33399986267089726	75.19399957001208	62.87600008577107
4.777999954223631	80.96399952471252	63.75000009536746
2.248000059127807	86.4759999606012	67.18000026762486
3.3820000076293932	119.99199935659765	63.240000064372985
1.3900000667572012	92.92400036990647	62.43799994468691
1.4699999141693119	136.84400047987702	67.0080001616478
-1.1719999504089373	83.44799986124039	76.23199987411502
0.12399994850158703	77.77999976009123	74.00800005793566
-0.15400010108947862	96.69800009652967	66.76999990105624
0.6780000019073475	116.15399969160558	87.8960003900527
0.06199997901916377	106.23599995732299	69.27799985408781
-2.69399994850159	106.38000050246725	59.893999998569484
3.6719999313354497	103.26800029233098	70.63799991488456
0.6620000076293937	83.23200010776509	66.30999968528747
2.597999944686893	83.52800021171564	76.39199999809261
5.391999874114985	75.08599984407415	167.1919993150233
1.953999986648559	101.67800029516215	72.02400030136104
-0.2699999618530282	92.02200001046072	65.91800015449529
4.793999948501589	85.34200002551079	64.83800008893014
5.69400001525879	123.42599974453448	66.82199982643121
0.6319999313354477	80.92799994885918	66.57400026798248
4.413999948501586	81.45400009572502	63.22999995231629
1.1419999408721937	81.99000031471257	80.11399991035458
3.4159999465942374	78.05800022706384	73.52799995899196
3.436000108718873	86.98400013446809	69.36000018700952
0.8359999942779552	78.4020001363754	82.106000187695
0.7220000267028794	96.61200077205895	74.12399983406068
1.5540000152587896	92.41600023001429	61.71999994635584
-0.5659999752044667	108.85799985289567	77.51600008010867
2.2580000877380377	86.39200000762936	78.4359999191761
1.4939999818801883	90.30999976098539	60.491999474763844
2.24000008583069	89.94199985146528	73.5780000591278
-4.405999994277952	118.23199985325341	63.001999893188426
2.1680000686645506	81.53800001859662	65.65000015974051
-2.225999870300293	59.97799990177152	70.3079998064041
1.0779999065399188	122.91599961742773	65.73400007247919
2.3819999217987076	91.93399994090203	71.1080002450943
1.1039999198913566	116.05200011372577	67.21800011634822
1.4360000419616719	76.79599971100689	65.0560001158714
0.9519999599456799	79.3559999895096	73.1739999823272
2.242000007629396	88.05200014233583	84.37999986648565
-0.4639998722076423	85.43399972558024	66.0160000514984
2.4379999828338597	94.24000008106225	74.83599997803569
0.9760000324249252	92.67399994969365	70.88200002312654
2.4260000324249282	114.4879999390244	68.25199987411503
3.5900000381469725	103.90399950698027	72.57999995708457
2.851999959945679	84.0879998731613	67.71200007438662
2.8259999847412125	170.49199925139547	62.09399990081786
-2.6820000457763675	74.66199950546023	64.50599985480305
2.7840000057220453	76.63800011336802	115.64400009825815
4.26799997329712	82.0839997816085	67.16800013542174
-0.1539998626708971	108.23199944376942	69.95600002288819
2.9800000667572	161.34999993637194	116.19000006198891
19.205999879837048	87.29400017544623	64.37599996656176
0.6480000352859487	76.8500002522766	67.73799995288249
1.7219999885559065	80.78999985933297	66.71800011157987
-0.25200000762939423	103.38799958586684	69.35199973106386
1.7700000572204597	93.15400045081972	100.09200014114371
0.368000011444092	84.92600009873503	69.9960001349449
-0.45400006294250345	78.3560001887381	66.33199999809267
2.7080000209808337	98.843999621272	90.57600016593936
3.6440000820159937	87.15200002014628	79.52200002789498
1.681999959945679	95.68600105822085	79.89799991846075
0.47200005531311023	88.05400020003304	67.83200015664102
0.4039999198913577	95.8200004014373	62.06000010490419
4.216000003814696	79.16000011637806	99.6199995994568
1.2580000686645518	77.94400034695872	67.18399978160852
0.5819999980926506	91.36399970054623	64.71599988460545
-2.5580000305175785	90.25599999189373	70.25400006473072
1.0240000438690195	78.9039996910095	73.33400002539149
10.766000061035147	76.39799981594082	68.4119999742508
9.766000061035168	85.99799994468682	66.82000018119808
3.010000028610231	92.50400017887341	70.22000003695493
2.8660001277923577	84.38199995040885	72.66199993133543
3.028000087738037	118.23800026178361	70.92199988320462
1.313999977111816	155.38399928808204	80.11600028157231
1.82000008583069	125.94600057303904	95.07799992799757
1.8919999027252188	73.08399997562165	75.1359999322891
-0.9660000896453869	100.01599927484985	67.92000002503393
3.7919999122619616	108.79399940043685	64.50599998474121
1.654000062942505	93.98599988281727	69.54000021934513
2.728000020980834	136.26399989426142	93.65999995470045
1.2299998188018788	126.25199987217782	64.2639999985695
5.174000024795534	124.67000010117894	67.70999966144561
-0.8579998588562027	81.05599970400338	75.3459999108314
1.3860000228881848	95.2280002713202	68.3739998674393
0.08599990844726474	123.93600011691456	66.23000004768372
1.7880001068115206	82.0540000265837	68.96600019097332
0.4679999828338638	84.83400013595806	69.4739999842643
3.9319997501373316	84.39799969792372	72.83200007736684
4.281999979019163	95.9380007183551	70.82600010871884
0.627999963760375	82.60800000458954	81.59199996069076
15.819999809265136	83.44600016832351	62.56399994850162
3.0620001029968282	91.58400051027539	65.32000017642974
1.1039999103546154	100.07599965095528	88.38400000095378
-2.474000062942506	73.1520002157986	68.14600007295604
3.7360000991821325	162.94400005772695	125.73800036907193
2.0020001220703123	78.64599981069564	68.70599997997279
-0.30799989700317476	72.21000018000602	67.22400005102155
1.1259999084472672	82.41000044599174	69.72999982595447
2.7379999160766637	125.11999944284563	70.19000020205978
0.8000000190734845	89.67799971222861	65.11799988269802
0.5760000038146967	125.4019998073577	74.78200016021731
1.2520001125335694	77.2560000503064	69.25800011843437
3.793999948501589	83.29600017309194	74.11400007486345
1.7019999408721949	76.69000008776788	69.71799996286626
1.4060000610351575	84.45799998164173	64.55000001072885
2.6759999370574956	130.6520002341269	62.04400000572202
2.6680001640319833	78.30800004720687	51.7560000509024
7.321999998092652	96.10199996352188	51.291999927014096
3.7239999341964722	53.244000248759995	41.08599995732308
2.1040000343322776	76.12199984833593	50.59200001925232
3.905999946594237	87.3119999957085	52.47199998855591
1.7420000267028797	76.86999978184694	51.270000075548914
2.9679999923706055	76.56400000691411	50.69799994036557
2.020000076293946	99.2900008192659	50.79599995136259
2.069999990463257	96.481999977976	51.38599987924103
4.908000049591066	78.89000014066697	51.43399991020562
6.361999998092644	80.46000016257167	51.014000097662205
2.11399998188019	90.26599941402682	49.96400006026029
1.9339999389648448	76.87799986720077	50.43999996751543
4.373999929428101	73.97200027227393	49.764000019431094
1.757999954223633	74.9019998776912	51.14400014907119
1.3600000000000008	77.09600011825562	49.98000004172321
0.2720000457763673	87.42400034785261	49.68799999475484
3.1439999389648463	69.34400001883506	50.27400000661616
2.9660001277923587	88.15999988138665	50.28999995470049
-0.09199996948242119	102.89800048112873	50.30399985313414
-2.054000129699707	113.03799970075478	50.05000007033346
1.9920000553131114	82.5060002422332	50.980000003874295
0.017999973297119047	58.636000163555124	49.19799994841222
3.006000118255617	82.60400009870521	50.41599994301796
0.40599991798400764	90.7219998151064	50.691999926865044
2.3319999790191672	82.36999980270872	51.87799991011617
3.4460000514984133	130.38199973776938	50.05799999177458
1.2439999580383299	77.91600021064271	49.522000062763695
1.3819999599456787	69.1960001078248	50.135999934673286
1.6280000591278092	83.64000012159352	50.331999933719565
1.2360000610351562	80.63600009560585	50.7019999232888
-2.9279999637603793	108.85599947154537	49.052000067234076
1.5400001430511474	79.47800006389612	51.200000034570635
-0.19800009727477927	81.71999999761584	49.82599992036821
0.43999996185302725	78.13399997711187	52.10200010612608
1.4000000953674288	94.51599991917605	52.1420000988245
2.3400001144409175	89.0779998230934	50.69800002455714
2.9919999599456784	96.08400006294255	50.41199996903539
16.04400001525879	84.90399973198762	50.830000057220445
0.8739999771118175	87.32199998646979	50.00999993801118
2.3699999999999983	81.74999991178505	49.386000039577475
0.39000001907348814	84.68599999666216	52.278000090122234
2.518000087738038	89.45000014185895	51.8300000023842
3.396000051498416	86.14600016668432	52.01399993896482
0.8420001411437994	92.87999993801124	50.88199995279313
3.1460000562667854	75.7780008177459	1708.8739828768414
1.0540000629425055	70.38000076591966	1824.5159815740624
1.7519999599456801	98.89200031220906	63.13799987614157
-1.9619999217987065	83.08200013726946	50.12400005817416
1.478000087738038	77.908000061512	61.00799999713898
1.7699999904632562	96.00999985575673	71.09600000143055
5.887999963760377	83.61400038093332	91.19599989950659
2.5040001010894777	91.92999952554722	67.46399998813864
2.4440000820159913	81.33600018903613	69.90000005245206
3.3239999485015836	88.17800013899799	65.50800017356872
4.8499999427795375	82.18800002694125	102.68599974930285
4.0859999752044684	146.55599995866413	68.28000018864871
1.2540000247955314	81.83799991488456	64.7619999265671
2.298000020980837	89.00999988973146	74.86600028038025
1.7500000000000002	92.74800016999244	70.34200004115702
5.224000120162961	81.53199988856905	81.16600030899048
2.146000013351439	79.99000024437895	82.27000020265577
2.9999999713897685	83.91600007176409	66.65200015783307
2.935999851226807	84.32800013616684	70.9620003414154
3.450000038146973	76.73799971297379	73.04400015830996
3.800000104904176	98.17599986344577	75.00200002670286
0.075999917984009	53.46599989935756	70.90000032663345
4.540000162124634	138.74200032472604	89.07399991512283
1.0140000772476188	82.38200003907083	64.14399992942812
11.194000158309946	82.56400004029278	69.30800024509425
2.8480001163482673	90.81600012779236	90.72999963521963
0.7900000953674307	116.19799944534897	63.43400010764597
0.8399999809265133	88.84799995228646	79.18600015878677
1.349999980926512	84.44800010204314	67.52200033187866
-0.5300000286102294	146.28399919256574	101.36600011035809
-0.33599998474121145	82.92799973249436	68.40799996852867
1.9679999637603758	88.8540002696216	86.23799965664742
1.574000062942505	73.7219998323917	74.0940003061294
1.454000005722046	117.37800002783541	79.82000009849665
2.9659998321533196	77.25199980735769	67.39599997997279
0.8519999885559101	83.89800030887122	71.6879998964072
1.6779999351501453	139.16199910432093	74.50000018879769
0.2920000743865956	75.18800009191033	66.80799986839293
2.1080000591278067	85.67800005614765	69.48000010490404
0.4660000514984131	91.24200034141539	67.61600015401841
-0.16199999809265114	91.6740002191067	85.88600001692771
-0.9880000114440938	73.91200026988979	76.9259998750687
1.1180000305175795	91.84200112670668	82.53000009775155
1.0259999847412102	149.08999960109594	65.68999995157124
0.8379999351501471	90.02400006771082	69.95999965667717
1.7399999809265136	111.73200096845618	86.21200004458424
-1.2239999771118162	75.20799974158406	67.53199994921684
0.33999997138976884	73.19200044214732	76.77399992465965
1.3060000228881818	85.18799975752823	103.19000012636191
-1.242000112533568	118.94000004187227	69.31000013351436
2.056000013351441	82.29399990200993	65.78600007101895
3.999999895095826	128.5499994452297	83.63999988183396
1.1800001239776614	103.9020000208915	98.25999976947895
2.617999982833864	77.78200040698047	72.65000012397766
13.878000051975254	126.99599982649083	87.62600012660033
2.738000049591065	98.4300000658631	65.0439996862412
2.4440000152587884	182.77199915170658	96.06800015687944
2.0299999809265117	88.37599992156035	73.82800016403198
-3.943999938964842	77.82999983087177	82.9740001535416
1.406000061035156	92.60400044143195	68.47799992561337
0.2579999732971193	86.69200019955635	69.35399984121321
-0.6759999370574932	82.88600019216535	64.70400004148479
5.881999902725221	84.42999992609019	67.49200012326239
2.4179999256134064	82.11600015878672	67.75000013232234
1.6980001068115238	68.90600013256068	77.73800001621255
4.835999946594238	105.63200038135057	75.13400007799258
1.6779999160766585	87.50199981093398	73.37999999999995
-0.2680000495910632	89.81600004315368	71.83200015857815
2.953999996185299	66.13000013351439	67.08200024724006
3.88999997138977	91.42200025111437	68.42400002479552
5.198000068664551	97.91000009536745	67.68199988007544
2.280000019073486	94.32599998950955	79.94799973323944
4.960000057220459	184.6439989027379	116.71400006115438
1.9720001316070543	81.37199988722796	82.26799980163571
0.9499999380111683	88.52199999034401	65.64800012588496
0.031999864578248716	81.98800005674363	69.71799999237062
0.049999814033506694	126.13600055903196	64.88400019168847
-1.2560000038146955	85.14600044727338	67.08200003147125
1.8060000324249248	116.42399998724467	79.59199988365171
3.701999950408937	80.15600000172857	71.04800027370457
0.6659999895095806	86.65199972152706	68.81600009918208
2.6099999999999985	110.30399973571299	88.9660000038147
-1.6340001201629661	88.22000019788736	64.17200008869166
1.6039999961853009	130.89999892830855	71.68600010156631
0.5119999980926508	85.5699998497962	65.6460000503063
0.9019998836517329	163.9199993062019	68.98800022840494
2.623999977111817	75.89599996805183	69.09799989461904
1.3260000610351574	91.72999980300659	73.886000547409
8.342000112533567	75.672000169754	93.19599967241285
0.33600003242492793	89.27000050425525	71.29600022673606
2.3199999618530285	93.12200024887922	81.95199978590006
-0.724000082015991	110.31400048330431	59.84600014567378
0.46600015640258724	92.57999929308889	69.80800011277199
2.8059999275207494	97.26999960839743	79.24600029394027
7.703999996185306	92.58400023460395	71.9200001907349
2.128000078201293	112.14600002229218	69.96799994826321
1.8480001068115246	101.95600037947302	67.44600006103508
1.8100000095367448	74.3560001063346	68.2080002260208
0.9580001258850089	126.41799943387502	72.48200017333029
3.3739999580383326	92.52200029730795	76.12799976825717
0.8020000076293943	62.47000005006784	74.41400002300738
2.3580000400543226	87.94999978452927	75.43800017192967
7.896000003814699	91.73199991017582	86.73400007456539
2.5360000038146953	82.55999972850077	86.23600001215935
0.6200000953674304	76.9459995830059	68.19200029373165
-0.2759999656677259	138.11400013208365	76.93400004148482
0.835999946594238	81.7040002067387	91.01399935245527
0.4000000476837142	99.82599913716314	65.08800009965896
2.536000080108642	77.40200035899869	65.8820000338554
4.8340000152587885	169.95599900573498	179.5600008186697
-1.2320000171661365	86.44800016641616	78.5940002250672
4.354000005722045	80.37400019645676	74.64200004577634
1.9799998855590832	94.2080004823207	72.7400004529953
0.871999998092652	78.90199994683273	66.95399998426434
1.9000000476837142	77.18800023198126	71.3260001325608
2.2039999294281007	88.81400017023095	68.20799980640416
1.3019998359680185	94.58799972534169	77.91399989604948
-0.3460000324249258	77.88400031805043	66.27000010728842
-0.16200004577636817	81.9340000081062	68.92599997997286
1.6999999999999993	91.88199961423872	67.71999994754792
2.426000013351442	95.5159998881816	65.3819998808205
-0.7820000028610226	91.33000009655956	72.32600028514861
2.4860000324249265	91.15000039577481	78.9259998178482
3.376000127792359	86.41199972629542	68.6540001237392
0.7639999580383301	101.76399909332386	96.71800010442745
2.5499999999999985	69.42800003051757	78.41599996566764
1.005999984741211	75.41399970769876	89.44600021600728
4.619999961853031	82.20000002980233	74.05199973106379
1.8320000267028809	85.21999968767155	75.42400005578999
2.683999996185305	91.85999963402746	64.98599996685981
-0.8719999980926486	91.6360000908374	75.57999976634983
1.8160000324249244	98.24999975442894	77.71999975204466
6.69400008678436	121.856000366658	69.32999994277957
1.326000013351441	89.83799973487851	86.11199985459447
-0.1479998064041151	85.716000124216	84.83399941444398
-0.019999828338623377	78.14800013065334	96.08400010406972
-0.8139999294280993	88.30999997049562	74.47799984037871
-2.5380000925064086	134.21399978339673	92.65600028514868
0.545999956130981	82.85799982905391	66.51000007152561
1.3299998950958258	89.61799991428852	68.927999651432
6.952000045776367	79.05000013291846	66.94600020706655
1.982000093460084	110.61600037008522	75.39599994063377
2.564000024795531	84.43800012528888	66.03800002574923
0.11600013732910089	84.29000004053111	63.2340000739694
0.7899999332427976	85.97800015717732	111.25999941855665
-2.369999904632569	82.46800019264212	69.17999990522863
1.6660000038146976	83.70400004088889	68.3979999418556
4.583999919891353	99.37400057315827	71.14200011253361
-1.2740001010894786	116.63000065207486	69.02999996304506
0.2560000228881825	96.05399948239331	85.51399959325782
2.694000005722049	96.03000031635166	72.50800029397017
2.9920000362396237	81.54600024521353	68.92200006961819
0.3099999618530275	137.60200018823156	65.23199988842009
2.2360000801086453	105.18799986958494	69.46399998188016
8.759999980926514	87.15399991750708	69.63599990844727
0.6659999561309818	84.43400004968044	91.04799981355669
2.6120000934600833	90.89800003379598	71.77799997329714
3.5400001049041765	86.04200006291268	73.1980000066757
5.360000038146975	80.31000010773543	81.20799974381913
-0.44600013732910104	68.55399987697601	63.864000082016005
5.778000154495239	101.5260001683235	66.22799999192354
-1.1879999351501458	99.61999996975074	66.80400001049041
4.428000011444095	90.26599990785125	106.28200091242802
0.16000016212463425	75.08600018590687	68.59800006270405
0.6739999485015874	79.6659996509552	70.49800013303764
-0.7580000782012954	88.23600025638943	79.51199981689456
1.5300000858306888	76.72200014948838	63.48400008529422
3.843999977111815	67.59599999070167	70.32599997043604
-0.6319998741149903	89.49399930477138	64.02200005292893
4.130000038146971	145.1840002816917	64.83799988269806
0.8779998397827142	75.90000003695484	78.30200008869171
0.27200004577636616	77.50600017085677	67.4640001583099
1.4980001068115232	107.83600051388137	74.52200015351168
3.8079999542236345	71.45400004386899	72.1920004153252
-0.1560000324249253	151.02399932265303	73.93999969959255
3.5179999732971194	78.34400001823899	64.5920000082255
6.354000058174138	91.36399989992377	79.75800015926367
-0.29400000572204615	81.55200009763243	67.52600007474423
-3.39000015258789	71.0340000462532	75.19599985361103
2.028000116348267	72.06600003778932	67.74999996662135
2.4940000915527354	89.11400013163683	73.64200019478803
5.39400002479553	93.85999973252417	72.48600020289426
3.202000026702882	85.66200054645545	69.78400027632708
1.208000078201295	81.06600021243095	63.75400015830994
2.717999982833864	80.05799995258451	71.05000014007092
0.28999990463256864	90.24799917459484	70.87800021886825
0.9139999771118157	88.95399993807078	64.7540000069141
3.206000051498416	84.48999989867197	68.2920000553131
2.830000076293946	90.37200015902519	73.31399999618529
5.375999917984009	86.51599957823751	62.78000001430513
0.4960000228881851	90.10599999591706	75.97600016593934
1.0679998636245713	86.47800022408363	71.43999992847438
0.5640000343322756	81.96199959129089	73.4400000381469
3.2639999389648446	82.81199980929497	71.45799994528302
7.924000110626223	86.31800023317348	69.39000012755393
1.3839999961853016	101.89200012683867	68.75399995326993
0.49799999237060627	70.77399990916244	68.85200018852944
0.19999990463257022	95.52200065046542	78.39600006580348
1.2860000991821292	103.28999970972534	83.3119997739791
4.27800004005432	79.25800005480647	75.86200003385538
2.0920001888275146	85.30800042152403	103.96800028085707
3.2980001163482653	103.90800028204913	79.15000024363401
3.5379999828338633	64.42999990478155	72.32800003051754
-0.08599988937378071	87.69799974203104	65.98399997144938
5.570000143051148	134.14999968916183	63.6640000605583
2.9800001239776606	76.09800029397022	74.43799998760225
-0.3740000152587904	110.5100009822845	118.79200063943863
2.9480000114440923	91.12599972218277	75.44600018739703
1.4999998664855965	157.97799989104283	68.98399987697609
1.2900000381469718	115.59399978876107	69.20600027084345
0.6860000133514398	104.33999976649882	74.05600005149847
3.2360000610351594	102.50800039649012	68.5899999761582
1.4360000038146983	69.40599977016443	64.94000015258791
3.1679999542236335	82.85800005435938	73.13400005012747
1.6339999580383293	77.65200012922286	58.210000021755754
0.9879999732971211	79.71399971768253	68.10800023108717
1.902000017166137	78.47799992293118	83.03399994850162
-0.3259999942779539	83.71799977540972	70.21199998855593
0.24400002479553318	96.48199975982304	69.71200000524524
6.453999900817868	84.07200042426582	81.36000032499432
2.648000001907349	78.38599964380258	67.67599989771843
0.39599997520446983	80.61999950513243	73.41800009489062
2.590000095367433	82.48799978673452	73.62800020888444
0.14600000381469566	111.74599999770524	67.1039999455213
3.545999956130981	84.37599999070162	75.07200027346602
1.9519999217987067	80.99599953860044	65.01599990844716
1.4340001106262206	87.07599979043003	70.5500001335144
2.70199998855591	83.48599991321561	76.13599988222126
0.685999870300293	97.14000006422403	66.01599982768299
3.0819999790191654	101.42800014495849	77.26599987268449
1.2339999771118173	84.5720001292228	66.99000006392592
-1.4499999427795403	113.68799953222286	66.37599996387954
3.178000192642211	56.535999895632294	69.61599972486495
3.675999879837039	85.05199996471408	67.63999978065488
1.3500000667572032	107.41600018590685	63.56399997711174
3.321999826431274	88.08600008249277	77.01800016403203
15.848000059127807	95.91799990177155	68.35200020074839
0.18800004005432167	106.15199944272639	66.02199998617169
4.963999967575075	81.51200003564361	69.05200007915496
1.2040001106262228	108.68400045678008	71.91999974250803
1.3299999904632551	80.41200008988385	66.26599984079601
0.8559998989105234	114.53399996995917	73.09000007629395
-0.19599985122680627	72.07000017255545	73.04600013732909
0.13999994277953998	97.06600054621691	65.43799994945527
2.733999996185302	77.69599970340721	67.7099998764693
2.446000013351442	90.26000016331672	76.27200016498558
3.0739998912811286	88.05400006607171	81.62200021207327
1.2779999637603754	95.2900003397465	71.12999977305533
1.2759999179840076	81.8239997398853	68.17600001752378
1.1140000820159912	74.76599998235704	77.00800001829859
6.741999998092646	91.38799983382206	71.340000141114
4.696000118255617	92.91399995133284	62.95399994850157
3.9319999790191695	87.73600006580361	82.08199993103739
2.581999893188477	79.45999968290334	58.61600031942128
0.3220000743865982	77.73400009155274	80.86400013089182
0.40800006866455135	106.69600037127731	71.74000000998372
1.7620000648498542	94.36799973830571	68.22600017070774
-1.169999990463256	85.3179998734593	69.80599982023234
8.124000053405767	85.78599987864493	69.40799992561347
-1.8999999618530277	98.79400025367742	72.59800017744297
2.0259999084472673	100.45599962711329	70.86800017595289
2.0420000457763687	92.31400036469088	98.38400054693219
3.7419999694824204	124.5280008804797	68.40599990010257
4.762000007629395	85.10599975466725	65.66000007987026
2.265999994277953	143.36600001499056	63.95400003433224
1.810000190734865	84.99400044918062	74.9260000371933
0.6260000038146977	81.9940001066028	71.00800022602074
0.04400002479553382	96.08000022932883	76.94800006866461
6.353999948501587	84.91200002849105	80.97399971008292
2.04800001144409	84.68999962776891	64.80799994707108
0.6720000267028795	86.41399995207787	71.5960001492501
2.030000028610232	80.72999981522565	68.92000003695485
-0.24800002098083326	90.66599975883953	62.40999998569487
4.894000043869016	100.64199965834612	69.0600000524521
1.6059999752044691	127.7899997814001	67.15799999237059
0.9540000152587876	101.08599964857096	76.88399998664858
3.284000053405761	150.61799915790556	70.87000019282104
0.4779999256134023	107.38800031825907	83.51600027322779
12.230000095367423	81.23200025290245	71.87600011467929
1.5399997901916502	84.56400039359916	69.88999982595439
0.3540001296997063	110.25800124302505	68.48400008723141
-1.260000200271605	75.34800012886522	69.45399997234344
1.1500000953674316	102.49400043487566	67.74600001811976
0.9900000190734853	141.62400014281263	76.55200006961819
3.6800001716613773	91.51999990463258	69.14399972677228
2.6679998874664306	157.06199980735772	86.15800014823665
1.9139999866485604	81.24800000905987	72.38800012826927
-0.13199997901916433	84.1860004520416	67.05599987983703
3.2520000171661385	89.75600002288812	70.60200011730193
3.4780000686645516	82.8940000641346	92.19199986934663
1.9399999523162836	84.61199993133542	87.6040001517534
2.9920000839233407	89.56399977445597	68.18200008869175
-0.5960001468658442	84.96399986043576	68.04400020599371
0.2699999713897697	103.54200016647572	68.01800000488754
0.44000003814697486	103.10600029170507	95.29200015306469
2.231999979019168	91.5020002406835	72.71199974060052
0.10000018119811944	75.01199990510942	71.2919997763634
1.3520000076293957	81.25799993634223	92.88799984455112
0.20600008964538566	69.32199994876986	74.40399999618528
1.531999921798706	106.75800041541453	78.78400025129318
2.1979999256134044	92.12400072634217	88.81199999332426
-1.1419999980926498	80.77999987840647	68.00200005054472
1.2539999961853037	77.56399995088566	73.35000002384184
3.857999954223631	73.54599965810779	71.28599997237318
2.400000066757201	65.36000026434658	83.87600047826768
1.082000122070312	86.10600028231738	68.86799982428546
-0.10399993896484382	94.54999976217738	68.47600008487697
0.7700001525878903	156.66199996709824	72.83999987602233
-2.5499999523162855	111.17600010469556	67.90800002336505
0.5960000514984135	109.7879999327658	71.77600001633166
0.38799992561340474	85.50999988555913	65.29800022125248
2.2919998931884766	101.54400024816391	87.50400007724745
8.001999845504754	81.05399984925982	62.89599998950958
2.668000020980833	76.66200007200234	67.18600005626672
1.9479998588561995	133.89199975982322	68.41200006842618
1.998000106811525	93.34600028514858	72.307999958992
2.024000024795531	82.44600028872486	65.70600000143047
1.9920000457763671	103.82799971908342	88.57199997961519
0.5480000209808348	83.99999988839035	85.1340001714229
-0.26199997901916644	89.31600044041882	75.195999751091
1.847999944686888	86.9060002791881	63.92999995052812
1.6899999904632557	91.3740000921488	82.53799989387386
2.024000005722046	87.37400049805643	79.41200010776515
-0.8059999465942389	71.73400005221364	127.33199971199032
-0.2519999122619641	77.6700000175833	71.85400006771086
2.3360000801086422	85.22800008058553	70.32200005829333
0.19199999332428125	70.56000002026549	72.14400028228758
3.6000000190734864	95.51599984049794	71.4500001811981
3.698000011444091	104.65200033009059	72.98999994516373
0.9340001058578496	96.38999986648568	69.14800014495844
1.040000009536744	90.24600010395052	64.61400017261501
4.041999950408936	86.64399974256756	72.72799989938738
0.5259998989105227	88.52800017654889	72.40200023293494
2.3379999637603786	103.26400068461898	73.72400003194805
0.3080000305175781	82.580000346899	76.58999991118911
4.64000002861023	80.19399999946359	72.75199982881551
-0.3319999980926504	99.7100002086163	75.86200026750564
-2.771999931335448	104.03999935060746	68.26600007534029
4.070000038146972	91.66000062167646	67.48000006675719
4.738000020980833	93.29999972164632	74.53999988764528
2.359999856948852	84.49200000524516	67.12599990367887
1.779999923706057	118.70000022411335	65.91599988743664
2.6320000362396234	99.32199996471408	62.11600012123588
3.140000047683715	82.18000003918999	77.27799969434737
1.2799999284744272	89.99199956804519	70.14999988645312
8.544000101089484	78.38800007283677	68.96600001096726
0.2660000514984113	92.23199910447008	75.23799992084501
4.148000087738037	82.24799976274365	68.36599987030029
-0.14000004768371643	81.50199985742569	78.41000001430511
1.1339999675750745	86.01599984049801	69.24999988794323
-0.9460000038146994	91.19199960321185	64.28400007009508
-1.8700000286102294	90.68399986743928	63.667999830245925
2.623999891281129	90.2559997743368	77.49799981221557
-1.2200001144409185	105.91799982368951	90.54400034666064
3.2580000209808366	82.34999994754783	79.72999974250793
8.771999902725216	83.9899995326995	69.0599999113381
3.493999824523927	85.52800051033492	69.0640000391006
6.889999856948853	175.23399998232713	133.32800096571444
2.757999954223632	85.01199960276487	87.29400035709135
2.8240000438690163	122.49400070548057	70.29000000476839
0.2500000190734877	77.31199969246988	67.85399999856939
1.4759999179840104	117.41199954807756	68.63600007057191
0.48000002861022834	85.69400009155267	71.47599999666211
4.3699999523162845	97.59800020575523	69.74999973177906
3.4019999980926507	66.47799983739851	71.3099999880791
0.1879999923706062	97.53400033116337	66.78799995303162
5.5420000648498515	82.88200009018183	97.53800055742263
2.9559999942779527	86.64200025483952	131.19600026577706
0.46600007057190046	79.84000045299526	74.33999992370606
3.198000106811523	79.35400008231399	66.99399985313413
3.3759998989105195	83.12199972152708	63.52999991655351
0.37600008964538445	90.74199971407648	70.63599993705752
0.4560000324249282	112.15599977344266	72.6720000389218
1.627999935150148	79.9960000348091	71.94199993610385
-0.05799990653991869	87.08199973702435	75.66800020635127
5.378000059127808	85.08200029924514	77.72400010108942
1.635999937057494	106.0180007222295	70.549999986887
2.860000076293947	81.00400001883507	67.28399974346164
0.3320000171661375	95.79000000834468	62.39799997538329
1.8939999866485617	80.50199968338003	66.92199999809269
4.956000051498411	88.9860001082717	63.14000006675716
2.294000158309936	92.9100001554191	77.49600013494484
4.634000129699709	132.57000076264129	79.06600038051607
0.33599997520446906	84.10999968409544	74.348000125438
3.0559999847412116	107.95200005874037	110.25200087979428
5.41200008869172	94.06199998497965	68.03000023126599
2.337999949455262	89.8379999566077	74.21800017118457
2.5700000000000025	81.88199996590613	73.97200024843214
2.9679999637603784	93.81399954363694	66.55000004053122
0.21599996566772384	131.13000055044884	89.56399969562885
1.8540000247955304	90.81799998641026	72.38600010037423
-0.30999993324279784	77.95799974679936	68.345999970436
4.26800001144409	82.73799979373813	72.89400008201592
4.926000070571901	80.91799965858455	83.28200022131205
0.7920000648498534	92.99999969363215	71.29800025939942
-3.029999890327453	77.46400018289681	74.5240000426769
0.1940000057220453	80.51600017309187	66.59400005191563
0.928000078201296	96.35400024890899	69.02200002670287
4.725999841690063	82.85000025510787	78.21199989080425
2.808000020980837	90.05200052857388	78.45199998855587
4.963999938964845	103.16800005197534	69.8619999885559
-0.8939999961853033	90.02399988889705	64.26799997806549
0.7200000572204607	95.55399988621471	66.40199996426703
0.6839999580383305	92.1719996929169	67.92199994802465
2.7139999866485596	120.45999972417943	71.38599979043006
3.852000064849857	93.04000028282398	66.01400019899013
1.8080000019073463	115.0019998443127	73.28200014114383
0.053999938964844806	116.41200015485295	69.42799999713888
2.8940000152587895	72.88200027346606	76.51000032901752
-0.4019999122619636	77.61199984058749	85.61600028514856
2.6960000133514392	130.9719992050528	66.23999977111818
1.9980000114440908	86.66800014853476	69.35800020128492
3.1959999942779596	119.53400015071033	63.87400019884106
1.6580000305175766	117.94399993419648	70.71999994754785
2.2199999904632555	83.03399995684622	70.60600017219775
1.553999996185302	84.72999964743856	68.07000002741817
1.0839999294281017	74.25800024390213	67.88399995088578
0.12200013160705434	117.70400085330012	69.56000005751848
8.391999979019165	111.21000007390977	75.91999990940087
3.316000041961669	100.87799918606875	85.39400029897682
1.013999958038329	86.13799994617703	88.95399994090198
0.6800000762939457	87.51199960619206	70.86000001192089
0.7060000228881844	99.14999953716988	77.8379998493195
0.7240000343322741	90.38400065571065	76.22399988055228
-0.15799999237060675	206.70199971020182	73.990000140667
-0.3080000400543224	122.73000008821487	72.48800034523015
0.1460000610351546	108.32000020027168	77.05200027748936
1.7540000438690182	96.89199962764977	68.71799988269802
-0.3939998912811294	113.48399972081182	64.74799988627433
0.603999977111815	91.32599974125614	82.35999955177311
2.48800003051758	84.99000036835676	67.70200012445447
-0.2980000400543206	87.2539999222754	68.506000123024
2.0640000438690187	85.10800023823985	63.60600019171832
-0.12800004959106417	80.92599993348117	70.17600004002452
4.018000020980834	83.44199978351587	67.45199987888331
2.6959999656677245	98.84200012490152	67.35799992561331
2.0980001258850107	78.79399988651272	90.71599994182581
1.959999990463257	82.57799992501731	63.602000262737256
2.5039999961853043	80.89599977314467	70.18200019836429
-4.248000116348268	110.58999955490228	67.81600008726124
2.829999847412109	112.05999991521226	82.18999962806706
1.3859999847412092	77.95799985945217	65.55600008010859
0.060000085830687805	87.99000030130149	102.03199942588812
2.0819998264312765	84.96799950927496	90.04000036478045
1.9499998950958264	102.44799995735274	69.23000007152564
0.6900000667572004	91.13999977588652	74.30200018882752
-0.2680000400543223	76.9859996938705	73.30200003862386
2.0900000190734866	79.8319998332858	65.80800037205218
8.743999996185298	75.67999988794332	106.27800032258035
1.5859999275207546	80.18200034201142	68.95600004553795
-0.7359998893737779	95.94399985179305	76.914000222683
0.8739999961853039	84.6919997251034	83.35599982544787
0.06999992370605379	80.73200030326846	74.633999876976
2.4279999923706037	87.91799980834126	70.72800016820426
-0.8200000000000003	92.7580000123382	81.1040001153945
1.0300001430511465	73.09200015068046	69.99199987173074
4.189999990463261	97.84999954938887	67.41200021028523
1.0260000038146957	162.3519990119339	64.35399982690808
3.0739999294281013	90.72799934774639	70.65799984931947
0.576000099182128	89.33600029110902	69.74200007915495
3.877999973297118	87.1820001357795	71.09800017118445
0.18000012397766108	95.6680000030994	63.960000112056726
4.188000068664554	82.51800013303769	65.93399998903273
2.581999912261964	87.29999971449367	71.52999984323986
19.227999973297113	101.27800056755534	62.767999893426875
0.15000020027160513	81.83200015112752	64.52400009155271
9.258000059127806	83.69200023293497	89.2199999773502
3.629999952316289	89.57400004148477	65.78399994850159
2.7459999656677265	79.9919996729491	71.43800008773798
2.1319999599456794	83.54000012874594	65.87400005817412
2.176000080108644	83.1919997267424	63.124000248908935
0.06999997138977201	96.97000015139581	85.20200018599628
1.563999958038332	85.01800027608863	68.50800020813945
-0.1840000057220465	102.13000015884639	73.85200012207034
-1.7099998188018817	84.9579998153447	64.4780000281334
0.6880000782012946	83.25800024807447	90.66399991750721
1.8699999046325688	84.38199999094007	68.66400000095364
1.7220000648498512	94.86200057730073	69.47600008577115
0.4080000305175777	82.79999996960159	69.57000000476839
4.2760000419616695	84.69000011891126	77.09999991178503
1.9259999084472645	104.24399988174436	77.15800002098086
6.061999921798703	80.28999979108563	68.23400000572201
5.762000045776368	92.82400035321709	80.9580000829697
1.9399999332427977	78.24200006246569	69.86600001811973
3.1139999198913575	83.48400008201591	70.47200009644031
8.197999992370601	129.05399988234046	145.01999993801107
1.014000177383423	75.86400003477928	72.77599994659425
2.7740000247955314	89.02600021004672	72.56000008344648
-0.7900000381469731	167.95400002390159	68.4579999494553
3.5739998912811277	91.98399992749086	68.41199997901911
2.1759999752044656	89.33199999973165	66.89399975493554
2.541999959945676	174.0340000137689	76.79200012207026
5.166000003814695	85.4480000078678	72.51800000071525
0.3179999828338609	91.3819998627901	68.33000006526703
6.109999971389766	80.71000027179709	69.64000030994413
-0.6080000495910629	79.11599992051713	67.14800006866453
2.6539999103546146	109.79199975371357	75.5140002298355
4.064000101089475	72.83199980840091	82.43800045669076
0.7800001525878921	92.36600013136866	74.12199993371958
0.8160000133514398	80.59600039869538	77.02600006103512
1.5340001296997072	92.00199965924023	79.76199999809278
3.0920001602172866	85.12800017833706	80.08599979043011
4.2659999752044655	93.45399965465073	84.5739999878407
-0.5260000228881838	90.16800011962648	65.72200004577635
1.9280002117156967	68.50799960851671	67.18600006103516
-0.33199996948242044	90.22999997228375	65.28400001525874
-3.9239999008178734	78.1659999132156	87.57999970436099
0.21000000953674308	93.95799955621364	67.52599995613096
0.27599992752075275	106.99200060606003	73.76399999618528
1.0399999999999987	77.35000026345243	73.86600001335138
1.0839999961853009	133.2039995336535	115.94199964284888
3.245999889373781	94.7640000537038	88.23800023972991
3.444000015258793	84.34000023543834	72.33000006675722
8.277999858856203	87.62200038999316	63.68200006484984
1.8199999046325692	95.91999948978415	87.63399994850155
2.2719999790191645	95.09199954271303	69.71599979683758
2.004000005722046	98.86000027000891	70.1120003056526
3.6799998950958255	83.95800000727178	77.54000007271763
1.11400010108948	77.1719998079539	71.67000001430515
1.547999963760377	71.34599963903423	71.40799984693525
2.193999986648561	85.65799981296064	67.31400003433225
-0.602000045776366	83.4979999542236	66.10799995690584
2.5560000038147	80.92600016012787	91.16000011563297
2.9600000190734894	84.84999973416322	68.03199989467859
0.84199987411499	89.58199978440996	70.46000019192695
1.961999950408934	99.15799995541578	87.36600026726727
-0.3020001697540291	110.57000061154359	84.41000013113018
0.458000068664552	60.401999899744986	78.88400028035045
3.6200000572204596	82.23999994933614	64.0359998092055
-0.7700001430511477	60.042000128030764	65.76999994277953
1.1019999504089346	78.39399964690202	73.72599989652639
1.162000055313111	76.66200003936883	66.08199994564058
-2.060000038146974	83.02999959632749	69.75999977588658
2.1179999732971173	81.18400005340568	76.9299998307228
1.4499999618530264	91.04600078016516	86.53799983024595
5.071999959945678	86.86599955439553	68.6360000085831
1.117999925613404	80.98599995255474	83.17200005054472
1.0919999408721917	101.64999990135433	71.37600021362304
0.5879998779296876	81.04799989759915	67.98600016832347
1.5640000152587905	84.89200051426879	71.6740001073479
0.3080000305175794	91.56400034487241	64.67799981027845
0.7179999446868887	87.04399952918298	65.50599990844727
0.4980000591278074	101.24999999701984	82.77199953734875
2.0240000820159882	85.4280001944303	128.75200062662367
-1.7800000095367443	92.04200059726826	82.35999947547909
1.0919998359680156	101.96800028979771	70.51800019502645
0.35999999046325826	77.33600027844302	65.08999997258182
1.0259998512268091	112.23800028771164	69.33400016546247
2.1899999237060563	77.93999993920322	77.22199993357057
0.7959999847412105	110.4520003207027	95.73200039029123
0.048000020980836534	89.36199983105058	74.66799998164173
0.42399992942810166	97.78199989557271	70.05399994373317
1.832000026702881	75.76199981480842	61.15800002694128
1.9700000190734877	149.11199888542313	66.9719999909401
-0.02599996566772355	134.5319997926057	68.21800005197518
5.080000047683715	134.09999970376495	69.20400003910059
0.8439999294280994	120.26599942922589	64.62799976825711
4.495999898910525	102.35200027272111	64.98399996459484
1.9020000457763682	84.86999986410135	93.0380002665519
2.469999923706054	89.04399977743626	71.70600004792217
3.0440000534057607	81.68800023674956	63.597999911308264
0.46600001335144114	75.74999968096623	71.10399974822994
2.9139999866485575	113.16600008532397	72.77399996995919
3.3199999046325663	76.51800005674362	77.17199977666141
-2.5799999809265164	67.24399983510375	74.92599982023233
0.5080000877380357	80.03600018024447	62.634000111073306
0.22199994564056508	112.9460008293389	64.1520000648498
-0.9239999771118177	130.20399888664488	56.750000116676105
6.526000089645388	88.4240000021458	74.21399992153044
0.8820000457763664	81.37800009250634	71.68999977305533
0.035999917984008076	85.54599967896932	75.54399975299835
12.478000001907343	88.49599999576809	73.80600012302402
0.6580000686645522	87.12399992972612	65.19400010108943
4.718000020980829	77.441999810338	69.69399971246717
1.7060000419616699	98.47800051808356	71.69199974536892
0.9699999523162859	115.09199993669985	102.3459999775886
1.6519999408721922	79.41599961131804	67.51000018119811
1.010000104904175	108.76799960136414	94.5680000138283
1.0700001239776606	80.44399990558618	65.46000014066693
2.8739999389648423	88.87199984163051	70.95199992895121
5.3640001392364525	71.22999977976077	69.09400008559219
1.2220001029968277	100.86400063812734	72.21599994659415
-0.2920000267028822	80.73399985998856	92.06800037711865
-1.2339999675750732	72.62599980160593	70.06000005125998
2.417999982833862	85.0260000234842	72.43400020599364
1.6060000038146962	91.60400031119589	73.00799984455104
0.3420000457763669	81.05200010657316	93.57800055146224
0.8219999885559084	83.1039999768138	67.44399975895882
-0.783999910354614	92.81599939733744	79.93200042724604
3.7980000591278107	77.1739998753369	79.17400024890902
1.0680000925064088	83.47000021219243	67.28800010919574
1.1620001125335706	90.38799992069595	78.91200004577635
5.3839999675750745	75.77999998867504	68.20200018405916
0.3879998588561996	78.00799991130826	66.23999999046319
4.4960001468658435	108.62800063624984	75.0260003519058
0.1800000762939467	70.09599999785418	68.73199989438059
4.719999961853025	195.86199905991518	88.88999979257589
1.517999935150148	94.66400009214873	66.21400000363589
1.8900000190734847	54.22199987173078	69.4340002346038
7.25000002861023	93.08800067603592	65.40400011062626
0.17999995231628568	87.99399988844972	72.75599997043614
7.016000051498414	83.02800001755344	76.68199965476992
0.46000005722046	76.38399965882299	64.57200005963443
11.507999925613403	85.17000060319893	95.56599979043011
0.4219999980926526	90.87999990463264	68.0519999837875
3.210000038146974	87.5900001111627	69.94399976849554
4.018000125885009	127.17599940180779	129.14600007459526
16.41799998283386	92.77200027585022	67.28399997293944
0.6039998912811267	99.88399955391894	70.79999973297116
2.7860000514984122	86.44600016951557	97.43800017952925
0.3879998683929448	114.86400043606751	63.403999910354614
-0.3100000000000009	102.284000595808	96.25600031912334
0.813999938964843	82.74800021260975	81.60800004959107
4.12599994659424	104.51599963486197	76.76600003123283
2.7180000114440928	113.08800037026401	75.29000006139276
2.687999887466429	81.79399948835372	71.70400003820656
-0.9859999942779544	150.86400064945215	68.40799990177156
1.1040000152587914	78.7140003299712	68.02399991989134
1.6200000476837177	96.12200006604199	70.0940000072122
4.621999959945679	84.8999999256432	69.52000000953676
2.3959999561309773	91.24799985349179	72.21999974012373
1.450000114440919	124.66599892020223	69.59399986922749
2.120000000000001	88.05800010830154	93.29600007057195
1.4719999408721922	77.30199986398223	69.79599992558356
2.232000036239622	85.97600017905233	99.64000070691114
13.661999950408932	89.42799960613245	60.94999980211259
-0.5059999227523814	73.51600014567371	64.99800006106496
0.703999996185302	81.42399993181228	73.48599984169
3.1820000457763666	92.65600017786025	95.25399989753963
5.038000202178951	77.20600045844914	67.24200010567903
-0.21399991989135614	153.8140005415679	110.31000017404556
0.4899999523162832	87.13600020885458	64.90400015473362
-1.213999972343444	82.90600023984904	72.41600008249283
3.6280000495910616	85.56199999094008	63.49600012302401
4.4300001430511475	92.13200013175603	88.31799986839287
0.48799994468688984	75.94399981975552	68.76799998760218
0.19400007247924664	80.99800030946722	78.61800021097058
0.7080000495910624	77.2839999294281	69.69200011610984
1.9719999790191667	85.97000038385394	69.90200017452237
0.7759999465942364	67.05799992740151	64.47800023198124
2.222000045776367	127.72999959245315	69.90200003623958
-1.2359999465942397	100.39000068888065	63.79400011420252
-0.5759998703002923	84.12400047063831	64.02000011920926
-1.691999988555907	81.73800024688234	65.19199996948244
1.3160000896453867	90.75999942064277	67.86200026869768
0.530000000000001	118.65999991297726	77.84799963831905
4.105999965667725	87.61800005018708	74.59599999427797
0.937999963760378	76.50399974167345	89.01199970483775
1.9579998111724888	83.79999957084642	91.06600049570199
0.800000019073486	84.05800053998817	71.50799989461898
2.06199990272522	68.11600013256071	85.374000236988
2.259999980926514	91.81799988031379	63.402000060081434
0.3699999809265122	81.89400037676099	67.70000001341103
2.7299999713897685	69.27199971586465	73.43000038146972
0.5760000514984137	88.38200019449	71.31800010636454
0.08000000000000147	90.29600001573561	92.4400001049042
6.376000022888183	79.83200009465205	69.65800009250641
0.40800000190734836	71.48199993088835	71.56799999833112
5.626000118255617	92.01600037604554	75.5120000247657
0.7720001125335687	84.53599993750449	73.80999990940097
-0.5860000371932971	72.10200032472609	74.74200016021717
1.8800000286102276	87.49400009274477	94.61999991118911
0.3320000457763673	115.86000006914139	68.41200002670287
1.574000072479245	88.10600029647351	63.04400018692018
-0.009999980926514789	66.7460004723072	68.4880002336204
1.7559999752044684	113.41800031021252	73.91999981760978
0.7800000572204576	102.72399926900862	71.09999988555913
9.229999942779536	83.2260004048049	74.24600022315975
0.4840000724792495	98.77200065165762	72.27599999308583
1.496000089645385	93.92999969720833	71.33799990415567
2.5360000324249254	92.5820008111	72.1880001533032
0.9280001544952388	97.04399955987931	66.74999998569486
0.9639999961853035	77.5519997918605	66.66800011202699
5.2100000572204594	104.69800087928766	178.91399988889683
3.398000040054322	81.03600013092148	77.1580000257492
1.9540000057220448	99.17999991700044	72.48199982762334
1.7820000934600824	83.2719996310771	131.82000036671758
-0.39800017356872447	74.63599991738793	113.59600045010448
1.5400000190734868	83.1879996290803	73.35800010979175
3.303999948501588	91.12999983966358	64.10199994087218
2.4659999752044692	86.38999971270559	83.97200041294094
-1.3680000686645517	78.6640000474453	67.79600000858306
2.6199999713897686	87.40800010755663	72.44999990180133
-1.6620000171661373	116.00800045639278	69.30400003999469
4.147999954223633	80.01800004735581	101.270000077039
-1.13199993133545	81.36000019460919	61.92199995994563
2.3199998855590795	73.33200003743175	67.4979999184608
1.7780001354217554	80.02000012993807	74.51400013059377
0.9019999885559091	84.26000036895284	65.12000007629402
1.9640000438690177	126.38999934419994	70.62600032955409
1.568000030517578	80.21399979948993	64.69399985551831
3.4980000495910657	105.61199957251557	65.46599988177414
3.9400000190734836	86.10599987506862	74.21200030982499
17.062000033855448	71.28600011393422	69.36600018262862
2.66800000190735	147.33599954217664	67.87400013208386
1.3439999294281004	96.55199995279312	64.7480000543594
0.9960000610351563	84.07800006166103	68.17800001382825
1.2319999885559076	83.8680005431176	90.40200019001955
15.561999797821047	128.09399974405775	125.07000018358238
1.3340000057220442	77.40199970960606	69.61799969196325
-1.8779999828338605	116.83400073722004	68.42599991619589
1.8560000419616693	84.87799963235851	71.78400018304585
9.978000059127806	87.62200007677073	96.76000066041942
1.5799999427795424	133.33799951970576	68.27799994945528
-0.2380000686645494	78.13199969619507	77.02399978876115
0.5179998970031747	123.45000046491617	75.67999998569488
2.7660000324249268	82.98400034308429	66.70000003337866
0.808000173568724	82.50799982309333	67.31000003814698
-1.0819999408721936	81.52200023889537	71.26999981880182
0.828000049591064	90.25600049495698	75.78600044369698
3.0880000305175765	88.90599999219177	67.5200001859665
3.581999979019166	83.18999982297416	73.21800021648411
1.653999977111817	86.72600032508372	68.4920002055168
1.4859999465942382	86.35200074270368	65.20799980640405
1.4799999809265145	95.49600001424535	66.0679998540878
-0.9240001058578482	87.52400006458167	74.64999962568278
1.2259999465942397	92.24000006943935	107.98199979305265
3.4780000686645516	90.54399976730357	71.31599998310203
1.2179999160766615	82.44400021433829	70.05000023126603
9.718000125885013	113.5620000112057	87.77799978494646
6.571999893188471	84.85399981737132	71.0699996495247
4.202000102996828	106.81400053411726	81.57400010108955
0.5120000171661386	96.29400030016895	102.23800028443333
3.378000097274778	90.36800008654598	69.8019998168945
0.7720000171661371	69.91599993228914	104.24599988818163
0.6959999561309822	95.37400016069402	82.13199969768527
-3.012000131607055	93.8179995727539	97.3699998277426
2.652000017166138	80.22200004100804	90.7800000792742
1.5439998340606695	90.57200026750563	70.56400029420848
2.726000051498414	88.92999990269541	64.50800000101327
3.454000177383423	87.92200004875659	67.24599991232152
0.14400000572204508	85.65799960136405	108.06600063174967
2.5939999485015846	82.79000018030409	64.46600003242494
1.1039999866485606	83.21399988412857	77.75800023555759
-0.03800006866454922	87.68600031808015	117.06600079298015
6.276000204086302	88.80199996322395	66.88599997997284
5.257999954223626	75.93999987363809	64.04600010871887
-0.11000007629394369	114.29999994993203	109.321999770701
3.2200000762939456	71.14599990397689	70.34400023341175
2.792000093460084	111.75799932792775	90.76799982473256
3.83999983787537	88.30800008296961	77.08400019168853
-1.3740000152587863	73.1120000082255	63.42800001382826
2.4640000343322783	117.5519998089969	64.38799999028443
1.5820000743865947	82.44800058007239	70.70400041580199
-0.7539999294281019	89.65600009769204	78.19000009536742
2.4180000305175784	88.39000016212458	66.64799980759622
1.2739999866485605	85.06000007987026	129.70000007882703
-0.5359998893737791	82.54000003516664	63.55000004291535
7.636000032424929	95.87999954700474	70.53999981880193
4.3100000381469705	103.57400066643956	76.22000031948096
-1.6720000648498543	76.39799976110459	66.54600011527538
2.016000022888183	73.93599990606303	75.712000002414
1.6599999618530261	110.48800027906904	69.46399978995325
0.9259999465942393	137.9940004615484	85.54200024366375
3.735999927520751	76.4079997631907	74.15000001430515
3.2459997940063463	81.69000008583056	66.55800003290177
1.6100000476837157	129.47399968624123	69.2080001783371
0.9379999256134022	119.42599962592122	75.42999984443189
4.2159998416900635	84.46599982142448	72.34200002312654
2.4059999752044696	106.26800023555762	61.823999941349065
5.935999975204468	78.46600016325708	73.9540002250671
2.293999948501587	92.62999977111826	71.19000000953676
2.5720000171661384	116.99799968168132	66.62599989891051
2.6520000457763655	83.01199983358386	84.34600024461746
21.72400013923645	155.49999859124412	72.0359998703003
-1.7879999065399164	86.74999965548508	68.07599968433375
2.278000020980835	88.21599989965563	70.400000026226
2.803999986648557	162.5479987193645	69.4100002729893
-0.07199996948242209	74.34000051200397	83.5760000610351
1.7379999542236337	83.91400029227134	121.3719996905327
2.7340000152587893	121.22799976825723	61.931999940872124
13.877999963760377	86.02000023305409	64.78600001811984
1.802000045776366	77.4300002098083	64.96999997496604
3.958000020980839	99.41400090396404	63.816000021100024
-0.7680000305175767	88.96799934417014	73.32599998831749
0.6399999427795411	81.44399999916554	86.43200004577635
3.4079999542236354	95.20399967804546	69.46600023269659
-3.2479999542236335	97.85200028568495	111.9700001935661
1.1659999656677251	80.65599965453147	65.1979999411106
2.7779999637603754	91.96999971464273	72.20799990415574
0.18999999999999873	83.20799962759018	64.93199993133551
3.142000102996827	83.4359999895096	88.57599998950953
1.0499998950958245	110.21400006532669	68.20799994945517
1.4520000553131112	86.41000005245199	66.61600004673
2.2799999141693097	92.03800016283988	72.4800002670287
3.7999998283386276	62.465999934077246	64.62000018000607
2.478000030517575	93.53599966526029	67.22000004231928
1.4599998664855949	87.55200016438963	63.559999873638155
-2.4060001564025897	88.15399962812664	72.24599988937378
-0.8459999847412103	133.26399966418748	67.82600014209746
4.139999952316285	116.52799989581096	97.38600008487711
2.461999998092651	113.02600006982682	76.2820004534722
1.9639999866485598	88.60799999952314	69.53400007128717
1.1580000686645493	86.70200028896336	69.86200012207024
2.9080001354217533	101.82200019791728	83.46399982452397
4.288000116348267	90.40199965953825	64.9259999895096
0.8159998989105204	90.10999988675121	72.90799990177157
2.8500001621246343	92.54199970334767	64.38400002002716
2.2799999999999976	72.92200029268862	77.06599996522073
15.411999902725224	101.01599997520456	99.45199971795083
14.03399987220764	210.66599890649326	94.51600009471174
14.576000118255605	92.09200024411088	92.55200024843212
2.6959999656677263	102.58599957048901	65.48400016307828
-0.35600000381469743	80.76800056010491	65.5380001020431
3.199999933242798	88.06399979174131	77.08600005388253
3.4419999885559087	84.72000006258486	70.19000004291532
0.5460000419616704	79.52999976843599	66.97200004100802
3.684000015258787	140.86999951794735	107.10999967962496
0.7519999599456779	81.17200011610976	118.26800018414856
