2.8204000480651845
36.54696038970943
204.4157598187446
60.93344063930501
56.81056040763851
135.84343962154384
103.53008027744308
49.33967944049833
6.299679514694211
2.8106398372650077
2.7387197254180866
40.27920012397774
39.85047989177703
94.36495963535302
-102.43552106456768
146.576799187088
413.6207174990057
5.83416006774902
4.7024798091888425
579.7438370488399
-0.3065601539611818
73.6818411182404
153.69055981998446
51.119839656829754
-1.2352796327591022
158.03503855676635
3.2080001049041686
30.55672006797792
45.48104038696299
144.67591960875404
236.67992036304454
-1.2267198722839394
2.8371198284149246
74.50600035266876
2.368399920654296
481.2418395817399
15.341759891128522
54.165600194931024
5.6612000743865964
122.16967953033453
49.217519621658425
92.91711989402765
3.1087997795105005
2.2359997428893985
30.47191978416442
10.119679905700687
5.560880004692083
77.46303991003023
0.8285606765747056
9.04888008766175
27.772000255203224
0.754640108871462
29.941998975181637
2.9691203968048097
-1.006080220031743
311.49559990119934
1.7651194721221861
121.94592057323436
40.52208024234774
42.0906400110244
196.80072014656025
163.04832093679912
222.87423967042005
8.790239753723148
90.0787201034545
52.4985600292206
43.17080038986209
354.71455894155486
39.52047992668154
5.187760214996348
33.24199981136321
24.9012800613403
11.938559987068182
319.7223190588
-14.152319567489638
12.409519787597672
17.97223948726653
34.264799931716915
655.0186375638724
6.128399803161628
20.75695992317198
17.006799779510498
-0.02175994758605118
10.04256020774843
2.051840679931649
152.24903957691166
99.28231991252903
44.76431993255615
25.726320183944708
5.962559849929798
35.24271914997103
7.856799904251091
117.65775978775012
94.04872024040218
-2.8311998413085924
59.371680055809
16.48632018089295
38.50079967765805
-2.958640142440796
88.71960047931665
224.1055204584009
-6.601599742126463
119.50848000068673
3.992880595016487
2.2371205493926962
54.17623998222346
36.91407984580988
5.269040434646611
132.82239938974405
14.840960792922985
0.852800160980223
57.43927987403859
71.72776041278847
2.654719477081304
105.078320734024
78.17919995784756
-1.7810403396606462
106.89576005630488
5.7466404354095575
7.28543992919921
3.257360175323484
-0.4528801548004211
67.98583983840955
0.9020801624298111
5.895360115814204
4.551999452209477
248.67727877292685
257.9207182151791
23.043200180435196
20.833599800109845
33.37559999771122
0.5316002429962091
3.321040082931522
26.528160287666257
10.829040496444708
59.3092797513961
38.19272055511475
13.87568016014099
38.37288007297519
17.51263968811037
3.1539195846557586
38.19847979526518
6.480480098724366
268.0408788719178
8.433519890975955
4.2810401725769065
-0.7884798099517853
74.83199985580455
3.440960275268554
112.92295950202963
290.9787189391612
96.02159997558583
1.0683994773864824
-0.8584800182342592
3.0429600910186863
0.7663998420715328
2.3541601238250753
16.534640436172463
3.2591202476501544
5152.5503362273885
3296.9070132651304
4812.589941231514
4953.015058648673
4877.452579865003
5103.759463650758
4946.747699291123
5.4246399423599225
575.9624762583969
5.754959796142584
9.526720276260379
0.9814400199890225
2111.6346182923808
30.19207987499238
229.67776000709532
4.722319776535047
4985.755297930473
201.48039949522004
2202.498058186544
69.80704029884339
1887.5734994789063
6.232160596847536
53.81336046447751
14.523440393447911
3.252159827041634
2209.3227793188785
5.087439319610609
28.968959583854634
79.71360008850093
3.697839642333983
52.00223999557498
2.9339198741912855
145.75912001514442
187.14039966128496
1.2807200176239006
85.82312155342093
5.302079820251457
50.23159996986398
20.141280017852797
74.28119955787672
4.24896044921876
17.924000464153316
49.29927921085359
91.16191945867536
51.52431970500948
6.898320061111454
5.519679717254635
118.19119939289094
82.3779992530822
10.474320117187512
25.729520435333264
2.841599825668325
62.90855981254579
136.5776791772841
276.49544026546477
3.043039413070676
31.238800194549572
196.55104143543272
6.8464801952362
2.802239995193485
8.2815998374939
2.3682395698547394
12.526959838485714
111.5074396409035
11.186240093994133
4.29208015174864
5.495200003433232
473.5263980627053
13.121840224456776
1.8582397846222016
21.390799917983976
2.359040006637568
52.05815985164631
2.1425603610992425
6.324880143356331
1022.1091165103024
40.665039164352415
164.65487954788244
164.37992072043428
-4.009439733123787
1.4284002395629796
73.42767955780027
15.277120037841787
4.568159608840941
2.2673597824096747
163.75320033578888
4379.331563223667
27.529599822235145
1.6144800704956095
43.955119910812414
17.807279956245463
17.301440162849385
2.180479928970343
121.1361607955933
71.84231948852526
26.465839978790317
3.2178397361755406
231.8963997453689
39.732720157241864
13.072879607391377
16.95759971084598
97.63976026954661
103.9296801023482
3.809919773864757
3.536880118179323
179.23632000350926
263.66983882312786
85.37599843826285
29.47264004459381
1.3868797946929938
109.59143955898291
-3.9014398555755543
28.79120021018986
82.7805593517306
583.7104798834504
1.6455196826934844
13.284399863052416
2.720800086212167
49.045440036392186
20.29464036445618
27.084879736709578
120.08583947505973
317.0768003146175
5.370560063552855
4.465119799423211
91.95471990966809
3.6607207260131904
172.00968044624307
272.94927981094116
49.28816004123683
-11.086960101318368
3.202639960861193
68.76799993705761
61.43679995994572
86.63016011619573
-2.1953593368530346
4.601439927673342
21.289200154876706
82.52103986501683
112.36711970653543
2.8951997699737513
1.793440048599244
-3.1428802886962877
4.659280183792101
124.59703896694182
10.359919531250016
25.375040046310453
-5.953039987182609
49.42559973220825
30.68375970115664
42.12424004096982
4.540800162506113
131.72983976593008
67.00480031871795
13.935680081558248
0.4082394969940116
4.306720373153692
10.582080152511562
11.514080458831781
565.1746370027777
79.487280218029
-1.4194399543762106
15.986319691848735
44.80984017391205
4.5758402130126905
101.7255201847079
280.1652797486008
25.650480635070817
162.8979197862624
2.474719976806646
53.94232013320925
118.52647924613953
76.88296032028192
24.088079994201664
56.92736003837579
7.587759915161124
369.6128809604643
218.50591858835222
68.49248072042467
29.805279992294302
-18.2837594778061
3.4663205139160227
168.95623986434944
40.63832009887699
139.3998394887924
2.664959920120237
67.10111988124842
5.053039891815187
6.113040335845941
6.204719849014297
1.7039193264007548
16.61720007858277
13.74727991638179
230.93583963165278
44.94791939010614
85.48095907163618
215.24015987091056
121.90880125484458
-8.758240155410771
36.56648022613527
6.044800514602664
96.5942405620573
89.51920027770994
59.76943989677431
57.50247985668192
61.2795202028275
248.6344792453768
41.709280169486966
2.9380000572204508
161.43215991821253
7.696719916152955
44.55103976325987
11.158479832458461
2.2676799400329535
6.211599858093272
43.34631965179446
101.86375905017834
2.119680388641356
94.33760022315981
20.140799565124492
157.6496802835466
1.8012797657012904
5.484799790954582
3.621680399703984
5.537840113449087
1.0371202014923089
20.848399965667774
6.174880165863027
4.917760062408459
54.50472025508876
6.594880440139766
-2.668160081481928
3.4098399333953786
65.27464018249525
46.65840032672885
0.9242407413482563
10.232640052795416
10.339919577026373
123.36416057872773
117.04024008331307
56.29336001358032
280.33919757752426
70.6813609296798
235.02495960448942
8.260239837646482
232.0960786923406
4.472239865112296
102.41223997478497
78.7856000314713
10.17432011108399
7.864720266342156
52.03207964096072
58.94992010974877
139.19007893970007
162.65487951781714
51.33112018661501
36.22247984199522
315.18575890016484
33.38551979370119
104.1267995409012
34.39311987419132
9.249279999160798
5.182640431213389
65.7631200267792
12.734959893798809
39.70664045524609
22.066079973602342
44.79264046897886
87.3164796943664
157.59504026298538
213.36056012983306
0.9083199409484956
-14.659120232391349
197.4019195821761
79.98975997543337
0.3421598098754834
49.33944070739749
67.61080028877241
1.6344799514770425
12.830799931335447
148.59311939392092
9.022559700012211
178.2626412780764
16.717839508438118
76.90783988056184
35.10704007682797
63.22576024398803
4.700800053405764
49.93888036956788
3.1356801662445104
380.21911932354567
211.37359942798622
0.5249597528457706
34.93176009712219
17.936879747009318
6.71328025054933
1.216239898681633
-31.541840328216587
39.25743978843688
8.749520073318497
12.423120092010514
7.368240059661858
59.22120036411282
2646.3853354413895
120.88911985969543
5.159919891357422
9.657200055313107
39.2391197826386
94.7240803220749
4.44376008338928
82.0699202169419
411.03944122819894
69.99079972019192
1.9559200099945169
3.9020007965087835
7.553519629669192
23.196240040969823
45.845680317115836
6.99999964408875
189.5880808760642
1.465200191116327
5.6341601696014285
8.75192022590637
35.330879564285326
1.5916797870636052
21.04952004165648
18.983840219116207
1.8003196445465082
113.39696073503482
22.14871996650693
11.774719857025147
7335.116561757229
-0.13375947799682622
0.8037600238800033
6012.104256358717
6.782880037689213
100.33599928665156
5.085919881820682
-8.401520521545383
71.07847984161371
3.331599578094484
8.036560268783594
1.7398402229309065
4.182079972839341
15.137840249633804
6.1612001045227025
192.44560008144347
60.008959958839434
158.70631952877028
-1.619520193862914
246.2799198596001
1.3894403472900363
24.418719702911375
17.66951934013369
84.88184009513863
9.692639797210703
345.34095986824013
80.00656017742158
6.3692797958374125
28.91983974838255
4.383920002746583
3.000559429931636
28.86000020980839
2.0579204145431556
24.929999977493296
9.359279689025872
11.640879681777955
130.6489597297667
2.09927973899841
-1.6770397060394275
119.67368052685272
47.24335985565188
-2.6326402477264423
253.83823908300394
2.7821600608825623
3.904799625015257
1.8036798995971748
4.399119919586176
21.820239932632433
-39.2237600875855
116.94463968009944
10.485119964218109
95.14152001113877
-4.795359402084353
25.058079557418832
123.1072801021577
19.261679754066428
439.3475222675321
2.50072016525268
256.8123991523743
177.36807911834708
79.37151953163149
4.1195999961853005
4.683440090560908
13.685279917526255
3.52103972740173
86.66728088493332
5.03551951942443
29.029360517883312
6.448400158309935
24.879519587707502
5239.766660845971
6.504400034332293
5.871520505905159
26.411760047912605
2.940319868087773
208.33351879501356
8.186560041999828
204.90263856433643
-1.5718398780822793
5.564159918975841
33.067519159698506
100.03663936119062
450.7631988885883
39.61335953178407
1.7092001899719254
49.82215998191833
107.26087989940646
78.60216004023562
6.183600566482538
83.55447996273043
2.8386400157928446
1.0666400138854986
1.556479816818246
7.266560089111332
2.388960028076179
-6.398240011596692
117.55055972862236
2.156640434646614
0.5543998542785626
619.1387196893219
565.4911983276783
174.53000042839065
46.04176034812932
3805.010449020308
131.5796803125381
14.673680118179343
-5.028319858932501
99.68080033855449
688.0698358252582
7.051280009460449
-4.491200151062007
187.3344807489392
64.07687984485617
-1.5854398052215566
8.174160234069834
17.988000152969352
11.194560096359242
217.26752066268958
155.9948012890814
23.511359813690202
76.60071943817137
13.96696004753112
50.190400572395276
37.56784021644589
38.77808029708862
66.11096017589566
-12.056880017471332
34.85608035869596
11.57544014968873
0.7392800300598176
1.3932000900268577
75.04960047378542
5.433039983367918
-3.4260000804901147
-4.461119802856453
3.4751197917938264
4.859840061569217
164.11104045448334
53.990479300117606
4.331600235748274
282.4964796307562
13.429439923858695
4.173440791702268
53.9586394207954
5.151599631500248
152.40095988292686
-5.5120804420471075
18.05279975852966
272.8507986974953
42.850160123062125
3.606240207672123
0.3062398052215573
149.69007988903516
-1.9487999572753876
270.5242387543441
26.654240512847934
23.22224013099672
2168.315898188674
0.24536000518799486
111.22208016433697
31.004719770431507
18.505920284080513
0.5808000114440974
10.089760073471059
1.8499202205658019
63.73175972976662
2371.9990966277996
44.604559881210406
185.73799995174403
37.822160463333134
4.811280057144163
2.8494402662277207
2.747199992752068
167.57375955753338
3.3355200443267865
1.2451198146820022
388.4534392286412
101.98703969402325
21.266880160903916
36.262240280151396
0.6991198780059875
3.2326400043487578
648.5694363163466
5.621920276260365
3.803680597305298
183.4893582357408
472.1308796785348
33.497920131683365
46.70647978019712
26.135200000000008
209.65359901133766
180.2584807420729
2.9627998626708916
155.9741598172187
37.579440417671236
1.1427201614379918
-2.419520280075066
3.8007198757171654
59.70639999713885
207.61823896751403
46.18015942153934
45.49208036861412
145.31256017951983
3.945039797592164
3.3328801033019952
-1.7409600791931183
2.5116798175811708
8.233359907150257
58.81823978519445
114.13815938091271
377.65247954489627
2.3072801815033017
3.75168007812499
9.239919878005992
9.840399896621712
-0.9781600509643589
5.201120191574102
3.163520089530939
4.078959757995605
33.23791970672605
97.05487989597314
75.67143975296023
6.477839939498892
50.14775975418097
31.470799604034394
28.5593599155426
67.2203203094481
-2.567039338302619
33.84103961791987
30.771039825058015
26.85456027526856
7.706799797058097
124.25335958951727
-0.6020797317504925
16.377440044784564
5317.280894149373
4913.867459231605
4941.527139163564
5.335920255279539
5151.441300373877
5065.226750680913
5714.028337871122
1.5549598899841255
4835.017460298024
4808.445779478395
3.550159877014156
284.79375748605673
168.33832028141023
-0.8437605792999281
1.6597599266052219
219.04840055141418
86.41967888641358
248.12591944527634
213.09247836189263
233.03127951917654
4.845199643325815
68.66007995185855
65.44592072467803
42.47335963783261
6.453200591278061
4.053759881591798
18.87256003913878
13.565039694595347
9.412960256958025
75.26504013137806
8.345760150146493
210.61103916130057
1.5107199337005672
192.57927928590757
0.2852004535675047
39.35383955535885
2192.594058147447
5.551840000152599
3.0247998828888005
6.848399963760386
6.783360027694715
43.15808006210325
1.987840667724614
-5.571999994659424
84.64448031959529
231.40919984970125
280.20383916177786
4.882880325317382
117.64808009395597
-1.5638399394989098
-1.790159458923336
224.95767964963926
45.4047201992034
3.893919983291638
138.23351984977725
76.68207984104157
59.8762398643494
1.2437596523284988
22.846240449905412
4.49135986709594
43.20920016136161
145.08279970474237
6.461599394989011
4.781360356903084
65.63448036155697
113.0754394594191
8.125200222015367
5.16168012161255
7.354400189590461
27.253599272537244
3.5612000747680606
548.5739185357562
2.273600313568113
2.637599905776973
111.63520019073496
-1.1911199131011934
18.397680298614503
-1.846400008392334
8.964719884109503
3.2842398504257275
3.8226400714874256
88.77840021343238
124.4951998559953
33.25783998374942
444.40015938119933
11.184560143661503
840.0191176911588
0.5340800724029587
114.59528135108931
6.972400009155286
0.5841601482391349
100.58616025953299
13.332959553146344
70.75263937416082
222.03215997006276
6.2552800701141225
132.59280033187858
5577.751782830808
2.5840800781250053
71.7869595777511
107.5795205898286
2046.2002168134738
-0.5095991252899139
1.9063998184204134
66.94407991371143
88.5966402647016
-1.1658400703430223
6.3126404140472285
2.37759975700379
0.6332798595428512
5.210160314941406
171.1864006193161
102.08247991371158
4.813359918975848
281.02583880891774
0.9443999538421671
9.896960404968269
134.63040035171494
18.524239713668816
2.5313597064971893
80.02655970115671
-1.2006393558502155
8.745359552383412
-0.5175195407867432
6.967999847030638
125.32544078369155
228.251199560356
84.5705600849148
0.5948803287506045
25.50887993049621
3.935679700088492
67.39720011863703
19.50031985588074
280.23103841114084
-4.031680078506469
19.81455959167477
68.69687893009181
45.79863977355958
110.05431982460023
5.3447203578948965
42.64087915878292
10.057839958953869
38.01752022399898
4.585759863281258
3.27336021881103
378.6740003979684
21.625919461059564
69.37352048244483
4.96736009864808
46.96320018177034
162.03527865028383
101.58271997356432
274.00903784198795
355.8012789180758
7.575199909973139
76.66079963321667
211.7063196153639
2.7188802558898897
103.66583943481452
7.114880210113533
172.83591943588266
6.623280128097515
5491.377852720672
2.978560010528566
98.6870407093047
161.49008007359484
12.940480490684491
109.98783933086403
54.28583978805538
-1.9569596693038918
86.25936041641233
193.28904082775102
21.354080279541
48.635679843711884
30.354800633049006
4.835759939193722
9.6160799217224
20.529040128326372
546.7819169754266
1.9545603057861272
86.89440033950794
-0.6438401618957496
158.69095970144272
42.64711945953375
0.6689602710723926
32.31496056022648
2.9411996818542505
1.526880059432988
7.303359864807133
16.568400323486323
27.80544021492002
2.0679193225860577
7.670640694046008
-16.691840113449082
2260.8289351937487
2.8048002120971667
47.048160552597004
441.59311899044536
27.54568004913332
20.217759965896587
183.1824001861574
155.24887924308774
23.82216033916472
5.534560238647463
7.643600020980825
5042.869298249426
0.3948801620483371
7.553120235824587
214.95800042634002
33.710479562950106
33.05472005786898
7.690879880523679
17.514400029754675
25.531040107727094
3.333680342102054
90.15320070095063
69.922879285431
57.82687986183157
4.509520246505737
160.08072045876398
10.868320021438581
-2.9892008371353134
142.21639952125528
26.955120069122348
14.50183978576662
0.9038402114868239
21.273279930877724
24.58423982696536
193.38175855608
55.94175961513522
3.762400241470332
5.0089599891662475
79.3424001674652
63.355680941200184
46.5628796472549
5.711760004425051
5.560239975738538
256.4213588272092
340.37464009761794
51.29823986968985
0.26199998817442915
69.59695995349871
6.760880300140371
18.72264011154174
4.70192047271729
71.7916000123978
3.9025593902587943
-0.6807199073791544
24.96319979095461
236.73440021762843
3.2677600124359203
3.457680265426641
4.550879825210577
3.6951999786377034
6.945119766998284
67.5416002498627
-1.3745597167968644
17.469839195251474
25.13776011352539
3.514479458236692
-1.3044002037048255
30.834559930038434
0.17719994621276783
3.545999753189082
401.7952789910316
32.78592035675047
36.11639959640503
5.334319774246211
21.68008048152925
4.46304002838135
