31.755920150756868
117.54760018310552
188.27807934608467
21.46648003387451
230.3724801452637
31.333440245437625
8.053600551223763
41.441839799499434
10.981760016489032
53.81448023681639
174.64471974487293
56.93535999646186
21.8275999557495
32.15199997482296
60.73200063323979
93.07223973274228
95.60336071929939
124.58319963302637
25.15888016967772
137.07664001007097
18.736240223884586
49.936000038528434
52.92415982437141
543.3646381071087
43.69855966453558
16.554960023498545
85.10607970237726
28.089439566802984
29.518720000076307
100.03936050758362
18.17071990547185
16.823840085983278
63.451839865112284
46.15871975288385
34.787680012893645
134.33335986366285
215.1643985631943
262.4018391638756
68.72080025520327
192.94575900230416
19.50111958847048
51.137039939117436
28.957920047760044
195.45008026599905
71.49688013725287
226.93055938358287
203.46167928848277
39.52688028221132
59.8689604042054
19.24431987724298
53.69016056976308
12.452560108566276
62.078319266891484
19.281839688110328
123.97903994522105
29.40935993995662
123.13800039558406
252.24279942188295
26.608479636764518
35.37504018249511
125.29871952629077
27.308640260696396
57.5668799060822
24.044559939193707
15.607280050659185
23.087039506149317
60.12720002059941
18.36096016922
2827.6192531466036
2481.560614340669
2608.039252137094
3288.1710883233773
3316.902128173139
2846.743171398362
3381.5666091998164
2446.508056203872
2717.2002917624695
3423.611487635796
3139.1224485937137
3006.1497306792385
2337.4050162113685
3240.5359686501524
2390.709336515415
3201.8006115430535
3465.572047129753
3294.5525319454446
3398.877089867146
3434.8076482189344
2671.943971271496
2608.096772576625
3381.403326895689
2871.5977319234876
3236.237168374246
2762.724450309787
2266.814536995042
2868.00317085772
2398.375014923733
2638.2282946412197
3451.2923697025985
2205.9154171634486
3334.669809374133
2912.6908517613024
12.421679692459122
19.226319626617425
25.456080163574203
56.23024002761838
16.90600016860959
38.732960576629615
15.738400149154664
16.403998980331394
43.27192023582456
120.41999984283467
6.304959912490864
141.20767888870228
81.11399956588747
17.08623981208801
93.18688002624515
21.573040149307218
21.784000617218027
421.92463811473897
27.486240698623643
38.9941596248626
103.5627199527741
47.076080139923135
15.498800407791126
16.599280154037476
28.306240325927764
9.217199358367921
85.91255998001073
90.45583929290754
15.615679460906987
131.21568051071162
10.806639703750637
40.08943993453974
43.757839628982474
264.38215967540737
53.27223961906427
135.9618402290342
9.683839653778062
17.399359777069076
60.42223992996222
24.106239909744225
50.024720233154405
18.408159857177726
114.38567935714727
100.36304049148553
49.59920016822821
169.37071872406008
172.48887970809977
135.34456035003632
50.68399960861207
127.00015978507994
64.27368041572568
18.621040190505976
483.0575978010181
123.16559944953936
47.60727982215884
52.69240031661991
20.44872045364379
67.40903991775521
27.688000331115767
163.53079921188376
57.993039343261756
43.71312028198245
80.14880028495797
130.46679958381668
17.497600450897227
39.302879996299616
65.4868000816345
34.66663982238768
62.48648098526003
78.66224016494762
45.4879996128082
23.554560266876216
56.679519799423254
57.884720036697324
11.651360400772125
81.94847945022576
70.3778400688171
18.69960012969965
286.0430383415218
75.33063997383108
58.34952008438121
55.08791962471009
12.967039889526344
357.61311950149536
14.010720097351093
60.02496017341623
25.277919714736885
24.69751992912292
109.91175977745067
74.4619198665618
25.806160291671702
161.03175971641534
212.68599905958186
45.802400079345674
241.3284791591642
92.74271934711318
152.24480063400242
55.21560002288819
60.7012004657745
91.96064071731566
21.0509602390289
54.45031997222889
161.0331997808458
153.54903967552193
24.159520080947843
63.59087969284054
118.00903972091682
20.732719710159326
30.807200125503513
11.492400374984747
17.932480224609378
36.18992031822203
202.33920101489997
67.28592041759491
42.508640272521966
24.589199809646615
11.475999808120722
30.666320247650166
12.408079731369012
41.293840166854885
25.946320218276952
3.7309600944519095
27.073200116348282
187.59712025337234
22.3301600353241
13.615039698028548
13.809440010833736
19.736720167541534
40.025119312667925
16.833120219421406
63.513120326232944
68.68864034690856
25.061280178832956
15.351760111618038
50.588000247573916
98.09623987197863
379.8697588907248
28.586639766311674
83.02408013191226
29.961999958801286
84.9530408851146
56.45656044273387
300.4541591793062
34.98759947891231
75.92920015640262
118.3267992248537
54.76015960884098
32.292720665740966
100.7728802696228
22.65367965850827
58.40768005142216
55.27936011390687
32.57639980964661
140.01032005920408
62.33383913726806
114.76879971523287
202.18983822326675
87.3150400455475
17.90039973907471
8.68456031990052
94.57656048393207
59.50007998809803
56.33799986877438
72.53040030670168
22.157199613189647
33.458559836959815
26.976160146796694
22.682960016250583
99.50247995796212
73.65888005714427
132.6492803312301
90.6364002193451
84.17367999954223
157.76424003066984
83.32168009681699
31.80872036399846
41.20559988594065
194.87639886054964
94.9536795665741
20.08431995964051
70.56160028008223
103.68191905174255
119.9030398757935
120.65359982604973
17.698880379486095
32.25600042533869
26.095039536285405
97.02752074203505
126.36663887519845
293.0930385652536
101.2177609333038
51.57695973281863
54.79687972335816
126.9317605522156
106.46367988700865
149.14535953979498
47.29767981529235
7.457600171661368
25.153920053481997
36.15391990242011
142.73535957603443
25.90800059909819
16.243200204467765
62.05695993270864
9.831439873123145
31.029760423278812
35.474160359954894
75.10895980377207
78.02096008834855
19.58488025856016
102.52407931671114
37.77255995826718
36.99008004302974
189.26208058204656
129.9422395721435
21.56712016487125
30.954239726638793
19.8925602363587
97.23168007812505
1752.994065174745
10.631280259704555
11.008000185394298
104.46199984703067
96.86928006820686
3066.925169006739
12.896080238342286
71.61256070175182
113.9502398654936
48.13607987899785
18.58672031974795
71.39264010925298
81.13927983703618
9.442559714508057
15.298879978942887
16.08064009094239
103.16048024826048
225.37175979480722
21.746399965286237
46.75263953590389
152.40223951492334
54.291120537567075
151.7208794631957
176.6002399652008
31.55343977279663
13.723120478057869
39.60872025756835
38.43439993438721
28.144880128860482
38.506959864807136
59.47464069061276
282.1877574920658
23.526720006942707
40.208560719680825
102.73832021484371
18.44832014579775
96.63983992652916
165.36983948249807
12.609119852828957
23.492240134429906
42.37000052566524
7.834479940795884
14.347120572662341
19.0382400779724
16.667599512481683
58.99288014335634
21.33935956459039
49.197120223236084
25.789920270156852
60.609600391769455
28.46199997596739
21.31440040054322
133.57759978542305
40.97032018051149
95.91208046874992
113.05463999481202
31.32056026458744
85.9440804122924
46.809600466155985
23.132000403594958
118.04152033309933
50.3940004772186
26.846560235214255
22.99024005336769
56.34384012908944
31.507920670700088
204.93872006816858
524.9249560637467
165.3037597331999
53.53904033088684
94.55272001304621
6.138239560317994
52.17143995819095
30.63136067085266
114.79391966648078
31.49695984725953
73.71239933395404
28.344399714660724
283.4895196201325
31.263919590759283
5.7181604236602865
132.0251196983338
51.149679377555756
12.558960207748383
22.672479662323028
97.51760041999817
37.35440010604852
28.983200102233905
52.295279851150454
11.513040197372439
212.4186388586044
26.578399749374416
35.499600122451746
14.540480317306494
23.858559634780864
43.49535996971125
39.93943939666756
26.69144016342163
12.660400098800647
20.839039884948733
13.01607990112305
154.4002392398832
121.37007999076849
89.36312024307263
15.804319847869834
20.649919556808467
218.100479065323
206.37407862863523
129.94855952224734
12.868800046539311
125.36231946907051
16.970159658813497
4.286239981079105
7.651039762878424
13.646399312210091
17.773840450286883
27.162000131988513
162.6420013717655
127.22887983970662
242.88031951713577
18.78783925018307
49.44080019989008
17.12559977340696
12.430639758682236
18.778800168228123
12.109440927124027
34.51775979385379
15.572079185485839
97.20776076698316
143.9395192832942
104.76640090713514
14.222560389328006
18.916640239715587
35.87032018775944
9.997360223007192
26.554719790649408
17.63648015937805
96.26727994995129
211.5800790243151
98.46047947502113
18.558639859390244
5.813679671096805
41.13951987838744
37.297360270690916
79.73783989219677
15.041280170059224
31.993679975509625
68.32008019294744
259.15207889537777
24.071920551681515
19.17895993347166
17.202480090332024
19.055919750976543
31.03632011909482
90.87240032043466
103.57408081016565
28.844559973144545
15.187439910125748
133.4509604473112
59.32320055198682
8.062719946670523
63.29616022682184
52.42343997001646
139.83655963058487
70.31816003684995
12.11735953178405
33.41207982254035
41.942480329895105
10.39367976264954
8.254640383148189
12.96511962661743
17.854880709838845
90.11792054748524
24.56888012390139
54.22200047683716
12.743840270233152
85.85295994091037
112.20560048217759
31.61936005973813
13.680960463714571
60.40512032737734
34.246880266189585
18.00359976387024
23.784479977417
40.3015203796387
93.80255984115597
9.004880105972289
61.24120030632017
13.552399922180175
19.8137598364353
48.02503914566046
16.407680273056037
67.00664034919743
158.32671826171887
25.50584019470214
105.09719897079455
214.864240295029
8.295200179672248
75.77192073402394
20.489439215087916
63.300719240188535
46.12351928062436
19.18783968620299
392.59519950885755
471.6085567114825
49.94120012474067
109.27096144866968
13.772399777603159
15.059119234848025
44.226319939804156
26.23368032073976
17.66599977035522
52.270159762191746
53.86848034057619
15.314479927062976
127.89792005882255
36.20967986984259
37.2782399684906
38.47112031402589
102.51943999214176
31.475199798583994
205.06280001430517
131.02175993881232
177.928800238037
21.167200170135473
78.20616025276173
19.87864009475705
134.10807969093304
45.86967926216141
21.56416045989989
23.975999949646013
65.03840014534002
92.65751889266961
