19.85303984565737
0.22615992088318412
11.401839832305951
47.749360226821956
31.305680200958314
54.276800204277045
4.248079953002926
18.916240177536004
1.9892802612304672
27.153520348739654
129.95383996620166
26.800480284118734
-0.7171199676513628
6.399360152816757
-2.626319780349734
17.58512004966732
6.662079809570312
-0.21424020957947618
332.7321585791586
19.648879769515975
118.2421602884291
-0.15263990516663317
3.486320441055307
15.71072004280089
2.0496799705505317
12.147999962425251
5.687999758529658
2.165919709396365
4.651759180831903
12.869439817047095
-31.921200210571264
5.622639707565307
5.925919983291622
34.94063924713143
56.06727998561855
-0.9682400333404617
72.44688013229376
1.1222393154144255
5.387040060424802
4.889759650802605
82.82984036056996
-0.2783194831848223
36.26775999450678
180.96783839098205
5.445359708023083
74.007519135666
190.25775944080365
10.222960074996962
59.84303989677424
19.24696034698486
4.791520097732538
0.8560000957488937
72.01080032272324
12.501359765624995
82.48944050183295
5.034000053024264
26.793519532966624
46.34079993400574
34.11544007225043
58.99056052246102
21.382399827575735
8.289040269088755
245.86543899440758
80.49743997325888
82.6534393779755
7.1393602001190315
-10.683119659042351
9.292240958976754
-0.41808036537169846
4.559360152816774
139.32128058948533
-6.161999767684927
47.71887997169488
72.58640001411423
-0.8129599571228013
13.498639926147481
14.249040016174323
176.5249600261688
5.5739200599670395
92.58015929641732
55.58176027641305
1.3889597423553455
12.326639995956423
26.001280604553223
78.51639983673113
2.781279887771602
170.64871980419161
6.429279777526858
55.06191985549925
449.52551854021567
63.139759904289264
32.46824046669004
65.96711912498459
4.1999997871398955
0.3105599586486818
485.11007736206017
3.6761600215911834
26.278560544204705
23.914399954223637
295.3427210920811
222.1099989645005
47.18664000167851
175.19079969902026
5.426000187683113
10.02776001396179
4.892000381469741
30.20527995338441
43.20623948707579
2.029759620285041
28.165839978027343
51.686559944343564
3.242319989395143
24.299200168991085
5.075599729919429
5.317120270156862
31.98543973770141
11.170719898605343
4.633920444870006
19.044960328674314
-0.3238400852203446
55.29967958869936
44.00904001865383
-0.06295983848571332
44.038400175476106
11.783679711151125
11.118559790801987
3.191280168724061
13.72208031005858
20.77799972457888
73.8541600273133
20.303840812492354
17.531840094757072
0.6951999446868833
-2.058960056686407
272.44823928620235
18.681520050811777
0.23840000915526405
4.679920005798339
3.2517603385925224
14.079200187683078
-1.554479793548584
3.6993599861145023
1.881440452575681
66.6356796283722
37.01648062591553
2.812560010147095
7.786719795608527
1.0622402015686012
7.662160106277465
33.3782399009705
3.8688791477203455
1.2995997234344416
40.225519535446146
146.91903934497861
24.44640004005432
156.2029603002547
135.0825591444015
2.8544799739837594
8.207520249176042
20.588399814987202
4.957119860076906
165.98751853790293
4.738799955368049
118.1375998641968
12.315760070037838
0.7290401519775331
147.80616042099004
3.845279802322384
10.81008009681705
1.6528000186920162
99.68127976245886
1.5196004411697317
20.729840072250372
15.112160126113862
126.68080076680177
1.3237600032806398
34.53303955154418
26.647840052795416
28.840480365753198
-3.446320287322992
26.61455968093869
5.005600206756593
11.790400167083716
45.27175946960448
32.045039782714824
2.167280066299447
11.28007996864319
45.15623981723791
58.25447942237862
31.129040586662256
3.682399747085564
109.4243200031278
68.90376014175419
23.15063961372378
195.48279956884352
4.52199958114625
52.38504022293098
33.32535943374634
84.56943903141016
91.02535981216428
323.2641585134503
68.36295988674159
4.317279945754998
135.59240015983616
73.6036797489166
18.52808046798703
128.31079897146222
0.26495981178282785
91.09839931335442
0.4408796566009557
-0.9007199050903407
25.463200254821807
1.7243197475433394
13.764800009918192
3.9676800861358594
11.388639714050314
54.19175969791413
1.6239997398376538
33.146880035018874
1.608880367279052
6.989279959106436
1.8247199600219737
229.89535890121465
5.403279726028444
540.0935970404507
0.3202400505066002
3.287520066833494
-1.5058402881622377
149.9732802343367
-2.8853599628448516
73.24776058559421
8.470479633712754
-2.4588798557281555
-5.979201074028118
2.4405602458953957
14.853359556007376
5.021359991455084
42.633840363883984
-3.9028002941131703
127.403920034981
138.81984067726148
5.287680253982534
35.020719895172114
129.4152796005248
6.06728040943146
14.571039843749997
-0.334639818572996
24.25831939544678
121.65895987644208
0.7682402339935248
126.07559992923736
1.5423199424743679
135.22320005111695
3.290639672851558
5.544000624847422
56.44344055881502
6.253520335006712
1.585360165023814
4.016160257720951
14.136559869003287
1.7680002105712809
2.3707199356079074
13.974399753952031
196.86879999408737
3.7923198642730704
26.310960033798192
45.169119927406285
14.700639617157002
58.11023976974488
82.18039971427923
40.19552011795048
5.925759994506836
2.6473598995208665
6.24824076271058
-0.5357595703124893
9.509040204811097
6.8674398189544545
12.322079983139028
2.1825600769042994
2.6688793601989698
60.07752012386328
49.715120260810885
146.67144082984916
8.190960198211664
114.62599976024634
29.608879816627443
65.86015998172758
357.9071988049501
28.497279970741275
27.302239808654786
114.74831964702592
-2.6078397418975854
108.20311977329264
3.0057604087829506
5.814560048675536
312.317598594314
44.46799986495974
0.13496040878295412
77.28920014057145
5.617599649810798
5.913919292068474
34.97912046833034
51.3930400009156
19.904799661636332
107.58023994693752
18.86184023399358
2.0975202320098876
6.593519908905038
24.802800329208353
1.1620803100585924
1.439520495605466
-0.25640009765624183
33.274800661849994
-1.2398402191162123
31.53719992752078
4.138160303878779
40.002640061569195
57.48983976249691
909.9290339524997
53.87511986465452
151.84303991680144
122.04760039525037
-1.1035997566223164
90.25975984077462
115.01415904464727
25.589199404144313
8.927920187377946
86.11848029994985
128.96319989820717
9.809920388793937
14.808799668884266
5.077120074462894
3.3814402709961
119.78336012039175
4.448719966125484
7.5000000419616555
79.67007985916142
151.25919900360103
-2.2660002529144356
219.2146407984854
213.88919934974922
11.18359985961914
325.75823838410383
-0.004159660339355302
48.489440383338966
42.080640024566684
138.35887806387547
2.4820001392364444
11.745439948654163
53.66983957405087
1451.3547924945701
4.9046401653289795
28.79112005500793
39.16623950080869
11.611119954299916
4.311520486450191
5.675519670867928
23.558880171203576
36.49087985839839
195.15280033283253
5.088799819564803
46.26687972068781
1.9090402610778792
6.239199689102166
30.985840548324603
-15.349359976196284
153.86967940619564
53.09103947830203
79.78991968154914
5.185199571228028
260.8576796178819
116.65543988399509
1.4800795978546195
26.84576046524043
43.312879752349936
16.323760309600853
24.01959969902039
2.395199620437614
67.85720005455019
2.6988798309326194
1.0936004577636769
13.166320088577242
39.86311993827819
13.377279545593261
92.05183954696645
35.49392015132907
12.75519974765773
6.338639958572387
3.3354400543212965
18.31976013755797
-2.270800144577026
95.67336025733957
49.40240033569339
-1.666399670791635
1.4228795650482233
2.1010407375335673
24.05655976715091
-2.1726400566101036
1.681840315246595
2.6441600189209047
5.752879624938964
27.360480206680304
26.35280021686547
63.32400042457587
6.698880146789534
59.05104013557435
8.358240445899938
0.40200008049010777
46.51143985309617
50.67623999252315
-0.7848798690795933
167.30151991062164
322.0884798695562
1.5767203517913753
2.776240056228633
34.625200074386576
0.5688800495147739
3.023440004730219
6.423760339355466
5.970480119705205
114.0948795450213
12.566640257644641
12.861439656448344
15.548959542465209
-2.3104000213623137
58.5181599010468
-2.4508004577636724
71.93928026084905
6.561200102615347
-1.0327995803833092
6.334719879531863
11.421280051040657
51.82272049140932
1.1780801795959452
0.8984801620483431
182.34919985179903
106.51447994880668
313.69239998790016
34.30615984992974
1.503519989013677
11.330719467544547
-2.963359756088243
50.35047990856168
45.76976012878414
5.001200025558465
281.0643186695574
23.011760114669787
107.56104006652821
11.143519537353503
22.858960562324487
143.96344101705554
165.16847954368586
107.27303926467906
37.5170402431488
11.534160161590552
0.6977599033355711
206.4252793620109
105.59744086561192
43.39879991950992
30.30880043344494
165.32616050148025
1.3479198146820088
100.52864041271208
-3.2428795291900716
46.77048025836939
7.740239967155449
12.484720034408562
17.02256039886473
20.591999956131012
11.624799930572536
-1.5558401100158705
5.4867996681213285
24.131839561462368
1.2160000991821278
6.201359769821164
78.63231954536433
20.423919862365736
9.559120115661633
74.37120022506714
2.5973599548339927
393.12104010980727
62.11527974491125
0.04232029380798817
19.80544031410218
16.78432000427244
101.06424032478344
51.34424031295785
1.6076801471710152
175.69527943897262
80.16776012191782
15.266240150070216
3.5104007179260197
86.49367968959808
-1.3540801029205218
0.9824803016662553
192.70791978273385
17.85735989189149
143.29727972607606
79.98144010000216
15.82311963462827
6.1567205345153795
112.78768021774292
29.612319486045863
4.173439837646486
3.148960251998905
2.0487200347900396
32.88744009246825
11.334000082778955
-0.42015969505309736
2.437120415496827
47.86080041122444
97.24576012134526
5.58200003623962
0.7946406604766905
114.76927941751495
4.347520086669908
-0.06496015434264332
20.22647994346619
32.56288002052307
-2.009999955749515
8.005600458335888
560.7771972555943
206.69040006389642
14.591119689559939
6.482159897232047
44.91216045608521
24.094239826202408
21.023280062484712
123.65784094047567
2.836159685134881
150.2434402236936
17.760160255813613
-2.326960353469843
7.7093599529266505
44.57472019538883
48.12744024505604
2.5543999748229886
8.835679718017575
5.657839938735956
61.80400028057095
69.08007985095968
57.426239452552764
24.076159905624397
3.7512002601623506
183.6403197062014
197.3463197788421
3.036800087738027
11.539679806137086
5.231760014724739
14.305680032348631
102.29535983576785
4865.842340117841
-1.61767932815552
3.1243200138092058
5.204639820098875
23.55303976020811
76.10888063869477
41.87696049842839
129.042799077797
4.9021601890563975
2.7015997356414836
177.74144041290265
-0.32703979606629163
15.4263202955246
79.92720068855269
87.27167931461344
-0.0207201549529949
17.951759591293396
50.1920008979798
5.431440345382696
62.54079957103728
235.4742387826922
6.115360212135309
45.72984058151252
9.18240017299651
4501.4285120642335
2.3899999637603844
0.08287981758118038
33.86088023300169
4.599840201950066
98.5805602981568
3.975600191497799
18.931280058097833
33.90216032981871
4.277680422592168
85.19527907238003
33.08055984230042
5.409199729919434
157.56072064781227
2.7326396785736136
4.932319816970829
6.24783952369688
15.165600286865212
0.3533602466583214
-3.1932003913879448
13.066639893722524
2.910319820022575
38.13800047264102
0.8957598632812546
55.58928035736082
-11.336160028076188
5.251359967041009
5.712639947128303
597.7306392335419
114.78768054869764
45.73384043712613
34.51792005386352
47.463759922981254
5.9339999099731315
63.449120083618055
5.611199653625481
15.819200434875512
5.59424021148682
70.78135984630575
5.176240100097655
37.69335991134646
30.783280367851273
-14.7417601070404
-4.674559926605215
35.9487999679565
43.48048013134017
32.335360324478174
5.998560080719003
149.4665604198456
5.004080355453496
27.636080152130152
2.731200297164922
41.21375981464388
31.95727939834598
1.9157603572845425
213.92984011917144
35.65119979248044
59.19440032691962
4.0285601345062245
42.57968001480096
57.57672006683339
2.568639921951292
231.97831945075978
30.426160000610338
36.659680393600425
9.890239929580696
6.85007981414795
1.1663202545165952
-7.6045602268219135
8.808080025863653
6.6004002426147315
21.10208040447234
31.050799702262886
2.9696798995971774
11.353760159301771
170.19320009231586
29.298640905189526
57.14232020988466
22.463920793151853
11.319360113906873
78.23047953238486
31.81720053081515
18.071520095443717
7.111519787979122
-3.9969605293273918
-24.701840136718776
12.604080041885377
-4.681279588317865
3.3464796989440884
20.741039833450294
29.47783971290585
5.361440088272095
117.97359927883147
103.15663964710248
7.930319770431518
53.15735920677183
371.72679757328035
39.8400005775452
9.898480060577368
8.640239707946781
43.7437594463348
-4.4012801456451385
-1.463039585494989
74.1624796312332
218.22847994365725
26.947520077896133
9.836800248336807
4.6879998451232865
35.416239539337134
-0.49695984268188115
2.141680165863036
70.94055967502595
154.0346404601098
-0.4224000495910721
26.440800162506076
28.674559505462646
42.83384023971568
9.640800222587574
4.02752033615112
59.389679874801686
56.728239669799784
131.77951990280144
128.96160047683705
93.02736027488716
449.5415208520414
28.19359960689545
325.3899180853842
4.708080063247689
65.51063977756507
-2.4276001338958713
5.936000289154057
4815.341940531021
3.0647204139709547
12.139760142135652
2.9755199680328412
10.974640098190307
47.90520020599358
35.46063984851851
5.551120009613037
360.2226387985705
13.246960576629668
74.85104025459295
82.78328007602701
-0.4905598827361971
-3.5435203662872263
1.875759771728518
4.741279994201669
181.07863985023482
18.963679714584377
249.14896100244505
-3.0440795635223306
2.473039828491219
66.07095961933143
45.77695958671573
4.979199777984614
5.0369602733612036
1.7798399410247845
159.70583983631144
108.97440041465745
47.93192040500643
77.93832054634092
1.8137602016448906
31.61991900577549
155.613520135212
311.19352043101145
3.600480743789673
1.1882402267456014
14.984080097579946
22.897200054931634
170.9078399678229
81.71912062997832
1.2227198646545367
10.023839843750007
0.33832013397217386
152.03695992984794
12.42167985038759
114.48392059745778
1.8462400970459003
2.962000328826907
63.451600542831294
71.68856001796723
19.96064041767123
5.9689600772857645
-1.4568002578735275
13.328399643707254
195.78031945247662
43.11064059410097
25.018160683631884
-0.7755199050903298
0.9687204353332534
22.903679910278317
0.45312023200989937
-1.0969598793029751
26.383919757461545
27.8101598430633
13.121759869575508
5.087279969024661
11.302400495529172
0.2970402635574282
39.55151973266599
41.215759339141854
22.01440010719301
3.0043198732376157
34.549919899177624
28.877119881439235
223.04895904960617
45.424320254135075
17.75919977722166
306.16759966754876
2.549679813003532
20.672399897003224
33.11743932151794
-2.5547999771118146
6.934559806060795
-2.280240238189694
4.91895948600769
14.304320553207416
10.78744014625547
14.432719675445538
98.00583876247403
25.447519405364982
17.72567935066227
20.05823986701968
7.431280183029172
127.61856015663133
-1.6222401081085265
270.55127880535116
6.965520005798339
-1.1903997337341354
4.366879848098764
26.13855969161986
36.017999765968405
-3.563199800872815
6.481039696121226
0.8650401100158706
9.403840115356443
27.323360741043114
12.769040188598634
29.186640303039617
-4.311999768447876
3.0499200344085713
43.88984012947081
46.39791988372797
7.167280200576795
25.8233599908829
143.10704048023223
11.337839765167239
2.77816019058227
0.7410401424407992
109.38703941822054
4.014000099945064
459.897436766082
129.71647956275936
1.4039195579528865
0.032639809417723875
321.1148782894133
2.7239204936981163
12.786960474014277
13.524400548553453
21.781040051650997
1.3135996894836357
12.877760106658954
4.808640203475952
30.92623968086237
146.3758403636931
26.2451998409271
6.074239954376224
3.4920801219940216
0.22999986381530155
10.591680178832997
-0.1081601352691736
0.0333603843688975
29.35471945533754
38.16903982791901
2.5277598346710137
32.50544028930663
66.79672035179135
8.779040185546862
79.23664026527418
37.497280152130145
36.325040206909186
5.618000511550909
2.7573595954895054
19.27496027908324
-5.248239976120006
47.29024034156803
267.3846407222751
185.58119860935236
20.119600062942467
38.55536018905637
0.8470397575378398
21.064480215072642
43.51152004356384
60.67679981575013
57.7771197603226
24.714880447196972
70.79664027318957
-4.693199662780751
1.4447202411651598
5.068160067749035
1.2306400180816675
3.7413600906372095
3.108319963455197
0.6795201519012509
975.7259942962836
-4.9923999080658
196.57160022459024
50.058480140304596
3.420800007247931
14.600479383087121
29.166399603652945
18.18328023376466
-3.4476799575805694
130.2595998693467
32.748400118637086
-1.3699996631622346
3.020959548950197
15.768240408706662
2.29720025215149
132.47168044013972
251.8875199261666
44.808319956779506
-2.3004803485870515
13.732559951019308
44.94360072383879
143.61448092937462
20.46583994178773
35.08056010074615
5.149280551528943
82.41944065246562
34.80616006851202
-1.9430397361755487
50.732479997253385
-3.7557601482391374
0.5112798614502033
-3.74391999092102
103.82607917280197
0.45703972892761113
-1.043920011520388
-4.888079490280139
5.025359503173824
11.136799683761598
16.244160366439804
177.83215978265966
40.69072032051089
13.876400212097154
63.91087934341434
22.904800286865214
16.363920048522946
3.887439129257198
13.992240427780116
12.353199845123273
41.182480202484044
107.08064069223411
4.76823983802795
4.2573601680755555
1.0153601066589366
9.630879831314086
92.31056023216233
5.1429600578308
40.80160041751857
-36.894160765266406
-3.246719816970816
54.0526402748108
21.273360172653245
21.024479891777027
9.24335971908569
27.838799020385782
-2.892719897079455
3.6937598701476957
11.801760393524157
223.66480026391778
23.30135998992918
5.52816050491332
0.5292003814697286
4.958960002517711
-0.3145601406097357
1.0919997531890837
0.7435202816009583
13.53231988143922
5.0987998748779315
111.98088053665145
91.06679989566794
4.669839999008185
52.550239228248465
100.0406397968293
25.914480192184442
2.485680077743526
25.933919804000862
1.3054401363372738
0.78959997863769
159.8986402392389
47.59079967269899
6.073679957199093
-0.5434395992279107
1.8784797470092782
29.45719990386965
6.058800263977041
8.195360248184205
2.39895976867676
5.47023981895447
97.54448008995055
80.74495981273648
-6.066319769668566
23.484079825210564
295.4829595520021
10.770079809951778
-3.661679716491716
-1.2801603034973255
25.248000273323058
24.722800168609634
13.115759910964988
156.3689596687317
16.311120349884046
5.367840360641479
8.85967972946168
0.7783996978759764
10.236160707473745
192.81296057844153
2.920080167388915
51.16496026878365
