8.228000016212464	61.07000006318097	89.2940001058579
0.5209999895095819	64.25399992823603	66.54200006246563
9.338000059127808	63.82400003790857	80.08400011762984
0.5660000514984123	57.16000002384184	90.5659999120235
24.778999972343428	101.19200049355631	75.66799996376032
44.86800002098084	67.97400012671949	75.22600026607513
34.644000205993656	62.742000123262414	67.97799995899199
31.049999756813033	70.08600003242486	73.00000010490415
9.060999932289123	64.43399990677827	75.76999998569491
0.4690000247955323	66.38799994468688	84.97200018405914
19.04199985027313	60.60599990963938	78.16800015211109
0.7609998750686641	70.5940000370144	70.51400002837178
-0.6709998416900649	61.183999927043935	87.63200003266336
0.5899999904632565	61.67600026130678	70.9740001344681
25.759999756813045	63.75200007438659	67.06200012207029
36.514999933242784	61.62399983137845	99.69800010040406
23.850999913215635	59.142000152617705	74.12599978595968
0.46199995994567833	75.50000032514332	70.21600007057191
0.7049998760223383	61.80799987077712	87.68800004005426
0.3599998807907116	56.726000068187716	64.55800019741056
1.4209999990463253	70.71200011253356	69.4299999955296
1.3349999904632583	62.91600002527232	69.71800035595898
6.465000200271608	76.99600016951564	69.35599996089934
28.851000051498417	60.673999992310975	66.12200016021725
15.515000061988832	57.287999888509574	72.36999998569485
16.480999951362598	93.29799974694849	71.98600000619885
-0.11800008773803605	80.07000010937455	73.77399983167648
60.36299952983858	63.36999983549119	72.11800017476081
0.8940000724792477	61.08199987992638	73.45200017929076
6.082000131607056	60.051999723315234	79.17400039196015
1.4050000000000014	61.52599986076356	161.15599925279614
73.37500070571899	62.78999996900558	106.88000029087068
55.62799968719483	68.77999979853622	72.01200003147132
48.89300007343294	69.02400010347372	78.65200012207032
8.663000073432922	66.34599991798402	67.55999992012978
0.3810000181198121	61.17800005078306	90.45399986505512
0.9889999961853043	66.39399994611739	65.36400005340577
0.4470000410079946	58.92199993401768	69.05800001755354
37.91100015640258	60.904000038653585	63.1580001306534
-0.2729999876022341	59.64799995988608	102.92799995005136
11.381999983787535	68.66399988532066	69.78200000762935
1.4890000820159919	76.08599996879703	70.6820002011955
35.20700005531312	65.98599982738489	75.07999999999996
259.2879984140397	72.58400008678436	70.3079999685287
14.418999843597403	59.94400006771089	73.20199998155239
138.0320003890991	57.1619999527931	68.31799988031386
13.111000080108644	59.39000009059905	72.93800024271017
37.54500010490415	74.47999982431526	85.63200028598301
28.755999560356134	58.366000057458905	73.67999975576993
3.3519999837875383	64.23599992692463	70.70800004482264
15.53099999904633	64.38400020584459	105.26200011253374
70.32400039196013	66.65800026223062	71.26600007534016
28.44899988651277	68.3600001657009	70.82400014877321
0.863000030517579	68.75200006246565	100.55399998664873
7.104999999999998	64.61799999281764	74.55599998712536
0.7799999141693114	65.58200003176923	70.46800004243853
21.58699993133544	94.31599970698356	75.18800021171566
37.578000316619885	60.31199991464614	67.12400015071034
1.0800000476837148	67.71400007724752	75.85599996000518
-0.28700002670288155	60.597999897003156	91.01999954238529
21.181000065803534	73.20799975395208	70.58599999904632
1.2999999904632578	64.8980002737045	103.37799971818923
16.41500017166138	67.66599997326738	69.60200008869165
30.114000225067155	64.63599992036816	75.37800019621851
165.52899935245514	65.74000008702274	75.04400004863739
40.2670001220703	84.22200006008143	73.63999999076124
31.31499978542327	93.19199980258944	67.09600003242497
34.048000059127816	61.74599995255471	72.57400017738345
25.927000212669352	62.340000038146975	66.83000001192099
2.9780000066757197	62.68199998140335	91.89799988746644
0.20099989414215177	62.59600025653845	79.59200010538099
82.44399965763088	61.04399998426441	98.14399993896488
12.607000017166142	63.30800008043638	71.79400011539457
27.49399992465972	63.834000077247644	84.94799993634223
38.8680003833771	63.26199990034102	67.84400012016293
9.357999987602229	82.78999989390367	72.21400006055819
113.97000129938125	82.04800002336492	96.0820000457765
0.8979999208450321	65.08800015568731	66.49600005030635
92.34099994659428	69.4380000062287	72.21600013494485
34.980999622345	69.43799991726878	70.40200001716615
30.7789997959137	68.48599978923801	66.5820001602173
1.1899999618530268	57.62399997070436	65.7420000636577
11.59999990463257	66.4100000238418	64.13199995517726
10.188999972343444	62.85200005054472	70.30399990558617
11.52899998664856	65.3900000596046	144.75600050210946
1.101000008583068	62.42999997928736	81.22799990415584
11.784999876022344	66.8080000916123	75.06799986213449
13.515000138282776	73.97800035312767	71.09400020897398
0.5240000677108775	59.41800005704164	71.36800013780591
17.717000164985663	57.97599996164445	69.83600001811978
142.8709998726844	64.06000017523769	66.74200020551679
0.15299992561340237	67.78200004160398	67.50400005340578
25.939000182151815	64.84800001621245	70.75000021934505
32.36600047588348	63.484000029563894	67.17599990606301
0.6979999923706044	61.92199992656702	69.12600019216535
53.429999575614936	60.60199980258942	70.01799998238683
128.3280000090599	64.38599958837034	86.43799991995098
0.49800004959106314	79.38200014948842	95.96200024411097
0.9020000123977652	63.93199991226192	137.56799980357283
15.630000038146969	76.83999967813493	74.08600007057186
1.090999965667724	72.53200023174288	77.22400015830995
0.09100002288818365	66.11800018548963	82.42799992442129
40.18599991798401	64.71799989938734	72.89000024914742
38.817000250816335	59.908000086098895	72.98400002956392
5.677000007629392	74.94400009989731	76.15399982884533
47.0530002975464	77.23800040483468	70.19399993896488
37.919999684095394	63.96399998247624	72.20800015926363
0.025000095367432255	63.10400005936621	68.93199995040894
31.906999874114994	60.14199995279312	75.18400014907127
3.288000059127811	65.56999990910282	98.57200003907086
48.54300034523007	61.36799993872643	67.09200001478192
22.20599999427796	65.4359998446703	74.63000002861024
0.7529999351501447	75.45399993419647	67.77199994802471
13.68399994373321	59.55599991247056	68.76399992942814
11.05300015926361	62.63200005948543	70.11200008869174
20.510999927520754	64.71399975687262	101.41599949076762
8.517999835014336	61.71399985790245	78.180000064373
0.6329999256134042	63.06200008630751	74.70799999713891
12.668000073432925	62.90599977731703	76.14199963569644
0.5849999046325698	64.75999988943336	67.76600014686579
0.34200006008148237	70.88400009244681	93.73399989604947
0.6300000286102293	75.8239997959136	77.99000021696094
1.4609999656677248	70.7040000303089	69.55600015163418
3.322999935150148	60.44000017881392	64.3240001058578
1.0229999828338636	60.8679999876022	71.8599999904632
45.42600005149841	76.8879998469352	97.68799964427949
-0.015999903678894048	82.62800021529192	76.35000020503999
216.88899889707562	69.87799981594083	66.9360000300407
28.053999810218816	68.46399981021877	74.2400000619888
5.367000098228454	61.610000119209296	87.3300004434585
0.17499996185302855	58.30599992871288	66.88800014495853
16.75399995326996	65.30599988520143	79.3480001068115
8.86900005340576	70.34799989700313	67.2620001471042
15.583999872207638	64.30999997377396	90.353999915123
68.32399945735933	62.735999884307404	73.69799980640418
1.3200000095367448	61.7519999375939	90.62400007367128
6.211000008583068	69.24600000411267	71.62599996566765
1.6050000905990596	62.34400010824209	75.59799984931945
0.9560001182556163	61.345999854356094	88.38200004339218
41.27999989032744	65.78000005960465	73.0980000936985
1.348999996185302	64.40400006011127	73.83200005292895
-0.2199999904632571	62.91999998748304	73.23800007462496
22.60199992656708	61.10400003910061	75.05200006484995
1.8560000514984134	67.17000008195639	73.30200002193446
9.345000028610226	71.5679999101162	69.73000009357932
0.4870000553131108	65.75599976778028	138.82200009822856
1.059000034332276	64.85199999928467	69.24799986839288
6.6100001239776685	67.75400023937226	66.17799996852874
44.428000006675724	64.00600011825557	69.57000006675722
4.4259999990463275	61.233999821543684	72.06000004768367
0.7709999895095823	64.85800004243859	66.93200010299682
48.38000000000002	57.830000088214874	78.86799996495247
6.768000111579895	66.0219999718666	72.504000093937
36.97999990463257	68.35399996161458	85.89400014564394
99.02200025558477	70.07999968826762	96.48000022888185
19.76100019454957	70.43999980688096	70.13999993801112
1.3029999828338632	66.02000014781943	76.37800004482268
232.51699894428268	76.5280004505812	67.61999988019467
279.61999990940103	130.17199993342155	170.04399975776678
8.167000045776366	61.680000013709055	70.21000011444089
19.02299991130828	74.22400007247926	68.87799995988604
47.406000213623024	72.33199966192244	70.50000016450876
79.30099987983695	61.06800027370457	88.43999992728232
64.86400044918062	65.84799977779385	89.67599989086398
1.529000058174132	64.36799988150604	98.58200011372556
1.2449999570846562	67.1340001559258	73.08600017547606
0.84499988079071	67.80199997425082	71.6560001090168
14.558000063896177	65.58400001287461	87.77199985861769
10.231000103950507	58.261999976634996	74.50999990463256
0.801999945640564	64.14400025591247	77.1160003072023
-0.3609999942779549	68.31199985027311	97.54399994492529
0.258000044822692	67.660000257194	70.88199999958273
0.6579999113082873	66.37200010776516	70.22000010490423
35.18300003528596	70.40199961751695	66.46599986076345
58.73099988460541	70.57200018569824	70.89400022506716
44.488999967575076	60.37999996125696	68.5320000004768
1.0710001039505013	68.98800030708314	75.87199996456499
34.958999943733204	63.99000008180741	96.52799956321708
0.4590000152587902	60.957999986410066	90.62599974587559
1.8010000610351575	96.9860001240672	74.92400029659267
1.1410000467300414	71.78400004550818	75.0600002862514
-0.7590000391006457	65.03400009870529	90.66800031661988
-0.030999808311461728	56.36999995231627	84.89599977493287
76.17500016212458	61.30800013422961	67.30000032663347
93.1260003614426	74.0960000145435	63.555999820232365
0.2540000200271607	60.049999894797736	78.31399993836882
82.54700010299682	68.89200016260146	79.62399990558627
7.970999937057493	65.88399992898105	67.95599966168406
0.6949999332427963	70.2199998772144	80.37000003576274
54.4130000066757	81.01600004911425	74.7220000582934
2.691000080108645	69.74199968010187	77.5660003328324
19.589999823570245	61.55200008094306	67.72600013449778
66.65099976062773	64.17599993467336	90.40400017619133
0.5949999856948853	60.18000003442169	81.5460000163317
36.62700007438661	70.76199997425073	85.97799990653992
1.223000016212465	69.91199996829027	71.55800018668167
24.51000005245209	59.50999973297119	67.37200005292897
0.6670000028610218	60.432000081539144	68.69000015735628
0.5019999074935908	66.74199998557563	88.4820004105568
1.0940000438690192	65.60000013828278	74.71799957871426
8.387000036239632	65.87200012207033	72.18200035095211
72.5199996185303	56.76600004911427	66.28999993205066
-0.2899999666213977	61.57400012850761	67.96800028026102
1.1470000123977668	66.87400004714729	87.08199995040893
27.539000115394586	67.29200012281534	97.00999980568882
12.804000091552735	57.91400010108946	65.40400012016295
32.988000078201274	62.874000002145756	70.06799996733663
14.28500014305115	62.3820000886917	72.30399999856947
29.778000173568735	60.01399995803834	84.05999976158154
-0.01300000190734783	67.97200007438653	64.27000003814697
41.173000154495234	62.39000017523764	71.97200026869773
0.5159999132156362	61.198000118732416	70.45800011992448
82.22899973392485	66.80399982601395	71.68399993181221
1.0730001354217522	63.08200034096839	76.40399996101857
16.1639998960495	68.45599994778632	69.62599970340732
75.7750011825561	78.54799972057337	71.44000015020372
1.1459999608993525	62.01800025463101	65.87600011110301
0.9120000696182251	68.75399998307225	77.65399999618525
37.67200015544892	63.0860000181198	80.69800024703144
43.31400010585783	62.606000161170904	76.3900001871584
37.22300021648406	77.13799974918359	64.84399985313408
0.0410000658035271	61.8320000982284	91.3220002317428
14.865000166893005	60.423999983817325	79.83799960017197
21.31499995231629	62.43399983167652	70.78200001239773
0.05400000095367305	62.57400006771082	100.60000037550918
0.8030001020431531	84.1819996392727	73.08199982941144
44.77299995899197	61.806000093370656	71.63400005340573
2.258000001907348	70.26999988645315	105.71600076675419
14.357000050544741	70.07399995803831	67.54400010108947
1.0369999837875357	61.72599994897846	102.16599966913466
126.45600003242492	72.74599975585934	69.59999987959856
42.82800003528596	71.28000010609618	97.33600027084353
0.20800007820129351	78.16000012516977	124.67599997043608
55.279000010490435	69.40199970722195	75.61799979254606
41.97200005531315	70.26000001311303	73.45999976933001
34.313999919891344	60.75399980306626	70.85799994468687
1.148999929428101	66.4999999642372	73.53399982452395
1.078000044822694	80.36199996471402	97.1659996557234
8.075999913215638	59.65200000762938	75.80600000858306
17.592000098228453	63.09399992734193	68.97400005340572
10.712999963760371	80.33399981021871	78.62999990940102
19.607000069618216	64.51199990883468	79.38999958515157
28.189000196456888	82.84200057104226	72.25200003147124
10.447000041007998	65.91600016713141	66.35199999809262
38.95200001239775	78.66799971103657	72.06400025129324
1.1849999856948858	65.24800013780592	73.41199996232979
43.998000149726884	63.34599986985323	65.47399991929532
58.21399977207181	62.215999987423395	67.89999995350838
1.7939999008178706	64.16800007283683	63.56199998378748
3.2060000514984157	96.7399995225668	73.14200004577636
2.806000018119811	62.978000098168835	76.27400015354155
2.3390000534057607	70.77800011992449	68.05800013065337
1.2010000610351554	63.35599985718722	68.81399975016716
28.8780001115799	70.5560000753403	67.57999989151953
0.42800006389617773	90.367999856472	81.24199989080428
3.2209999752044687	67.69999988317488	69.66799999713905
32.13299964427948	66.34800014078611	72.44199998378754
16.89300009727478	58.06799996495241	69.12399999141698
23.934999971389757	68.06799996614457	70.52000000357627
1.148000030517577	65.3139999961853	77.47800036430365
11.033000173568723	64.81399992942805	79.8799998331069
4.7940000152587885	61.58799994349479	77.33400004565728
0.9689999246597282	66.97200017690662	75.20200029373177
-0.5459999704360974	60.33399991512296	71.07800004959107
0.7480000495910647	69.62999999642368	88.54599985480299
14.127000007629404	67.98999986708168	75.1600001573563
68.16799957275389	64.77400014400489	66.90400017023083
1.6949999141693124	65.20799997210503	72.04200011253363
38.56699957847596	68.90400023460391	67.74200007677072
-0.7740000391006473	66.25800023019316	72.81999996781346
1.6459999990463257	66.2139999531209	67.49200002312662
0.30100006580352656	65.1159997963905	72.56799965381623
0.9369999551773065	58.08200021222233	83.3319999042154
1.1200000381469735	64.52000004291533	62.31000027135013
1.010000038146972	67.38799992561331	81.18800005674359
24.881999888420122	61.23199986845254	76.31400014460077
24.92799983501434	80.06400032758704	66.99400004863743
5.473999948501589	63.750000061988786	72.45800015091898
19.242999868392946	65.53400005102156	67.59199996471402
0.728000020980834	61.83799972206353	66.59400006294251
3.390999975204468	61.777999949455236	69.07200004577635
1.5809999370574952	65.9039998874068	81.36799992948774
8.114999990463252	67.10800033807756	76.93200025320057
28.951999998092653	62.02799990296356	67.71200005054473
1.1509999036788947	65.75200009942057	85.23399996042255
-0.7090000629425051	58.11400015264748	61.09800007820133
1.6750000381469712	64.55400001287457	67.31600007534027
268.0949976837635	66.48200018122793	69.24800000756979
63.13800107836724	66.9199997901916	66.70000019475816
9.91600020885468	60.978000042587475	74.51200002908712
5.2970000267028805	60.67400007724759	73.23400013923646
56.33300084114075	81.52199981808666	71.74399996042247
1.062000083923339	99.8660001635552	69.2880000247062
0.01500010490417362	73.21000017881396	85.08800007820128
0.55099986553192	61.43200016617772	68.06200026035307
0.8910000276565554	77.68000023603437	78.93199983596796
11.065000038146964	78.27799985885612	71.31200007364156
15.412000083923342	62.15200035095209	87.59199997186663
140.0979991173745	62.068000023365	81.39599979162219
6.177000050544738	83.33800035595895	68.0319998311997
0.8579999685287477	67.6260000109672	71.9320000457764
3.70500009536743	60.94200008392335	67.55799996435643
67.67499993205068	60.91199996948236	66.35800008773802
166.35899909019474	62.998000165224084	73.3900000035762
65.21899989604948	62.56799990937114	70.7960000562668
10.765000000000004	57.99000013023611	70.15399994254103
20.060999851226804	71.2759999716281	78.93799999713907
40.52899957180024	63.48800009369852	66.11999995231628
15.130999784469605	59.56199987769124	65.98199996232987
1.2179999399185186	59.592000222206075	71.98599997639658
62.139999651908866	63.4580000370741	74.41000010445713
23.18700006008148	60.50199996754525	67.81799973130225
1.2470000648498543	75.80200000762933	78.54800002008675
2.9139998483657834	64.32399999856942	70.09600000739097
1.3020000028610237	63.33400015234945	79.82599992752083
5.05600004673004	59.92600010871888	72.0500001013279
1.5610000801086419	66.443999992162	71.6460001134872
1.5520000028610235	62.049999762773474	80.59400000095371
0.7500000238418574	86.60999965369697	94.0220000171662
6.464999952316281	63.337999776005724	72.84199983596794
1.6179999971389782	64.44200002193449	70.9499998810887
2.56000011444092	65.83799991324544	71.82999992489825
1.359000039100647	66.92599976599217	122.06400057077406
1.6820000648498534	62.909999854564674	72.13999980971215
13.65399995803833	67.38799990177156	70.8680000105501
1.3130001115798966	77.14800013780595	76.61800011396414
40.55400021553037	60.622000264078395	69.70000001907341
64.16300004243847	71.7679999947548	66.60400011062622
160.184998793602	65.88200004100803	83.4499998113514
20.41900015354158	68.1660000038147	72.13199989557268
5.418999834060667	74.11199992299076	71.36600029468543
32.11800008296966	64.60600029051304	77.05799992039802
307.1659970748424	67.86400011062629	71.6740000104904
0.30899996280670056	65.93399982333185	74.78799987554551
26.390000500679008	62.214000091552776	72.18999981880181
2.657999901771544	101.10999987438319	72.8000001239777
1.2649999999999988	62.542000131607054	68.63600012063979
1.1679999780654913	60.77799993872637	76.62200023889531
0.1630001735687268	60.91800028011202	80.46799961090095
27.70400009155273	63.274000120908035	77.81599995136261
0.9299999761581432	59.532000086307534	70.40600012302396
61.59299994468689	65.24400002717964	70.45799990177143
36.0789998006821	62.88000002145768	69.28000008463856
6.786999964714053	56.461999825537205	76.23599993586535
147.97299925982952	63.847999870777095	71.43200013399122
7.446000180244453	61.92999986529345	94.03399996519096
51.1639998483658	60.80200003147124	79.77199970722201
15.031999869346622	63.328000069111596	70.39000014185903
7.408999996185303	59.075999975204496	64.66199991509316
33.41999994754793	61.09600009679788	64.32800002574913
8.679999933242792	64.42399993300442	66.86400015234938
6.415000004768369	62.24399999231095	87.61200000286098
20.51900012016296	63.04799993574623	65.61200016975401
241.3859980154039	68.36000004053115	68.67599996924406
201.153999094963	73.71200008496646	70.38999995648855
9.69500010490418	68.69400019884114	70.36800008893002
21.41299986362457	71.83800007700917	78.48600033283233
9.241999874114994	62.59999978706241	81.1439998888969
26.395999970436097	90.26000017166137	75.6860001277924
1.763999991416931	62.08000004768379	87.68400013685235
1.666999969482422	65.55400012537842	85.6900005435943
0.36900007724761846	69.38599998712539	65.82800010204323
0.9279999256134025	68.61399992138145	65.93800042390825
0.5490000343322746	63.18400006771088	64.39800011634819
1.348000116348267	72.1340001998842	70.85000001668931
0.49199998378753745	67.60199980854986	73.1340000359714
39.79699994564055	62.46000006958837	71.73799984306092
10.992000036239633	84.4499999153614	97.98399970054629
2.562999935150148	66.75599995374677	69.16799994945522
0.6989999103546148	59.16600000858304	72.64399995088577
395.51499600410443	76.86799989223476	86.14600037544962
1.098000030517576	62.16799982905386	67.28600008726124
20.09800023555756	59.95000003010035	72.9159998750687
0.4640000438690196	61.041999937295884	66.3959999494255
164.48599999904633	70.96200016617772	69.00199999809263
74.01699999809271	63.84199998140336	73.74599983215333
36.654000558853156	65.56399987697593	70.59600039094688
30.580999579429598	69.5800002145767	68.2520001935959
77.67500019967552	60.24600006312129	84.8380000925064
37.47899992942813	60.19600003719329	81.34399989604947
7.5299999284744255	59.692000003158974	70.77200016975395
15.610000061988828	60.4499999538064	80.2499999856949
0.33200002670288165	64.97800003767011	67.22000009536741
144.52300058841695	62.14400006890295	68.53599992275237
38.44800004482271	62.84600006029005	69.46600011229512
28.68499991893769	68.2339998412133	70.17400013446807
29.697999939918514	62.85799992233511	105.84799974918367
17.516000118255604	62.46599978327746	73.97000010788439
23.26599982261659	66.76199981808665	89.05399990320208
1.3230001735687247	62.70200006723405	72.69799970507607
7.413000035285955	66.38200016260141	77.16599984794858
16.23099987506866	65.01399997055533	65.85000034809114
1.1800000000000006	54.15399998068812	64.90999998047947
0.6390000104904171	73.53199966996904	80.84599997758862
1.5670000505447395	63.68799990177155	79.21800003051764
-0.23199995517730584	60.76800001144407	71.19600012302398
131.298998799324	66.38600034475326	93.21800014019013
7.4059999704361	74.13000014781949	72.28200015783315
13.829999828338623	67.61599992275237	68.0040000712871
13.680999965667729	76.76400055170052	99.31000014841557
23.273999986648565	65.52399997711183	72.67199999153611
7.551000056266788	57.69400008678433	71.42999981880187
13.438000082969676	63.42599995732307	68.55199983358384
0.0650000572204597	63.94599998950958	70.6839999580383
146.03900036811828	80.75199988126752	69.638000087738
2.2450000762939446	71.95799955368041	88.00799983501436
3.9110001087188695	68.42399975746872	72.28000013828279
0.6980000114440928	62.19800004363062	78.42000014543535
17.942000284194936	66.53599983125922	70.88999994516365
11.240999865531926	58.37000002861026	69.55800005435938
11.52799993515015	59.83400013074281	68.38400003552434
11.15899996757507	64.42800009727478	88.83199999868876
32.73399991512298	59.37600005865092	70.89799987792972
10.794999833107006	79.18400041699404	78.22399991989147
10.141999988555916	84.36599993944166	71.71600016117101
0.5039999389648446	65.57200016111138	70.8040002155304
27.038999881744385	65.51199988245966	64.03400000005956
10.753999967575082	123.32400159433489	91.02400028705593
76.18599984377616	59.56800008296962	75.11400029420855
82.9139997088909	64.15400007247922	67.82799996376035
1.6019999933242801	61.751999908983656	74.79799998521806
0.5309999513626111	60.65200010299682	81.35799989342695
19.317999963760386	61.685999963283535	74.70799993991854
9.260000109672545	59.83800008803609	66.80600008130074
1.3490000486373903	69.59599990174176	76.7439998912812
20.320999994277965	86.61000042021273	74.06199973940852
42.34200035095219	57.586000039577485	68.73400010526179
0.6830001020431523	58.463999962806675	81.39200023889542
4.456999917030334	60.2040001261234	66.77400001406667
64.71300013542177	67.5260002319515	70.1519997632504
13.240999946594236	71.07600008249291	70.25000002861026
16.247000074386605	65.17599992513651	69.59399993419643
0.4919999217987051	66.23000009298323	79.60000003337862
67.86999970912936	83.79000007838013	69.12399998962876
2.2879999876022366	64.17199993371955	66.82200011968614
8.689000086784366	62.02400000616903	69.99999982506029
131.7719995844364	63.60200001358982	79.18400008007882
12.774000120162967	62.670000448226865	91.44599963545802
11.684999985694882	63.37400016784667	65.81600012034174
21.278999891281128	83.7560001122952	93.16199987366795
16.22600018978117	64.84799991846081	67.08599992752073
94.31299980595709	68.38400003433229	66.25800008118152
0.46700009346008375	65.1180000936985	78.76399998575445
6.768999881744383	65.59400011330847	66.68199980854992
0.37999999046325633	60.9380000311136	66.61399997234342
2.0910001087188697	66.03999982833861	74.88600001811984
1.533999962806702	60.812000026106794	73.01399999856949
38.082000212669364	62.72400009393687	63.00999998092653
172.42700080871572	93.95799967482691	129.52600031688806
2.655999984741211	62.46399994254105	70.62599988222131
5.349000058174132	57.81599999681108	79.96800018429758
37.48600017547608	57.19600006341933	77.34199993476278
19.133999829292282	62.49800003051757	84.41800018787382
12.359000163078306	60.11999985843897	68.65400011211638
0.4280000019073477	65.16599990367888	67.0679998350143
63.2909998035431	81.34999968528744	77.73600008964533
32.251999707221984	63.276000068187656	69.6880000591278
116.74099928140636	89.33400008678441	73.62599971294405
11.66699992656707	68.59599985986952	68.30800004839897
1.2319999456405633	69.02000015139573	84.41000051140777
1.0910000228881838	63.90200007438658	77.63000010013573
5.321999850273135	69.10800033092492	80.99200035214426
1.4479999446868912	66.28399990856646	74.94799993842837
-0.32800008296966515	56.25000013828277	68.6500001668929
20.25600004673004	60.2940001027286	68.794000031948
27.760999755859377	62.74400005817414	65.3040000152588
22.995999960899354	70.89399989128113	73.49199991226197
18.00600007057191	58.24799977302553	68.16000003695487
49.65100021362309	73.83000034153459	74.28199999690054
81.57499936103818	68.04599962800732	63.24999996662138
0.5919999551773061	59.84799991607665	72.13799997329711
0.026999931335449357	54.59399999141689	85.65599986791618
0.3170000076293951	70.51599973931907	71.03400002777572
0.6249999952316281	60.69799991607667	94.57800016403202
0.7280000543594366	72.76199977397924	103.99200067430746
7.412000150680539	62.99600003540512	96.97199978351598
18.804000110626212	58.80999992191792	72.7380001020432
0.5280001115798956	61.5499998950958	76.37800024226303
15.217999925613405	67.25800000995397	73.0079998874664
5.57100001335144	60.82600020170211	77.10400021076198
23.026000061035163	60.37999997854231	77.42800016403208
16.68399992465975	58.785999855995165	65.52400004625324
1.8700000047683711	68.23400025904179	73.19000013589857
8.179999952316283	69.40799997761847	80.28400038719175
0.11400004386901749	63.9599999016523	62.67800012588496
17.951000008583073	62.60800015926367	77.18400001049044
0.03800001144409282	72.02799977049229	91.5980000135303
0.8759999513626093	70.94599989771841	76.03199983119968
274.4139973402022	63.807999981492735	74.81200013637546
0.09299987316131646	61.67000003099444	71.0380002975464
60.63500027179719	74.18799971669912	68.3860003310442
-0.5869999313354489	61.09600000381463	66.66800012111666
43.05500001430509	69.66599992275248	67.57800006270405
0.5410000133514404	59.15799996137614	75.72000007927409
1.618000116348266	65.71400021642448	67.80400012969969
8.590000081062316	65.89599995613098	72.95199986875066
10.590000176429749	61.63999980449674	74.84000002503399
133.13299954891198	74.55200017511842	70.0239998495579
0.8510000276565556	65.15199992179869	72.00400012493132
4.620999927520751	62.84199994087216	72.56999999046327
1.0609999513626087	62.016000120639795	76.0420003128052
2.037999963760377	63.73199999988078	75.61599998950963
143.30599896550183	59.16600012496111	75.68599973201745
0.41599983692169196	63.18400007247924	65.72600005626673
0.023999938964842975	57.966000168323475	70.24599986553191
0.35500004768371707	64.68399987846607	65.04799998283386
6.89400001049042	63.395999969989035	74.61800003051754
1.4510000514984138	68.41000000193715	72.89600007086993
34.38500026702881	68.4120001836121	71.32400002107028
12.380000095367441	81.8520000672341	72.51199988901608
0.800999951362611	80.44000007689007	73.4680001473427
0.1580000925064095	59.70000007271761	74.57600016266109
0.18899995803832886	69.04599984765048	70.32400005817419
6.082999939918521	60.12600020468231	69.93199991464623
53.49999987602233	66.99600016593939	76.9540002360939
0.7510000085830691	61.568000154495174	73.68399999618528
39.782999897003165	68.13800012350079	71.18600017070769
0.5499999570846563	61.550000161528544	77.9460000896453
1.03400002002716	62.94600009590386	72.82600028157232
18.44399965763092	62.97399996280668	68.04800001621248
-0.22800000190734848	65.10200001090763	72.95200004577633
18.027999868392932	68.29999977231027	90.29200020492081
28.094000229835483	60.35599995613094	68.96599983498456
6.2020000791549705	63.563999992609055	121.96600085526698
20.024000129699708	75.75999994277947	77.3259999442101
5.984000072479247	59.40000001430504	73.00400021076206
-0.4299999570846559	61.47399994373321	76.42199989795688
1.1070000028610218	64.73199988007546	67.14800016462807
0.43500001430511503	75.02000025033952	130.8520011043548
144.54299936294547	61.193999919891326	66.29000011295074
19.71700003147125	57.30399996235962	69.6560000681877
17.996999931335445	60.82800010800364	67.65999989509577
9.699000020027153	59.650000066757194	72.49800014734268
-0.7499999523162849	62.42600005209443	75.8139998292923
18.34599982261657	64.72200012013316	70.58200002193442
33.88799998283385	78.00800038576129	68.5140000295639
0.3680000782012928	69.11399999618531	74.13000019937752
35.01499999046326	65.51400024414058	78.99800009310246
225.48200058460225	103.0120000186563	107.98799955725674
8.832000002861026	64.25599991083146	72.76399983882902
1.715000004768371	79.38999987661838	71.41800011992453
1.0249999952316295	64.13399973750116	68.0940002703667
0.22800006866455183	64.7540001773834	73.09800000667573
159.5379983395338	65.9520004284382	66.43400007367136
9.1290001964569	68.42200010895726	73.84599996566764
46.013000278472894	66.50000010862944	72.99200009077788
5.4810001039505	93.44799967408176	90.57999995708467
1.0180000495910642	65.07400009796018	74.00200021266933
0.5500000286102285	63.837999939918504	83.96000012874599
29.22299995422363	68.05599995851512	96.08399989470844
4.702999877929689	70.37400014400473	72.01200012564657
0.04000005722046024	70.26800004363055	70.0080000925064
11.66900007247925	76.55800015449515	67.96199986100197
31.50199998855592	58.12400002151729	75.11600014209745
24.00399998188018	63.05999995946884	73.4180000567436
14.588000221252441	66.32599998831755	68.81799971580506
8.559000020027165	57.75199989378456	63.09800014972682
-0.177999987602234	83.07800021693095	71.17599977254854
297.232997453213	57.47600023686883	86.23400000810626
22.773000268936162	64.08599989533418	70.32799985378978
11.648000164031988	70.87199977874748	69.60400014877318
2.8059999799728397	61.43000014662747	70.30000007629391
1.366999940872193	66.51000024676317	80.87799981683486
26.48200036048888	56.286000174582	71.06999996185304
0.8660000705718995	60.91800001144407	66.16600015878674
11.092000117301936	76.0459999334812	67.90200009822844
0.6030000591278073	83.2100003933905	75.37399978160856
0.2740000581741332	66.30400003433222	73.93600006580358
1.3899999761581439	65.71400004208091	67.98400001525872
68.24599934816368	84.62000002205365	87.39199999332425
108.6429999017716	61.800000129193094	71.71200016453867
3.8489999008178715	67.07999989747995	71.91000014483923
0.8460000467300418	82.3679999446869	72.92399994373325
21.81600014209749	64.5040001130104	76.19000006198881
0.661000018119811	66.54799998402592	118.62000037968153
1.2110000896453872	70.57199997782705	75.50400003910056
29.092999901771552	73.1120003545284	78.63599997237327
51.17699950695038	70.20999980211256	68.39800001621242
-0.35999997138977113	58.93000023841855	73.70000000596055
11.127999854087829	64.13200014829641	71.62599993467329
30.61800003528595	63.55199994474653	70.40599983692164
16.23200005531311	63.529999885559036	73.26399982020257
31.925999574661283	70.97400011509654	70.51599985599518
94.62499905586246	62.47599996149541	66.1319999837875
31.131999578475952	65.00200012922286	98.5480003714561
30.28400043487547	72.01200023353103	70.25200015306471
72.56900030136107	61.149999871253954	89.56200045585642
2.974999980926513	74.97200006723398	76.53999990463255
45.582000064849844	60.068000096082656	73.88800024002789
0.09300005435943587	69.66800005435948	79.91999974250788
-0.17700006008148078	64.83799975395196	63.942000160217326
0.024999899864196446	68.02599982887504	122.39600050121554
9.577000036239628	73.7779999518394	76.85999981760975
60.97299966812133	68.463999863863	70.24600001811982
0.7609999370574957	61.782000004202075	71.40999994277952
0.6380000209808351	67.73200029224147	77.75600013852119
5.425999875068661	64.27800009727478	76.38399961948399
96.40399951457975	59.57799988508222	66.19999997615815
1.0059999656677252	67.56000005006796	75.03599962472906
14.540999975204468	77.8580001091957	69.81599986553196
0.3929999494552607	69.11799983978273	83.12999998569498
42.324999923706045	67.47999992445112	70.1320000974834
4.7440000009536725	64.12400007605544	70.85000004097822
47.40700036048892	68.52399991482496	84.05000009059914
142.5989992702008	59.00999991416932	64.82399999499322
22.328000078201274	61.92600011587144	66.88399988651268
7.685999941825864	63.91800010353325	71.65199995279312
21.176000123024004	81.23800010323505	114.21000040054331
18.55099997520447	71.6259997078776	104.53400030046689
19.109000000953664	64.31600023269651	89.10399991512297
49.443000268936146	75.80799991607667	67.77800012975926
11.10800005912781	67.16199967220429	66.8799999248982
42.80999969482421	63.677999947071086	64.80799995899197
34.204000039100656	97.04599969953294	71.13199978590008
26.71500012397765	71.8400001709163	73.34800017356869
129.95199933767302	62.07400000095367	71.53600022330879
1.2719999790191647	93.81999974057071	76.28399980545043
4.693000044822695	67.83600002288813	79.52000000000002
28.64599979877472	67.49599986135958	97.85399975806484
0.5070000028610244	59.953999986648576	69.94000008821487
93.55600009918209	106.42599992871288	115.9239997327329
111.74199889272448	75.1480001425743	71.76200005054469
98.20599895715708	62.399999913573254	67.83200001835827
37.45700000286105	61.81000010967256	71.0180000829697
15.378000054359443	61.242000036239595	72.0100002670288
2.9770000886917116	73.42799963831902	94.74800025582319
15.968000016212464	59.10999987736343	71.32000013589857
16.537000012397773	60.56999993041156	64.43199999809266
19.60200006008149	69.69199998617171	68.05200020670884
33.3990000772476	65.97200009316205	68.35800003528593
43.13499987125395	61.980000047534695	67.9039999175072
38.32999950885771	85.15399982333179	157.88199977964152
15.269999985694882	67.79599971890454	83.92000000834457
0.695000052452086	65.95600009679795	77.07799994468688
107.96200048968194	60.93200000286099	68.32599988937376
3.3949999237060524	69.3879998242855	87.36199974894527
1.3739999961853036	75.30999977111817	75.49000031948086
1.2810000085830686	62.2840000206232	74.41800000011912
17.783999814987183	96.79799940317865	83.48399999856957
374.63099660396574	69.33999979779124	126.94600038588042
1.4690000677108745	84.51400011062616	78.67199979111552
0.22900007247924903	61.10999994277953	91.94999995052825
-0.563999910354613	58.432000010013574	66.28800000190739
17.072000017166136	62.04799959897992	69.22000009536737
8.507000021934514	80.69800023674964	77.47400026306511
5.739999952316282	67.14000041723249	78.48000007867803
27.044000382423405	62.59800012350077	80.54399984598157
4.293000049591062	69.18600000381467	205.67199866414072
3.6020000505447385	58.01000011444092	71.63199978828432
43.63099995136264	59.39800017476086	67.14800006002177
9.912000041007994	66.07000010475515	72.46400001525879
59.39599984169005	60.532000203132554	77.70399983882898
11.759000182151796	61.769999892711645	67.83599974632259
144.1279992294312	63.593999810367826	71.94599985450509
0.0530000019073492	58.45200015783313	153.41999916553493
42.373999824523935	68.97599996209145	66.33799996852873
19.72899989128113	67.31200011134149	71.27800013542178
204.50799859523778	71.28600016474725	67.32200013682248
6.09700002193451	66.7219999438524	74.27400035142898
61.73099971294406	74.90200026512142	91.52800007462497
6.134999990463252	60.549999897480006	68.9860000371933
-0.09499995708465435	82.05199999675152	75.08399986982336
23.452000136375418	66.76799984931941	68.53000005245208
-0.7070000076293937	60.25199999570849	66.91799992933868
0.2990000486373898	61.157999813556714	77.76199991703032
15.487000083923348	77.72400035142898	69.2140000915527
-0.1190000391006468	63.70999988079068	71.86999999523165
6.370999979972842	62.00600018262863	65.92200027465813
6.1139998817443875	62.14800009489053	68.81799994945528
7.299999952316285	61.34999985277657	67.50799999237056
0.1809999752044678	86.75799979567527	73.71600000381461
27.07000045299531	76.86400024414054	67.85200002670284
0.44800008296966476	58.012000079154916	72.47600000500677
0.8210000610351555	79.95199984908105	79.73799999237063
0.3080000638961801	64.06200000762938	77.62400002509352
11.101999988555917	74.36800052165981	71.55599981307981
0.45899996757507266	62.191999929994296	68.02000003814702
1.0199999904632564	59.54799983024594	77.73399994373315
12.029999885559084	66.88200010538107	76.65799995243547
2.7369999933242792	80.30800031781196	71.73600013688196
1.800999989509583	62.645999706387535	78.87399985313415
22.110999898910507	63.272000104188955	113.21999963000412
135.99699968338015	71.27199999332426	70.99999969005589
0.11300000190734846	62.055999977588634	106.12000012159355
2.3259999227523798	60.83999985933307	69.28599992752089
0.31500009059906114	63.42000001057977	70.88999994397157
9.079999980926521	64.8039999201894	82.03400007724767
297.177997788936	70.72200021758673	73.53000023365018
0.5229998874664296	65.09400021076202	78.64799997806546
6.701999893188477	60.836000162363014	65.90400009244682
39.31199998378754	60.2460001564026	66.84400010868903
5.439000034332272	79.57800039291382	73.3020001697541
54.17000087261203	76.50000030517572	66.36399999618529
12.421999936103813	67.58800005435945	78.10800012230877
-0.4969998741149904	68.56800004005432	71.23000005722041
1.3359999752044658	63.528000038415165	67.00799980401995
5.41900007247925	56.6659999966621	67.0839999961853
19.179999990463262	76.7440000629426	67.82400005817412
1.2479999780654913	59.76000011816622	67.31199996232989
11.647000012397763	67.82599998444321	65.1599999117851
54.260999069213845	61.52800003528595	68.9739998149872
1.165999975204467	72.99400043606764	70.56199992567298
1.396999979019165	76.30400002777577	97.16399989336729
0.23800004959106563	66.71000028729432	69.09799984574316
57.508999967575086	66.37600018531082	70.87199997663498
1.0849999570846556	89.5400000202656	76.49600001811967
0.9980000352859485	64.15399995326987	88.40200001627211
-0.7470000362396239	71.38799971893434	64.68600000858306
25.45699987888339	67.85599986076346	70.24799992799758
0.2629999780654911	66.62599998623132	70.982000054121
46.67399985313414	62.23999988555913	73.33199991226198
14.705000042915334	63.07400004863743	69.76999989986419
49.036999969482416	104.0040002480149	73.77399989724164
0.8959999799728404	60.49599986314777	88.44799987882377
0.5920000076293952	68.16400004580613	96.92799967765808
0.47700000286102273	60.35399999082093	69.13200022697451
8.024999976158133	64.51599991321567	69.28400026559827
333.9919971323013	66.97399996995925	69.93800009012222
0.6070001459121692	61.85000022888183	82.83800015449523
16.09999995231629	65.56600016236301	89.7359999012948
33.69999997138978	73.44400001525882	93.46399979591372
8.448999996185298	62.88800006628036	76.96199999630446
11.279000115394595	66.82599994659421	75.70200019001966
11.95200003147125	60.830000025778986	65.96600010752681
20.40300003528595	96.02799982503048	70.28400004014372
5.094000029563904	63.51999999687076	67.46399995088571
44.0139997959137	65.56399990797038	77.07599996089942
19.630000009536733	57.24800004959106	65.53200017452237
0.5619999170303337	59.73400019645683	81.54399996757505
32.42300018310551	57.060000022649774	84.28200008869169
60.83599982261659	67.5920002573729	71.91799997806555
0.5389999580383309	61.805999928712836	72.5339997982979
177.66699928998943	64.17400001123549	70.06600006103511
14.507999773025514	67.91600003242492	67.47200029373155
4.716999979019163	63.7740000057221	96.53800037980076
65.61400005340576	68.0460001945495	73.98200005054476
200.0399984908105	59.73000001907345	71.23200001046064
49.89400029182435	64.00399985790257	69.40200004532933
0.7890000438690177	64.26599994421001	77.52799997836355
89.37799991130831	71.64999996945257	80.75000023514038
20.286999921798696	69.17400027751921	67.03600005388255
42.98299992561341	90.86799999237068	76.54600022196765
47.65999960422515	62.7979999876022	79.37199975967405
6.659999999999999	75.35199985027315	79.58200019598002
24.89299998760223	61.255999908447194	75.48199983119956
3.914999957084657	65.98400008171801	80.26399995088576
162.6949989950657	64.32800007343293	73.67800005540249
0.44599992752075146	72.83199987173076	77.50999988079074
21.185000157356264	112.17999957323072	70.47000012397764
11.746000075340271	63.77800029516217	74.49199975490568
0.4769999408721926	62.4459998750686	76.0120002889632
63.25500010490419	62.808000006675655	67.1420001164078
2.5309999322891246	67.36400005817411	74.19400015279653
1.8820000457763688	64.88199976086612	71.42799995660774
48.65700026512147	69.86599991858002	67.39199985027305
6.690999913215641	74.27799986064431	69.41200017452243
1.5469999742507938	66.94000008940701	89.89400023221968
127.74099968075753	63.273999855518326	69.69800004005435
47.881999597549445	94.95199985623357	63.32800000667568
1.612000021934509	70.35600003689525	106.48599977210168
11.28900000095367	60.949999984502796	91.63199995756149
0.3480000114440925	61.186000024080315	86.56800046920775
0.5140000295639039	61.76199989557265	70.55799971759315
9.871000041961672	70.82800040483464	66.64200025558468
155.4460008239746	78.30199991703032	76.54400008320805
1.5010000324249269	61.55200016260148	71.76399993896482
3.286999974250793	57.89200007870787	69.48800003826618
15.253000020980837	58.712000063657776	77.03000009536747
87.2509996432066	75.62800003051755	64.61600000381468
6.710000133514402	61.4059998989105	78.58199993610386
91.18899973392487	64.2200002908706	83.7199999046325
19.63100008964538	63.15200003981588	72.33200005963438
7.958999905586242	59.306000102758404	67.80199991703032
12.913000082969662	79.09199958324423	71.79999979257586
-0.20199999332427937	66.78199987828732	104.00999996945261
77.17200006484984	72.82800000503659	68.12799996376037
170.6739996016025	66.90400013327597	65.32200015306472
43.96699980735779	65.26600017547605	111.87599978804586
6.927000031471252	83.60799996972075	93.75800039291379
24.68099984645844	59.45199999332425	67.5080001759529
306.31399754524216	67.90199983060354	96.66399988129723
18.03899988651275	61.31800024151801	68.27200003385543
1.5419999361038201	71.1240002059936	70.08799986124033
169.10799972534176	64.32799977838997	76.868000100255
4.036999974250795	68.03799995779997	88.365999660492
1.2989999914169328	66.53200000286103	84.19200015306477
-0.17300009727477939	66.87000023841858	67.82200027942659
57.192999339103686	65.6639999237657	69.94999999046325
9.095999994277948	61.368000015020414	67.1200002336502
1.2570000886917128	68.7519998319447	84.67400014162057
2.58400008201599	73.80799997329706	72.5779999005794
20.45599998950959	72.99400005698197	70.90200020313264
48.18699949264525	63.01399997115136	72.37199996232988
0.32100007057190016	90.65800046846269	83.75799977257849
6.619000039100648	70.10599997997284	79.01799999594688
4.202000031471253	64.46399980783465	71.21399997562166
27.1929999113083	67.33999996423724	68.04599991232152
3.77400004863739	62.738000232726336	81.3899997866153
11.057000093460077	61.90799996614457	81.6639998817443
16.636000151634203	64.35800012648104	73.37399985671034
31.269000034332265	58.340000187158566	67.68200008392333
1.6860000133514392	70.7999999904632	70.30800014019007
35.528999795913734	67.67000041484833	77.52600007176406
-0.013000082969666291	87.79399985909467	67.26199990510936
12.378999910354613	65.35200009420515	93.68400027394301
0.3609999656677246	65.38600000739098	67.23800001144411
0.9400000047683716	77.20800032168628	73.26799986362452
30.826000413894647	71.57200019583105	78.30999984979624
17.750000190734863	62.357999894618985	66.5179999108613
12.372000002861025	63.09000001430505	80.76400007486333
0.6460000228881826	71.88799966812128	93.57400049686431
48.594000105857866	65.29400011569261	71.98000014781948
0.47900000572204504	72.41600037574776	69.43600007534029
0.9380001163482676	67.61799986511467	71.95200008869169
25.109999928474426	63.0780001306534	70.00400005102158
0.8679999446868907	60.89600004047154	73.50200012505059
30.117999925613404	75.4539997085929	85.7420001405478
7.302000117301939	59.24400009155268	65.24399968624114
215.0669982337951	78.23799989551294	172.38399900913225
0.541000046730042	63.278000069260536	65.22199990272522
192.18799861907948	64.9759999500215	70.78799994945528
0.7970000553131094	72.22600045338267	89.49600010812281
61.543000230789175	71.12199990510942	71.73600014209737
1.0280000448226934	66.57599976062775	82.51199981212613
53.16700016021729	64.47999994277954	86.82199959754949
64.90500047683717	66.65800003647799	65.37999993085862
3.2879999446868884	65.63600001946095	82.95799996405835
83.87499990940094	65.82399980366229	71.599999986887
174.59899848937982	56.96599996373048	72.21800002574922
13.107000002861021	65.79800004243849	62.8959999084473
25.492999649047857	65.69799997091289	76.4520001678169
-0.7340000867843625	63.30199995756151	76.85999974727636
5.412000155448913	61.012000003457025	89.2120005750656
51.14800029754637	70.90799988985064	70.04200007200247
1.6300000095367435	62.130000034868765	72.06199992179873
43.68100013971327	62.97200024932623	65.82600001528861
3.255000019073485	64.34399999618527	69.38999987408516
39.049999985694896	85.032000105381	98.79400034666071
0.9019999837875361	63.355999886989586	79.88000031471245
19.045000119209295	61.125999908447305	118.17800086021421
58.52400001525877	65.25999997839332	73.80400001287455
-0.21800008296966636	61.926000041961686	77.86799978852274
15.103999967575062	67.72599992275241	74.78000017046928
16.62900000095367	70.12600009441375	73.3920000708103
14.891000204086295	63.69400033235552	78.16600006341938
30.92300012588502	76.19800001621243	69.48799973264337
12.981999921798717	70.19199985027316	65.12200001433497
16.495000061988843	60.37599976062781	72.52800008282067
90.90199902057648	68.76000015079974	67.94000005722046
0.1820000553131105	88.11000050067892	68.90400007247928
7.599000072479251	58.48399984270328	72.53200017213828
5.837000036239625	62.7219998210668	66.93399996757508
1.103999972343445	66.15600006982685	72.1460000061988
-0.11800004959106508	66.8800001811981	71.60199996471407
8.443000187873839	66.27799994945528	98.91600036144266
20.15800011634828	67.60200001418582	68.56799994826316
2.2179999351501483	84.80399977028361	73.00599986076348
2.469000129699708	72.81999983116987	69.38800021171568
27.0770001745224	85.27000030994418	69.01200001239773
0.15299996852874836	72.96800009399648	71.65599990248685
4.64800000667572	67.751999924779	71.66600002855066
16.296999888420103	64.7359996008873	73.93000004291532
71.74000038385392	65.862000053823	68.83600006386638
31.658000001907357	60.94399999916553	71.1939999675751
34.2369999074936	66.36800021886827	74.38999965235595
31.97999997138976	63.53400012999779	81.58000028133387
2.2390000152587883	57.57399991989139	67.24200027748942
2.522999987602232	62.231999955475274	66.57399998426436
52.98699984073637	70.61999997824428	70.51599995374686
-0.4269999122619638	65.51999987602233	107.60999961853032
60.14600050449375	71.24400029420853	67.7880002307892
3.4650000000000003	52.47199996709823	54.99999989986428
110.43199922502038	59.46000007987022	67.21400009870526
19.495999684333807	67.6120000898838	77.5380000981689
126.01299910068512	72.70999988317479	66.16399993538859
-0.21000000953674344	62.28199993610376	68.31600035876042
15.167999978065485	67.23000005245208	69.9800000400841
1.4400000333786023	61.27599977970124	80.8179999542237
2.943000035285948	69.2319997820258	72.05999996423718
0.7810000419616713	63.35800003722311	63.108000105768426
50.02600007534026	70.9080004101991	66.49600020885464
15.099000039100646	70.36399990558621	72.89599983096122
2.4569998979568495	69.28000011116266	64.11200001716614
-0.0169999742507936	65.16599986076356	82.87600032806397
72.37800024509426	61.85600010007616	72.61200000762936
39.36500019550322	64.54600001811976	66.16799986004818
21.094999923706055	62.52999996662141	67.01399994611741
1.0900000190734886	63.7160001981258	74.15599982857701
5.07700008392334	79.75600010395051	74.33399990260595
15.705000028610227	63.1220000910759	69.162000118494
60.74100038051604	72.68200014486904	73.12400011181829
57.593000526428234	65.50800006389615	68.95599994659425
47.102000303268454	59.15999997615817	68.73400012254706
2.6290000629425068	72.48999989986419	68.42399991989126
27.08599982738493	90.50400019049637	91.54199997901914
1.2709999084472647	64.9399999952316	71.8119999980927
171.48599812328825	59.91600005820392	72.7880001664162
7.937999877929686	68.21399994567035	74.25000013113026
0.42799993515014717	63.86999993994831	69.92399997860198
0.1799999904632566	63.68199996471409	73.61400011017919
184.41799914628257	60.884000154733634	70.98200020313261
0.7540000391006462	63.85599985644215	76.53200021356359
2.3919999408721915	62.928000078201315	72.46000034093848
11.119000072479247	66.66999998807914	71.27400010645387
18.775999851226814	61.30400004148482	73.30400023460393
18.411999926567084	60.947999949455266	65.64799997091289
1.3340000629425044	58.06200001627206	71.91200010031461
11.890000042915345	61.98599993228906	76.42399992749095
0.6690000534057619	58.772000053822985	69.49599994182581
37.03400017738345	62.417999936342184	69.62999997615813
117.51000079631802	78.26000018596642	67.46999996900557
-0.027000017166137053	62.352000150680524	76.47600009202961
55.15899954795836	72.53200002193454	81.23000007152557
14.090999922752374	91.23600026369104	64.05399981021881
33.00500018596651	69.76200020313263	70.28800019264217
21.65099999904632	62.98999993264675	97.11400011658672
1.2620000505447395	68.46999991178508	63.557999992370604
23.789000248908987	86.5980004653335	139.26599981904036
7.868000040054321	65.62800011470915	78.25800004720695
1.3849998807907102	93.73199981004008	64.27200002074238
5.1169999361038245	62.21599997714163	105.55200042486193
57.54599988937376	65.79599975541235	66.1919998967647
36.638999857902526	71.57800018429757	77.7279999637603
53.67699966430663	58.77399999618526	77.91800006389612
0.055000047683714665	60.889999987632066	70.07800032615661
189.28499840259548	64.86799986273049	70.55199999332426
37.73899999618531	64.71600015997886	66.92799997150897
1.3619999694824227	84.69200049877163	91.81000020980834
14.874999985694886	62.9340000796318	72.1179999125004
75.67700036048888	72.96600004434582	65.43000001251697
7.094999952316286	65.72799998611215	64.35400007620454
1.0499998664855956	63.89600008204581	66.75200005292893
-0.14599992275238086	63.84199990749355	66.96800006151199
46.37199990272522	68.74999997615814	86.07199990272518
11.05499992370606	58.624000113010396	76.12000022292135
3.242999873161315	72.10799999952312	67.41400037378074
27.614999752044678	68.48599996089932	72.11000017642971
39.65399984359744	69.03999997615819	67.2399999809265
7.099999980926514	64.50200023129584	70.14200000524528
10.168999996185297	74.19199989050622	68.47799993753428
4.711999955177308	64.63000024318696	69.0459999752044
32.356999721527075	61.072000110149354	70.21399983763685
13.776999912261966	58.898000276088695	68.38200015068058
8.007000002861025	72.14599998518824	76.67000024080278
1.357999958992005	63.66200005412103	93.07800050258635
0.3569999408721927	62.512000041008	84.17999995827677
31.453999752998357	62.45200019121169	73.54800019025804
87.90200052738192	62.175999946594224	67.82599999904635
206.33499946117402	62.85600021317601	107.29200008630748
1.1019999551773068	65.5420000573992	75.28799995422361
1.2090000009536739	68.33000016212463	66.84800003767016
87.4329998397827	61.805999744385495	74.29999988555909
5.090000004768376	64.817999971509	73.58800003409385
0.7260000228881831	66.55400027722118	67.95600005343555
30.31099992275238	64.21600004494186	74.05400011658666
21.539000115394607	63.90800010919567	69.50599989652622
4.45100004196167	72.95400013655424	67.29800021171569
1.5330000591278057	61.43800007581709	74.69400010198353
16.625999951362612	65.25399976268413	68.54399991512297
1.2910000514984135	68.89400005578993	98.55799991369257
-0.09599993228912396	60.16800009846682	66.09200010776522
129.64099931955332	68.69399989008899	70.94599996983999
1.205000143051147	77.47800049304968	68.20200004577632
45.03700015544888	64.24599986255159	65.68000026226042
19.388000068664564	60.230000214576705	67.4759998805821
12.890000023841855	63.52400008916856	69.52999999523159
0.29100005149841296	67.50999979495998	71.93000017166139
13.24399990558624	63.753999933004344	72.34600018054255
6.46600001335144	70.06800006002184	89.35199990987759
13.004000105857845	68.21199976921073	72.4839997532964
1.0880000257492053	72.45799977481366	81.01399977952238
0.9110001039505013	83.47999995201823	90.3459996604919
83.46799996376035	66.90200018972158	68.29399996280672
0.005000023841857652	64.10399989128116	93.95199971675869
65.73800017833717	57.99800010025496	73.55599993512035
70.9410005044937	64.7440000343322	87.2920000743866
0.05500016689300502	56.24400002360343	67.68399994373327
42.716000037193304	66.55400007545946	68.22599998354914
24.20900013923644	73.37399991035464	68.42000004768371
18.07000007629393	63.89600014448168	71.07999989986425
4.240000047683716	68.5880000400544	64.79799995422364
18.379999914169307	64.43399998903269	83.68200036406517
1.5870001792907715	65.18400008201594	69.52799999713899
0.02700006484985318	63.04799995183941	67.38200006678697
8.428000116348267	62.369999924153106	69.04000006973745
0.5800000095367428	64.49999990984794	70.62600024789572
1.0120000648498537	74.03800017505881	72.58000004529953
1.211999907493591	57.89799997687346	72.01199987888336
103.24099944591525	60.496000161170954	85.69799995660775
0.7509999513626109	64.99199995249505	75.02999996423715
12.207999987602234	64.07999978065487	70.23799995899198
10.294999933242792	66.1319997560978	76.77600009918218
-0.08300005435943715	61.977999880760876	69.6840001916885
11.182000041008	61.78199964761732	76.47199994564053
