116.98600027084346
15.587999997138981
121.95999981999401
67.83799962043757
37.29400030136108
15.755999937057494
121.19800040960307
22.817999744415275
21.13000004768373
22.918000106811537
68.94999954223636
110.1320012140274
81.13999982833862
45.52199973106381
32.98799962997438
78.77000009059908
23.38600011825561
48.553999519348174
14.606000041961671
10.3300001335144
98.92999995231622
102.42199968755244
6.578000030517576
22.955999898910513
16.43000000953673
28.953999834060657
6.943999996185296
67.1900003910065
17.37199986457826
32.06599991321565
286.80799715042093
7.378000154495236
78.69599923133848
21.59999972343443
6.519999904632569
265.7859987306597
56.582000617980945
5.963999958038326
147.81599968671793
30.702000007629387
36.19999985694885
14.63199992179872
99.21800093650822
17.483999996185293
4.792000055313114
53.84200004577635
157.97799996286648
29.09400032997132
102.18399936676032
219.49400043010715
38.689999580383294
44.098000457286844
39.308000059127835
65.98200047969824
31.157999773025512
111.90600036144261
8.556000156402588
163.36799989223476
6.5460001945495625
20.753999929428097
46.06199995994566
27.8840002155304
23.417999973297114
128.2260008430481
31.38399971961976
6.194000062942503
1972.2599757003875
20.30000008583068
56.12799940109255
24.669999847412093
22.523999814987178
162.61599946498873
9.476000003814697
191.37599982261676
44.617999858856216
53.11199999809266
37.195999803543145
21.36799978256227
50.32599973678588
19.143999910354623
196.41999931171526
12.6359998703003
91.44599990844732
41.749999580383296
34.53800008773804
11.334000167846682
42.05000006198885
10.214000082015989
163.83399924471965
76.04399950504306
40.05200019836424
19.610000095367436
3.9739999866485616
10.392000083923337
79.89199990272512
4.674000101089481
43.8579996967316
267.5540000033377
12.12000005722046
6.55200002670288
217.1859997034071
11.06399985313416
8.580000114440928
20.65000001907348
42.545999875068695
79.86199987411497
14.172000007629393
72.07400001525878
10.65199989318848
64.77200016975398
41.17600026130677
21.801999979019143
108.63600004672995
24.950000162124628
10.62400002479553
108.7039993286133
48.61399971961977
8.918000049591067
82.90600022554393
63.26600050449373
72.86999947547918
63.90999971151349
155.93999912500365
25.629999809265136
13.375999889373777
443.52399522781366
45.63200014114378
19.754000120162956
45.89599976062776
4.019999942779547
168.23199878692617
17.259999856948852
118.89800071716309
67.37200016975402
98.77200026035315
9.745999937057494
82.74200039863587
72.19799975395206
36.40400006294252
17.92600018501284
9.531999959945686
167.95800014019036
20.08800008773805
56.917999677658095
17.112000217437735
169.14399831771848
47.465999875068626
76.05800000667567
182.9939992952347
4.9180000591278095
28.95400020599365
44.014000148773164
11.861999826431273
33.6959996795654
36.044000101089445
14.560000162124634
27.04400031566623
75.08200017929076
22.325999937057503
16.76000001907347
60.03200017929076
25.175999975204455
51.64200012207032
214.56999705314635
78.69199935913088
9.915999984741207
21.301999864578242
26.251999721527085
109.94199953079222
36.774000434875525
26.213999719619743
8.231999940872187
20.209999880790715
38.54799988746645
9.21199996948242
12.850000104904172
44.46799993038179
126.9080003023148
46.63799982070922
55.70399977684022
205.83199799537644
187.62399921357624
288.96599853038816
61.16199954032898
131.39999975651486
34.41799998760218
63.2519999313354
2.173999996185304
16.171999835968016
37.17999992370604
134.087999843359
105.05600025176999
5.313999891281124
222.29599814221262
36.42799974441528
29.68599980831145
137.6739998435975
195.70999966144552
50.25800015449525
22.723999843597394
20.149999589920053
17.171999931335456
19.158000240325926
34.73999972820282
7.602000055313112
34.61000029563905
19.126000032424912
41.73599965095519
88.34999954462054
13.19599991798401
445.49199517533185
60.80399994850161
52.21399981498717
4.612000045776366
10.114000177383431
66.08000011444092
61.08199979782107
26.187999639511112
8.705999860763553
15.42400014877319
45.637999792099016
165.37799939155582
11.355999927520761
24.550000095367427
110.45399986743932
24.12000010490417
45.407999954223605
1.8279999732971208
35.38599989891051
10.921999959945689
27.36399982452392
14.890000028610222
11.472000055313101
13.17799991607666
29.811999788284314
33.87999998092651
47.79399995803833
9.846000063866379
5.389999895095821
37.27200013160708
134.49199943721294
10.788000106811527
12.9119999217987
97.71199978753918
127.39999861598014
49.79999939441683
7.309999980926517
60.85399968147284
22.71800023078919
38.479999895095844
35.055999794006354
30.52800025939944
28.75600002288816
34.220000500679035
40.95400012969968
6.683999948501585
35.9860000514984
52.97400004386904
9.295999841690065
189.1499988135695
23.8340001821518
44.88599970817568
89.47000071763982
12.71599997520447
13.6439997768402
69.76399999618535
57.181999731063875
126.29199948310853
46.23799998283386
61.85399940013889
11.59800009727479
14.421999979019173
17.92199976921082
50.313999953269985
39.23000003814692
103.36799953222277
12.816000022888174
26.829999866485604
14.148000040054326
5.610000066757203
6.061999976634979
281.3839982163909
28.439999856948845
17.421999874115002
56.17400023460386
52.23999993324277
21.450000228881844
44.66800015449526
21.224000005722047
9.460000028610217
9.256000194549555
29.268000173568733
12.897999839782717
17.688000221252448
89.07599982738498
22.948000020980864
362.36599712371833
22.09599997520446
58.72999987602235
58.91000015258789
104.21599882125854
43.68599971771239
41.36000001907347
8.122000236511226
14.26199990272522
10.890000000000004
49.119999694824266
25.30999979972839
57.03600012779238
85.25600034236902
261.7759987139702
25.052000026702874
15.802000141143813
7.697999954223629
27.05599986076356
10.063999910354621
6.217999992370598
76.04600017547611
40.44400041103361
132.5979994630813
19.964000301361086
48.22800010204315
26.18399995803832
13.641999931335453
10.255999975204464
13.53400004386901
19.341999902725245
173.35599874019624
7.411999998092647
66.8039998817443
202.41399937629697
64.0380000209808
9.762000017166134
24.89199986457825
153.87999803543082
17.3120000267029
10.834000053405749
41.421999816894505
11.51000003814697
8.908000030517577
121.25599905014035
18.118000011444096
7.775999898910524
28.385999507904035
55.39999990940089
39.4559995651245
12.640000076293942
224.65399769783025
72.81400014519694
14.39600031852722
35.29400013923645
417.5199965953826
150.4340022969246
23.542000036239653
44.55199972152706
16.049999904632575
18.269999933242794
15.336000080108636
22.45399985313416
8.980000009536754
66.4900004482269
662.4559941005706
118.55199923515325
49.16800053596496
7.929999961853027
74.05400008201597
36.901999807357754
68.1860006904602
11.2339999961853
14.433999948501576
124.05800001055006
6.220000133514402
188.58000013634566
138.50400010108953
65.75199973106386
26.47199975967407
5.255999984741208
44.34799985885619
20.99599986076356
14.640000038146976
11.919999952316285
6.534000053405761
103.40800032615662
14.321999816894541
39.77400009155273
124.86799961090088
8.716000099182132
8.472000102996834
24.628000164031977
39.95599997997284
11.160000057220469
92.64600058555594
96.0779991531372
78.92800067901612
22.05600031852722
12.370000038146987
18.914000043869027
4.097999897003173
55.23800007820128
25.152000427246087
9.577999897003183
14.2479999256134
65.36000019073482
37.12199980735784
231.85599945157776
26.466000161170975
80.71999978065487
26.45800007820128
105.19600023984907
20.833999652862538
74.44000017166145
49.270000009536744
34.29599974632261
97.22399996757501
14.103999986648578
13.74200010299684
48.01599968910218
7.29200002670288
140.34799928188306
29.52199998855592
21.890000038146958
26.737999782562255
18.943999891281138
25.029999990463253
12.904000024795538
5.9360000610351555
17.365999975204495
13.5020000553131
67.90000019073489
66.971999835968
168.96199964612717
13.393999948501591
181.03200038909924
18.612000207901016
63.862000222206134
81.22999996185307
8.219999933242802
41.35199973106383
81.14199993133546
9.014000110626212
11.253999967575076
104.4220007061958
57.272000207901
22.571999845504767
82.37400044918063
145.12799885749794
24.8020000553131
4.116000013351438
12.577999954223634
13.253999910354615
6.6640000629425105
99.18800044059749
137.92599964857098
6.499999856948855
21.970000267028812
15.617999897003182
19.338000278472894
30.000000314712537
92.87799960970882
23.321999893188472
11.858000202178957
26.659999885559085
11.547999944686888
17.775999975204453
59.85000001907344
157.93199904918674
18.67800026893616
83.85200058937076
20.24400024414062
28.979999885559092
101.2539995396137
28.73800002098084
36.66800028800968
20.852000112533588
22.801999731063848
185.4479986453055
20.177999954223623
76.31200006484993
17.606000247001653
312.98599756479246
21.915999560356166
48.24200029373168
12.827999944686889
51.20400004386903
63.835999984741164
9.71400004386902
15.271999931335458
7.053999862670892
20.892000017166147
37.38200001716617
16.27399987220765
296.4979973101616
42.454000234603875
32.45000013351441
138.25599897265417
58.240000028610204
127.04799939155572
89.54399920821191
12.079999990463245
17.901999921798684
6.777999973297118
5.978000087738035
53.681999616622925
53.43599976539611
5.960000057220455
63.62800056457523
6.008000030517582
16.38599987030031
35.004000072479265
17.658000068664563
4.175999860763549
114.95999951124182
30.014000215530377
25.190000143051144
26.329999761581426
49.2080003166199
20.397999711036675
12.129999799728402
138.91199947357177
56.31999971389773
5.374000110626228
11.684000225067145
47.394000186920174
36.219999885559105
59.773999934196475
28.90999998092654
95.32799902915954
52.680000400543214
31.441999902725208
111.4539996147156
6.194000120162966
107.09399939060212
121.81999993443485
59.545999507904064
18.802000398635865
11.152000074386597
36.68600003242491
83.86599965333939
11.184000167846683
19.94800013542177
44.29599978923798
40.495999488830556
7.310000123977662
137.15399984300123
9.10000008583069
11.345999860763543
273.65599758386617
12.812000036239626
114.17399939537053
15.033999900817888
147.88400023460383
278.1819994974138
45.074000053405754
59.22999991416932
83.52000021457668
48.54400002956395
11.369999971389772
46.940000038147005
304.46999842643726
6.8160000038147
101.22200014546522
159.22799949645994
113.89999935150146
214.72800005435957
49.54000003814699
115.08200015068059
20.112000083923334
56.473999366760275
4.274000024795533
117.98200011253358
92.72799994468681
62.565999441146815
102.51199955940248
66.93600097656253
20.36999984741212
8.07999990463257
30.397999954223632
71.07400057792668
98.54199954509734
15.76000006675721
30.52999985694884
18.29199984550477
35.80000016212463
52.04999978065488
17.48000015258788
92.96799998402595
395.56599616572265
44.14399983406065
17.508000154495225
93.25000021457673
43.752000007629384
98.86199910640708
103.82999989986428
95.63200002670284
33.36599957942968
11.532000074386596
118.74800011157983
133.3979989981652
40.14800006389619
167.46399964809422
212.03400012969968
66.34999993324278
29.075999736785906
97.38999959111206
109.97599960044026
17.807999944686877
96.29399994850165
8.479999961853036
33.53799971580511
4.842000017166132
66.43999970436096
23.20599997520449
115.13399968147277
75.8960003280639
13.150000057220456
30.40000030517578
36.94999970436095
76.56399995803847
130.8119994282722
10.721999931335453
74.96199988365166
99.9340002012253
60.83800027370453
35.483999958038325
11.363999834060667
23.75799985885621
28.215999956131014
16.725999917983994
8.078000040054318
29.32000000953675
31.744000186920182
