1.0959999179840088	65.87599977493281	68.47200017690656
1.794000024795535	59.86600008487704	80.38799971103673
-0.21000016212463513	69.48600001573567	114.45999999523158
6.432000179290779	61.72200002074233	72.67800004243861
-0.19599990844726478	58.8280000858009	70.92400001049035
2.316000022888183	67.2919998055696	73.84400001958012
0.1780001068115242	62.04000002384183	71.95000022172934
-0.7240000534057627	62.4320000761747	68.9619999980926
1.550000009536741	64.79200011253359	72.5139999723434
3.014000053405763	63.88799992561344	74.56800018310557
2.368000173568724	75.2659997417033	84.71199965104452
-1.3079999828338638	71.17800014257432	65.93199984550478
1.1000001049041745	64.04200004786254	66.74399998664856
1.4480000591278064	65.59599997162816	77.61799970149987
0.1519999885559092	76.19799974560733	66.27599988937378
1.5300000381469743	71.98799972474568	93.54200029790395
1.3699998760223393	91.64200012803077	69.32000012397758
1.850000019073487	67.90800007328389	73.86000012874602
0.5080000019073494	65.7379997968673	65.54199998378752
1.9220000171661398	61.26000000238416	67.3399999386072
2.1540000534057597	65.44399985983969	78.44600012421607
0.8720000457763666	64.66000011518597	72.69600024223331
0.15600011825561497	60.58399983957413	69.24600006103515
3.592000017166136	65.58600001573566	71.25399988174438
2.7620000267028804	73.233999800682	73.93799996972093
0.5659999561309826	61.092000021934496	75.6660001850128
1.4639999389648433	62.284000067263854	91.62800001263626
8.852000160217276	56.91400012493132	66.90400007843978
1.6320000648498525	57.6899999308586	65.7480000925064
24.080000529289244	60.33400002002718	87.06399998739356
0.09800012588500909	67.7200000286103	71.24800013542178
0.6780002021789562	64.10200005710124	71.79799976825714
2.7780000495910664	67.70599996089932	74.76400022506719
8.967999897003175	61.73800014644857	71.86800037860866
0.669999971389769	70.66000001907344	71.11199991703033
0.016000061035155312	65.97599988549949	73.86800022125244
0.5099999141693093	62.153999875038814	80.38800023496151
-0.14799993515014634	59.036000024080266	73.68000013828275
0.4859999656677229	93.9359998469055	65.30800009846685
1.1100000858306898	63.7339999294281	68.94199990272529
0.5419999313354499	62.47599985837933	71.12199992656709
4.086000041961666	72.86000031709666	79.25200024127965
0.6620000457763672	58.8380000209808	89.10800003781907
2.343999967575074	63.21199980810286	74.81399976730353
2.3800000381469735	59.56399998366833	68.00600007787348
1.7220000171661376	77.99599979519851	82.28400024414056
1.762000064849856	89.5900000201166	69.76000001430509
0.7840000534057601	62.904000040888775	76.5140002016723
1.4940000343322746	65.06400001525878	71.88400011301044
3.262000036239621	58.121999926567064	73.92000003814692
2.3760001468658443	64.423999953568	75.8740000286698
-0.7300001430511478	78.17199990034104	70.15400014400483
1.182000102996827	68.17000003576277	76.58800002098074
0.4479999732971178	59.77000013887879	74.65799990653994
0.40399995803832844	94.57399989128105	75.87399995803833
0.6099999237060566	74.97200017869469	76.83400001108647
2.2679999065399166	62.92800019085399	75.53999992847446
0.315999927520751	67.7420002120733	72.79799952745437
2.1339999771118165	59.431999993771306	73.23200005233294
1.3979999923706075	61.63999997377393	75.99399990797045
1.1679999923706068	67.30399997726084	72.35600010395042
1.8600000476837164	65.31599986270069	70.1239998912811
1.5899999904632567	63.75999996185311	70.18399977922438
1.111999969482424	66.61000018835058	70.59400020599368
1.805999984741211	62.33600004315378	70.16800014019009
0.5359999275207523	61.90200000286098	71.38199998170138
2.855999965667729	61.90399987697599	73.96199995994562
-0.47400001525878793	56.494000113010415	76.15399992823608
0.4000000381469743	65.36399994015697	67.19999986737966
1.1559999370574934	62.682000146508216	66.22400006771086
0.7739999771118184	101.48000117778771	77.79999976396562
0.3899998855590807	61.20799979686731	76.1980001962185
1.9120000553131091	62.909999793171856	72.78000036716465
1.7459999752044681	72.64999967813496	70.54800007104869
-0.03400005340576083	72.29799986839294	96.65599973678597
1.0820001220703133	73.9479995167255	75.25199988648303
0.6779999923706053	61.56399998188013	66.23199984073632
-0.6700000953674317	67.71400001168244	85.83799983024592
0.3140000152587881	68.91199985384944	71.89399994969367
24.902000541687016	58.281999919712504	70.26399997234341
2.020000057220459	61.89399988651268	79.08199987173074
0.44599999427795534	60.30800010561949	64.95600014090533
0.6339999961853023	63.637999942302685	70.88199984788896
1.8519999694824218	62.451999864578205	73.99400002956394
7.114000043869021	71.63199982106677	84.93599983930585
3.9339998626708987	68.35200010895726	69.69799974918361
2.6500001144409167	74.59399975538255	85.51999981164931
6.797999916076659	67.58400011897089	70.43399989604954
-0.3779999160766585	61.100000010430826	75.94799986839291
5.482000045776365	68.68200003951792	80.17400030136113
2.0560000514984145	66.40400026798244	75.34200040340417
8.852000131607047	66.97799992680551	80.3020001953841
0.9280000209808348	62.568000109195715	70.52200003623958
-0.028000020980834997	70.99600002765648	97.42199948519475
0.16799995422363162	80.26600002765655	70.3040000486374
0.25599996566772415	59.04400013208383	68.95399984598158
8.339999990463255	69.36199991226198	70.73200007915497
0.315999784469603	61.2100001811981	75.34399974107747
14.698000040054321	70.03000005006788	70.31400003045795
9.085999879837043	65.64400007247927	74.02999994873991
1.487999906539917	71.2980001235008	65.31599995136263
0.9680000495910663	60.572000036239594	73.39800009727476
0.2640000152587894	59.57200024634599	81.99600005239247
14.963999733924881	61.57999994993208	74.19999988555902
-0.32999989509582467	67.17400008916849	65.48000010445718
0.13800000190734987	65.09799993515014	74.75799990221867
0.3440001106262203	61.59800019741064	65.24799975872041
1.3020000076293943	65.45200016558165	70.72000003889204
0.6880000114440933	78.00200044155119	74.75199999809263
-0.5459998512268067	59.62800005674362	71.69800033569337
0.33599995613098316	72.31400012165312	80.07399978876114
-0.014000034332275145	59.677999944090836	66.6180001401901
19.59000010490419	65.66600006014114	75.62199998378753
1.2740001010894775	60.40200001910332	69.13400002479554
-0.07199999809265298	63.36599997520448	70.71199998617178
-0.13200004577636826	65.33199994325645	58.239999861717216
-0.3499999809265136	77.25999986648557	82.11800034761434
0.27599997520446773	62.63000001907347	71.85999996304514
0.8300000190734845	62.089999871701	66.73599992275226
0.5380000782012927	69.21600042581555	71.16000003457067
1.9799999999999995	60.90599987268455	84.89000020891427
0.5519999408721923	68.76999996334314	76.57200021982192
2.9500000095367445	64.32400020435456	75.64800037652252
-0.20199998855590984	75.74200031340133	71.41999969005585
0.480000085830687	63.091999733448056	66.58200002193445
0.36799995422363285	77.27399996876716	68.55200006484986
0.8519999122619638	76.0779999026656	72.27600014209749
-12.654000158309932	68.11399994611746	74.22000016689304
0.12199999809265144	91.43600041806685	64.66600012302398
10.66599977493287	64.71399978488675	64.05000023841862
-0.34600002288818515	71.15000024229285	70.13600018501289
6.422000122070318	62.31199979782102	73.61200007915495
-1.3099999713897694	67.46800025820734	71.59600017860531
1.6859999942779536	87.34999973773958	76.21800002247092
0.7599999904632564	58.1600000607968	67.24800005435938
2.652000007629394	63.1559999489784	76.31799991130832
0.18200001716613698	65.45000004768366	67.35600005507473
0.39400002479553276	62.384000201225284	69.75400009095671
0.5620001125335709	62.25599999308586	85.97000025749205
1.6420000934600816	78.77000005126001	69.67199986338613
-0.09999985694885394	60.915999934673344	68.45200001195076
1.7100001525878903	72.37799993395805	70.3639998149872
0.13400015830993706	67.1859999966622	90.33000018596645
0.28200004577636884	61.55000005245205	71.06599972963328
0.7660000324249249	62.41600018471477	72.0539997518063
0.5819999980926528	76.14200011014947	71.44400008305912
0.9720000267028804	62.58799993276595	75.16400010347361
0.4360000991821307	62.04399985551828	70.72399989128117
2.022000017166137	61.545999870598294	75.28199995279313
0.009999866485596403	60.15400022506714	65.32599997758862
0.647999954223632	63.02600002244119	74.57799996852873
1.0799999237060538	131.39200043514364	85.14799992263309
-0.0759999942779536	66.68599993467329	83.00000024616718
0.5820000743865964	69.25799986720084	70.01599986791616
2.660000085830689	66.43399988651277	76.99199999168515
0.9979999542236331	60.76400015443558	64.29599983215331
1.6399999427795406	64.59999996662141	71.1279998648167
9.972000141143786	74.28199980258941	77.3440000581741
4.208000011444091	66.32999995782967	81.17400017738336
-0.3160000324249281	60.594000267982516	66.9299998378753
2.048000068664551	63.12800006389619	69.98400003433225
2.3239999580383297	86.74799975156783	70.24000008583066
1.2980000877380373	75.59799998521802	86.88200006127357
2.960000095367433	62.9259998869896	87.09999994039538
0.7940001392364502	67.21199992656706	77.82399960994714
2.234000120162967	64.01599982738492	69.1819999009371
0.9940000915527349	62.17800019502638	83.86000000476832
0.6840000152587874	63.090000016689274	68.96200003623962
1.5279999732971214	61.23199997425076	76.66800011277196
1.6000000190734867	82.95200002104052	181.1519997361302
0.6199999427795393	67.65200006246558	70.2399999117852
1.7020001506805416	93.52999995350847	87.6660001823306
1.656000041961669	70.35199990510937	74.43800023317337
1.150000085830688	70.30199998691674	71.05800005435941
0.3700000095367425	66.70400013774633	69.30800006628033
2.1419999694824208	65.53800017058848	106.45599982261669
0.3960000705719007	65.20000007033346	67.60000012397764
1.916000013351438	62.40599987626073	68.39200001716618
-0.8680000591278091	55.5900000596046	65.80600007921454
1.095999851226806	71.22000009059902	70.61800002336503
-1.3020000648498522	65.49800033807755	71.23800007641316
1.4219999599456794	61.24800008714198	71.94000005722044
0.49799999237060566	64.79800034523012	66.11800007343294
-0.36600001335143917	61.33999987080691	68.6900000342727
-0.2919999504089342	59.36799978539343	73.52799984335898
-0.05599999427795338	81.17399964094159	87.137999958992
22.051999847888954	58.184000209718924	63.834000120460956
0.597999973297118	63.59199981153011	67.94199997216461
0.10399988174438651	65.75599983453749	62.811999945640544
2.0179999923706067	63.608000020980825	98.31400027573122
0.19999999046325584	58.9740000458062	69.0780001139641
9.8020000743866	81.79799991607666	77.03200041294103
0.4799999904632589	63.311999979019156	74.91799983024596
0.3860000610351572	62.63599997401233	70.91799978256219
0.4740000724792463	65.94599975585936	80.0739999762178
-0.6299999618530264	62.79999994993207	70.66400019645693
1.3919999790191626	59.47800015881659	78.74799989223479
-0.6760000324249277	63.18400005340577	76.83399994373328
1.9659999942779558	60.494000191688535	69.38800017356868
0.9259999275207518	172.26999915003765	73.34600003242491
0.9739999961853032	65.15399998664851	69.70600008964534
1.4120000076293924	65.59799973368645	78.44600040242076
1.0479999828338638	74.38599989414219	71.8700001132488
1.4680000400543236	63.87199984788894	73.04400015100833
2.316000041961668	73.46399981543425	67.31200029209258
-0.034000024795533525	79.29600024878971	68.5539999866486
1.7180000209808362	66.79199989154932	69.21800005555156
23.167999930381765	95.45800008475793	71.32200021266938
-0.5100000476837154	63.552000050544734	68.4640000915527
-0.32400005340576327	61.52600015521041	76.73800002813341
2.399999904632566	60.40399994969366	91.4599998021126
0.22200014114379774	61.15199988573788	80.44400009512904
12.244000024795541	60.49199996471407	81.57400009870523
1.4519999790191649	71.87600026130667	73.56200012877576
1.5020001316070575	61.72600007057192	99.01600030899051
1.1879999828338597	68.13399992227549	82.28199981451031
1.0380000686645505	59.14800000369549	72.15000032424929
0.7219999694824215	57.6120001740754	71.65199969768527
6.057999954223635	64.64600013494488	70.37999976158137
1.3120000171661392	62.47600014925001	75.42799986362463
0.11599988937377813	71.1279995727539	72.56999993324277
1.6139999675750745	64.27199994564056	72.53200012728578
-0.7060000228881839	56.83999995216729	72.25599972724916
-0.35600006103515786	64.34799985826012	69.51800017833702
1.6400001430511486	68.08600000619889	68.67600007534028
2.1900000381469713	63.91600003883237	70.29000004053114
0.5279999923706062	58.98799994468689	66.94199998378755
3.9200000667571997	65.46800003767014	73.48799986481673
2.219999990463258	71.271999938488	60.91999976694583
0.762000093460083	63.56199995517726	64.15600005149844
0.7759999942779529	87.76799989342692	71.20400018185379
1.9540000915527351	61.21200001955029	71.04600013256072
0.7400000286102305	59.410000143051164	69.54999957084661
-0.25600001335143996	67.72199997425076	66.76000004291532
0.5260001277923593	83.10200023889541	107.93599943995477
2.3119999408721927	78.7780001354217	133.04999952316282
1.9040001106262197	67.98599999591708	75.46599999666216
1.1239999771118185	62.5400001169741	72.26999995708468
0.553999891281128	70.35800000160928	63.13399991035462
0.7960000896453857	65.0599997548758	81.49000004291528
1.6899999904632592	62.33399995565417	74.78399994850155
0.40399988174438445	59.95399997711181	65.4720002651215
0.23000010490417377	62.13399992465976	80.68200012922293
0.0479999828338623	65.82800008416174	79.06400015115736
1.5240000057220475	66.16599999189374	74.73199978947646
2.086000022888183	61.76599980592729	71.50000042438512
14.588000097274778	65.59599990770221	73.90400003910068
1.2379998970031743	64.80600007295602	70.0579998278618
1.1460000324249258	64.30800001502034	73.50200006723398
0.10399995803833023	65.4479999399185	67.22199995994563
0.7319999027252179	61.722000008821425	68.86200001716617
0.4959998989105236	71.99799986481669	67.71999997615814
0.4760000705718988	64.24800005078313	79.51800019979477
0.6920000362396254	65.55800004363059	76.46200006365768
0.4580000591278082	77.97600022554393	67.20199973464011
1.8279999542236303	66.12000003576279	66.12399997711184
1.072000093460083	63.83800011396411	71.0019999980927
1.508000087738036	68.6319998568297	71.62599992752082
2.0719999408721916	61.22200001448392	68.81800016403194
1.6599999427795418	66.93800006866452	68.2419998693466
0.3799999523162855	64.13999980926512	70.35600021362296
1.1899999999999988	76.75200004219998	78.09799980878822
0.7980000305175792	67.00200013160699	68.54800014972687
0.8480000495910645	77.97599999487404	72.11999999999998
1.3100001239776606	91.56000071585191	85.91800002574927
1.4260000228881813	72.81800015449517	71.23200022011989
0.1839998912811292	67.29200029522183	72.08000015854836
3.4820000648498546	62.33200014352797	80.20999979406596
0.4700000762939466	89.0139996385575	94.00400024890897
1.7160000801086412	61.23599989891049	70.54400008916858
-0.12799991607665992	64.39599976539613	72.53000017642975
1.4459998321533194	60.361999962329875	76.42399967074384
2.5119999217987066	59.97600010186429	71.63800000667565
1.9020000839233404	61.75999996423724	132.35199973583235
0.7940000152587915	84.41599976301194	85.71599979996681
0.1160001564025892	67.30399967432024	86.77599984645842
0.8559999656677252	70.12000013113015	67.74800005435944
1.3679999828338618	71.63999997377393	78.9380001986027
0.31999996185302654	68.64199992746114	71.6260001063346
1.539999933242798	68.60799970105292	72.28599992066621
33.02800004959111	82.798000254631	94.97000025287267
0.4140000247955316	62.72599992752071	70.65999994277958
1.1980000686645493	64.41799998641014	91.96199970439072
2.308000001907348	67.52599993228911	75.05400026619435
1.3280001354217537	64.6679998952151	76.27000022888178
1.8120000553131081	62.8940001928806	71.23199997067448
-0.7480000495910639	80.50999970078459	75.3139997428655
1.7780000782012948	61.323999962806624	77.19600007817147
-0.10199991226196348	61.25799985542895	68.54400003671645
1.6640000057220492	57.961999986171726	69.46999989077443
1.9279999923706068	72.81999993085854	101.94999972820271
3.3559999847412136	58.982000155448944	69.97399996757503
0.4780001640319823	84.87000016972426	112.42399996712807
0.5779999446868882	69.87000012278563	67.95200002908703
0.29200002670288017	63.69999986410136	84.62600022315974
0.6179999923706052	76.221999695301	97.3739999794961
1.3719999980926507	71.17799989938732	70.61199985191223
4.611999921798708	69.82400001049045	76.27799988269811
1.2040000438690197	66.42400005459785	72.1920000076293
1.398000020980835	62.074000022411354	69.05999989032745
0.1259999656677233	65.89999992907045	68.89600001692773
-0.1599999237060557	57.10400002241129	68.5340001067519
0.6080000591278073	68.70599976420404	66.88799982070924
-0.12799992561340315	63.75000004529946	67.47599993228916
1.8000000000000005	75.23400035381317	74.13800011038778
4.613999958038326	79.34200012445447	92.71199996948256
0.5499999904632576	59.738000216931106	66.60999994039534
0.7400001335144039	65.55599983841175	70.80999996185305
2.079999904632567	73.38599996626375	85.77200028419493
0.2900000286102307	58.05000000953675	64.54600000619894
0.643999967575072	61.230000219345065	73.84200002193445
-0.07200001716613652	69.6779995876551	103.00000011086466
0.2699999523162858	62.226000128984424	68.81599990129466
1.2079999637603744	66.87400005817408	76.70199993610377
1.97800006866455	75.83200049579148	70.40200013399117
0.16599997520446863	64.63800004005432	69.67399994492526
0.5400000000000016	67.48399970173837	68.88999986648562
9.40400017738343	64.057999946624	75.74400002956389
0.506000003814696	63.63400035500526	78.14000011920928
1.2099999523162845	63.18000009536742	69.38600008964538
2.326000051498413	61.797999989986444	74.7760002994537
-0.7739999294280994	60.07000008523466	65.1540003585815
0.9539999198913552	63.36200019836424	84.72599997997285
3.8900000762939433	61.19999994635582	72.32599994122981
0.44399998664855866	59.718000104427354	70.31399999141692
2.6879999828338614	69.32400001391773	89.79600047916172
26.241999804973606	58.67800005018711	69.28400010749698
0.029999980926515433	62.78999991536139	67.89199999630456
1.4079999256134046	62.53400001585482	66.23000011444093
0.12800018310547018	59.40400011539456	66.56800018310547
0.6119999790191646	67.02400000572202	71.28399991512303
2.2500000286102257	65.4039999331533	70.78800010249019
-0.6860000991821268	65.27999995425344	67.97199989318847
7.750000190734863	101.39799930751325	70.27600011914966
2.3400000667572005	69.91199972152708	123.92999909922484
1.3499999237060551	61.93799986720086	73.1979998397827
1.821999921798707	61.18000024557113	82.51399982571603
0.6580000305175785	72.16999990299347	70.15999991416932
0.5980000782012923	68.42600017070765	75.56199990749361
0.7940000247955336	60.97400010347362	70.04999992802738
2.295999908447266	61.27199975788596	62.90999980688101
2.303999958038327	66.20599989771847	66.39999974727628
-0.22400014877319435	62.33800014019014	71.35200010299684
0.42000018119812105	63.7600001049041	70.63199993133541
1.4519999217987043	63.66399999499322	71.46599992275236
0.42199993133544966	65.34399983406074	68.7100000596046
-0.010000066757202407	67.63999999523159	71.5660000371933
0.7380000686645499	60.15599997997282	83.49199966192239
-0.37800004005432164	78.16200013160697	72.06400019213558
0.2660000610351565	62.83399996042253	68.95799993991855
1.1679999542236321	69.1820001649856	92.39600038290031
0.6440000915527343	79.50799981400375	71.78800034612425
1.1619998645782468	63.51399994373321	127.3100002717971
0.43199997901916454	68.12399994850153	81.84999986171721
1.2459999370574955	68.71000002861028	68.16800010845066
-0.7600000476837153	60.63000027179715	71.6499999856949
-0.010000000000000725	71.24799994409086	70.08600019931794
-0.014000053405762356	58.67399991989135	86.48199999079104
12.187999706268315	78.31599992662673	69.58399989485737
3.2100000476837156	67.16600014209756	75.37800015568733
0.8819999694824219	62.41800005912781	67.91999994426966
12.449999771118161	63.02999985337256	66.62800004094841
0.8520000934600828	61.59600001335144	70.62799985408783
0.7939999198913564	68.45400013208395	71.64400019407269
16.703999831676487	62.170000171661364	66.8700001478195
2.1960000133514406	60.62599976122378	67.10999998092649
1.704000043869019	65.40399994492527	72.09600018382076
-1.1760000133514408	61.13399996697901	65.86600015640256
0.3900001907348626	65.4720000976324	67.34800004959108
1.9540000057220446	104.34200031116596	75.1939998245239
0.4840000915527357	72.71800012528897	63.215999801605925
0.834000034332276	78.48600007414815	101.84600018501278
15.150000200271615	62.80999994367361	84.75200039505951
0.5459999656677257	64.58199976801872	107.70599954485894
0.4319999408721938	61.29000003814696	71.70000037670138
0.4280000114440934	59.34999998405579	98.4719995474816
1.1200000476837164	58.850000194311114	75.79000018119811
0.19200006484985416	63.3880002379417	70.81000006794932
0.5320000076293936	63.141999845504785	71.69400007978078
3.7340000820159918	65.93999990344045	68.76599995374677
0.6259999656677233	66.93600001931196	63.38199998974801
0.14200003623962376	64.64600010752676	89.47000001311298
0.7739999675750718	63.511999971866615	77.8379999446869
8.547999954223624	88.1500002723931	68.19399995654823
1.3439998626708998	94.68600041151052	127.30999978542327
1.4159999561309804	61.21400010824202	68.34200025200842
0.6639999103546137	62.17599996775389	85.33599999502306
1.3420001602172833	67.45800018548967	92.79599998116494
0.6960000133514411	58.167999989986384	80.12400016307828
0.04399992942810185	72.01999982714652	99.92999922037137
2.2519999790191654	66.98399982810012	72.88199987888338
-0.22799997329711888	83.92600000232451	67.2599999761581
4.206000032424927	62.57600001335136	71.73800006076688
0.6959999656677254	66.1559997335076	77.64200011134153
-0.1920001029968259	65.3399999654293	71.74599990844725
0.3120001316070579	67.37000018879772	78.09000022411354
-0.11200009346008462	61.8200000782311	75.5799999892712
0.7400000381469721	60.810000044107326	67.44400002479559
1.3160001087188729	67.662000221014	65.01399998784065
0.10800010681152525	65.22799987167122	74.15999984979628
2.1260000705718998	64.96200002670288	79.93799983024594
-0.12400000572204681	63.70799996376039	69.24199983596793
1.918000049591064	64.0800000791251	66.3640002298355
1.3239999294281004	65.51200025558467	69.24400012493135
1.6020000648498525	85.39199984058733	74.89600008010866
1.1880000209808355	67.08400009065859	67.03400004386906
2.5080001068115245	71.81600029379132	74.49799975752825
0.0979998302459702	59.3520000302792	72.77000019550321
1.3019999504089375	64.18000010967259	77.18800008654596
-0.438000059127808	61.78600018084047	68.11799998283382
0.9060000514984147	82.00599977687	68.78199997901905
0.23799996376037696	64.656000122577	66.30800007760527
1.7239999771118155	62.434000115394575	73.33800006151198
2.1440000820159932	61.17600007653237	71.78400006055831
2.046000041961671	54.01400014668707	71.93000001162294
1.2120000934600843	64.34599977016448	71.70400020480163
-0.01999992370605391	64.16599982738495	68.43200008630751
1.0319998645782482	62.71800006866456	69.67000005722049
0.4719999980926521	61.5639999699592	68.19000008583066
1.4760000324249274	69.00199983865014	70.14399986267088
1.5039999866485605	66.95000032693146	70.47999992847443
1.3279999542236334	60.14599996566775	66.96199998140334
3.154000082015991	58.58199985310432	68.58600000381472
0.5779999637603763	65.07400002896783	71.0320002436638
0.2680000305175798	58.310000071674615	74.31800008118154
2.5179999542236318	69.315999751389	77.12600004553794
1.2160000610351556	64.94599995791911	108.17200017839677
0.7219999599456801	64.69999993324276	72.62400015056124
0.8039999389648439	68.169999781847	72.8880000591278
1.2119999408721929	65.41799985647204	76.33200003802779
2.576000108718872	64.60799985885616	81.96600043296814
1.4300000572204592	70.7760000479221	81.92200021356345
1.7720000267028828	63.71200004816055	75.02400034427639
0.32000004768371476	60.11199987173077	71.18800008609892
0.7259999465942382	93.24799999266871	77.92200015783311
20.21599999070169	60.41400001049041	70.32000012636183
0.42600004196167124	65.75999980717904	67.38400003910061
1.6800002002716043	62.15200028777125	68.76600024223323
0.1439999485015854	66.34999988555906	77.21800012111665
0.354000101089476	69.92400032997134	72.26600018873819
0.6699999523162854	62.61800005912779	68.24199979782104
6.008000011444089	59.66599998116491	67.00000025272368
34.0480002689362	70.0159999136626	68.67000023752445
1.006000051498413	63.61399967849258	72.06800000429159
1.5559999752044669	58.23199988961215	60.279999961853
16.497999877929686	67.62000009059899	65.08599994659417
0.2960000514984143	70.68800001144405	77.6360003769398
1.328000116348268	71.1920001530647	68.15400010108947
-0.047999973297121155	62.80199982583522	71.91200026035312
12.437999868392954	60.312000111341455	65.16599992394447
3.0039999771118167	59.62200017780071	73.5800000691414
1.6900000095367427	59.68800005555154	116.52800034999862
0.10999999046325573	62.60000033855434	65.04599996060135
1.4040001010894776	76.4679998922348	71.84599996566773
1.645999908447264	63.682000064849824	91.28999989867208
22.54400034427643	69.30000010252002	104.05400063931933
0.7239999771118155	61.30599991798403	84.44399997949601
1.636000022888183	74.07599981665611	89.49399999856938
3.7200000476837163	65.77800014019003	68.96000020086764
0.11799988746643236	58.384000018835046	73.32200016021727
0.7480000495910661	68.976000174284	91.92600007951263
1.8799998664855957	76.648000266999	74.99000031709673
0.26400007247924884	68.92400015711777	75.83399995803835
-0.17799992561340294	63.28199977040293	76.10400024414064
0.8459999847412097	61.541999824047124	72.02400008887051
-0.023999986648558364	65.73200000718239	71.74199996471401
1.8259999942779523	73.4100005292892	77.06400008916856
0.8020000076293937	66.96399976685642	70.86000004410744
0.8039999103546133	68.75199987709522	67.85600024461746
0.6000000476837141	67.9459999656677	90.75600012704726
4.80000011444092	67.05600010693074	82.33200015425685
0.16800005912780727	63.25799999713895	76.39200018882751
-0.3039999485015864	59.36200019836428	85.75599984765059
2.948000144958497	64.84000000953678	76.43799978494643
0.7640000534057606	84.34799995958815	77.87399994373321
1.426000061035156	81.09399982452396	72.76399999618532
0.6960000228881831	59.44199984490865	72.199999961853
19.792000255584714	65.44200007915498	173.85799955934303
0.16400000572204695	63.07599976390597	77.37400000095369
-0.1479999732971183	65.11800012961028	98.59399996995936
1.0999999618530285	64.74799987643964	66.77800024032585
1.7900001907348626	60.95799999237061	66.44199995994562
0.5479999160766585	81.41000023603434	75.7740002731979
1.5500001335144067	66.69600014045825	65.91400020837786
1.0440000534057623	64.49599994421007	72.78599984169007
4.7739999580383286	72.78400057554244	72.71000022649763
0.6620000362396251	70.4120001912116	70.78200021743767
0.4359999942779531	66.42599980831137	82.56599959552291
-0.3240000152587906	69.42999976962803	84.83200010538101
0.4199999713897687	59.66000010088078	76.25000013351443
6.403999958038329	61.4759998726845	77.64799995616079
0.6019998931884774	64.01800003796815	68.2480000944435
-0.03600015640258785	64.96600016117097	79.7740002369881
2.1919999408721917	67.91800011157981	72.66799997329706
0.40800006866454985	61.48399985075001	79.91799975395203
1.683999986648558	68.48399996757503	76.3079996812344
-0.06400003433227652	78.55799962520598	67.78800000190738
0.2720000457763665	88.6700002089143	94.25199999809269
0.3840000534057608	89.59199991524223	73.4779999542236
24.853999392986324	60.19399985909461	67.10600009918208
2.284000062942506	93.02800000786787	71.65400006368766
-0.5519999217987057	64.52999989271166	74.89400015354161
-0.4079999065399182	61.23999980092052	66.31999996483327
0.5680000782012942	68.57800003349783	69.81199986457835
4.561999969482423	65.46000003337862	75.123999967575
3.482000112533572	73.96800012588496	78.32599996566776
0.73400007247925	61.9260000705719	70.76599995464095
2.492000007629395	79.58599949359895	97.520000191927
0.984000072479247	64.17599998474118	71.60799983501425
1.2660000610351563	62.498000029325496	80.65999993085869
1.760000000000002	72.74399998188017	71.7440002341568
2.277999992370602	65.66800007343298	83.26799957275396
0.8399999618530294	67.23800004720684	68.92399992942805
-0.0780000591278061	66.23000029414895	73.42400023698806
3.5640000152587876	63.73000002026556	70.56800021529193
0.7480001068115218	73.89599998593333	78.55799987316134
1.4119998264312736	56.55800005197525	77.28199993133548
4.560000028610229	66.90000005245209	72.92599994301803
0.8800000476837161	65.62399989128113	84.9500000858308
2.6120000171661366	63.550000024437885	70.67199988365174
18.936000032424932	61.944000231623676	66.62200008869173
1.6360000133514416	69.02999987721444	72.70999993205074
1.02999988555908	61.30799997806551	70.14200014114382
1.0459999656677252	70.32200025558477	80.17800013542171
2.2100000381469727	63.776000120639765	72.13400012254715
0.3819999217987048	61.798000200688854	68.39999997615811
0.5799999618530289	61.84000023365016	100.3719998931885
1.1920000267028805	77.31800012230872	81.17599986597887
9.93999978065491	66.03999994873993	67.5699999856948
2.8379998970031752	95.71799944281581	72.44399994373326
0.8660001182556156	63.29600021600722	70.77800010204305
1.7139999866485573	63.77199990868573	90.41599973559381
1.9699999523162857	60.50400010585785	79.43800005674365
1.8179999160766596	69.59799965858453	73.24999984055758
1.0900000381469725	69.4640004816651	83.10200010895727
3.1299999713897684	65.7439995718002	82.18800007343296
1.140000000000001	59.95599997282026	66.34200002670289
0.7420001888275155	68.60800013571976	66.30199988365173
3.728000097274781	77.65599963188171	67.15200001716612
2.123999891281128	62.87200009346005	71.92400000572202
0.08600001335144197	79.35800014019017	70.96600022554394
1.701999988555908	64.28399985969061	72.63599983692171
5.0639999198913594	64.44599999710917	98.6840002036094
1.9879999256134024	89.8640002328157	86.18399969577789
-0.013999977111817599	76.07399995803831	68.8479999423027
0.6280000114440929	61.772000003457116	66.60600000977514
0.15799984931945743	64.02999990224836	67.04799999237058
1.943999996185303	64.91199985146523	76.18800005435942
11.445999841690064	63.15599982202048	97.8300000107289
1.2199999809265138	61.22999972343438	70.16599996447562
6.536000039577482	58.56400005817416	70.87400004744526
1.4639998817443844	61.63000007987019	70.93200006484992
0.9159999561309803	62.34800010204318	73.44599992394446
0.49599997520446903	73.57999987959856	74.13600014418364
1.9719999694824244	62.16399992227553	84.64399997144943
1.407999925613403	59.068000130653395	68.97599992156032
0.4820000934600821	65.11600019693374	71.6620001935959
1.851999921798706	61.36599995493886	69.14600011825561
-1.0640001296997061	73.90600017309193	90.29999980211254
1.294000091552733	61.919999945163674	74.57200004100805
9.270000133514406	58.13800008058546	82.28200015544897
1.157999925613401	59.20599999904631	74.37799976825725
0.5359999084472645	67.4980002498627	63.69600011348725
1.76400011062622	67.80400004297495	68.49199994087208
1.9300000381469742	69.464000005871	66.63399983406065
0.7819999599456778	59.41799997791644	71.78799999713905
1.3119998836517346	77.14599986940623	74.89999979972835
0.7740000057220456	83.98999977856882	70.42600006103517
0.40399998664855835	65.87000010490416	77.98599991321565
0.9080000019073488	56.11399999976158	94.28800003096453
-0.35199998855590703	57.42199988201259	76.06000002861029
1.2899999999999994	70.05200024411087	75.91000015452511
1.8679999828338627	73.33400010883811	69.45999992132187
0.7260000610351541	90.94999986886975	70.7819999980926
7.608000068664551	66.46200000762943	72.99600010871889
1.7019999694824226	91.27400050401693	127.21199997186666
7.444000024795527	61.65000008508563	70.15800003051758
-0.024000129699708602	61.179999985694884	66.98999987959859
2.2399999046325685	66.25599985569713	70.30999996423722
2.8919999694824194	63.02199994206427	75.86399993896492
0.09399989128112857	65.64400020480153	67.61199997067453
0.420000038146973	63.228000302314705	74.22400004863741
1.0080000114440901	68.06600020885465	88.86599976539605
0.8599999237060547	81.127999869585	77.84599977016452
1.1420000076293948	63.14399998366832	78.48599990367899
0.9159999847412112	59.39199993371965	66.14000005364413
2.001999950408936	59.73000008106236	70.5000000196696
0.7799999523162857	67.96400019407274	69.92599991798399
2.5999999332427994	60.945999897122356	85.72400019884111
1.0540000438690187	61.784000110626195	68.38200010299678
0.934000072479249	62.82600008487702	73.390000076294
0.02799990653991527	75.48599992036817	77.27800012111666
0.42800002098083484	80.98399990320213	72.31399992942815
1.7739998435974134	65.62200015306473	70.38000026702879
1.946000175476075	67.85999981760979	135.06200029775496
0.3099999999999983	84.21200001642102	80.41600007563831
0.4439999771118154	63.98400000855328	71.33999997615813
1.9099999237060563	61.98800020620234	68.14199992656702
-0.06599997520446677	62.87200019121169	77.83000010490423
3.234000005722046	64.85000011786822	66.9359999942779
2.193999977111817	60.573999868035315	119.97800026416792
1.8599998950958228	62.40599973589182	76.10200021743775
0.16000012397766242	68.22600008249285	95.24400020420548
0.9500002956390391	70.50000024944538	84.56200006961824
1.0199999618530284	67.11399975597861	77.13399979472165
1.735999860763549	72.88199987649917	68.96400000572208
0.7459998035430898	80.45799942851053	71.45599998712534
1.4000001144409189	61.063999935686574	67.32200011491776
1.9140001201629637	68.23599978446957	67.4360000467301
-0.713999977111816	63.01199980020526	66.98799998834725
3.5100000476837168	85.0379999065399	69.86999992847447
0.682000141143799	61.442000087499615	70.70200007438655
0.2519997882843016	65.44199986740946	74.10799982547765
2.3720000457763675	88.02800002530226	107.89800014019006
1.8640000247955328	61.99200008451939	74.52599992513656
0.3940000724792483	62.35000001311303	67.2119999980927
1.3460000801086438	65.24800015449519	71.1779999065399
6.284000015258788	64.81999994158741	71.96399999767542
-0.5300001049041755	56.62799995064737	73.19599994659414
2.694000148773193	70.67400001406669	69.56999994277949
2.9519999599456774	66.14999970674515	68.95600002527235
0.3480000495910661	61.077999968528715	69.16799962639807
-0.4979998111724844	57.71999998569486	70.74199983596806
1.5100000190734855	62.809999903440485	70.49400004327298
0.08399994850158812	62.68800011768936	87.17800018385059
3.0060000419616713	66.7459998768568	70.38599991321568
1.358000078201296	67.31399985790254	73.63600012660025
0.38000000000000045	64.47999997258182	81.50799993515018
0.3099999904632582	66.8179999136925	67.89200002908707
2.1300000476837146	68.17400028273462	73.54600026845922
0.555999984741212	76.57599999964229	69.96600004196166
0.2639999103546131	73.67599988460543	70.25800007581708
2.6979999160766597	68.32800012826921	71.85399976104492
17.25400011062621	69.95799984216687	74.50400002956381
-0.7239999866485589	63.748000143766355	64.73399991422887
0.2219999504089359	71.01799991250036	69.32199996665118
2.757999868392945	69.26599994420997	67.02399997234347
1.257999858856201	66.80799981266259	79.99599991559984
2.277999906539915	70.18599993228912	89.71599986553194
16.518000154495244	63.849999802708616	69.24400004863736
0.8779998970031736	84.08000035136935	77.35600023269662
3.838000144958493	65.49800011560322	72.47600003957751
0.9820000362396256	64.86600013196461	86.20200031280523
1.7139999103546153	65.41000006258483	68.0880000142754
1.3680000305175768	64.14600006461144	77.39000001668933
12.849999961853033	65.88799980103965	74.182000104487
-0.7820000743865984	64.89600008010866	75.20800013422958
0.5519999122619637	60.2660000944137	75.67799983978274
0.3800000190734873	66.26000023245805	69.28599990844721
1.3379999351501473	63.19800007104873	69.67400022983551
0.3380000782012942	61.267999951839435	70.94599976539615
0.23399990081787225	66.89800012230873	68.38399996519081
0.8300000572204578	72.19000001460319	94.84999981880192
1.6099999046325661	71.45000019669534	69.48400010108948
0.2159998512268057	57.08999993860725	71.51400013506422
0.13599996566772374	78.25000008106223	71.81599985420698
0.3739999580383297	64.10600000500675	87.01600023463365
0.601999988555907	59.52600017786027	69.8300000524521
3.345999994277952	62.153999776840195	74.07599977016457
0.08199996948242173	80.15199958801259	74.62599983453748
1.6880000209808372	63.37200009584426	78.3840001225472
0.8179999828338624	58.92399992704394	67.94000010728834
0.5799999904632571	59.555999720096594	78.50000006675721
1.9040000438690197	64.36400002747776	69.789999884367
1.4800000858306896	68.8520001861453	75.29000010728839
-0.010000133514403374	77.0439998696744	69.6639998784662
1.5320000648498509	62.91400002002713	68.05999988555904
0.6499999523162842	61.31000006794924	77.55399993658061
1.0660000133514391	64.88999994277951	66.56800001144411
0.7379998970031726	62.04399986743926	64.1299999666214
0.507999982833863	62.122000031471224	67.51199981451039
1.0339999294281021	65.60999998390673	76.85000008851294
0.2040000247955312	58.755999958068124	77.10000010252004
-0.2439999198913589	62.45800003767011	69.48599997043605
0.46400000572204764	86.53400000602016	69.86800007820129
3.9339999389648437	63.56800005376338	75.81599984347814
5.989999856948856	65.40399998903276	67.44599999904634
1.9700001525878907	62.51999990940087	89.00999986171725
0.6119999599456776	71.12799989655618	75.51799993753436
2.1520001244544984	58.45599978446959	70.57399985194212
1.170000009536741	76.51600023090839	85.29000001832847
0.8040000057220454	62.115999999046316	73.84199992179872
-0.22399979591369681	57.22199982404703	71.63199985027315
0.37399998664856055	71.5659999227523	74.75600005626676
2.926000175476075	62.717999880313876	66.53799994945527
0.4039999580383313	61.46200016498561	79.24999982357029
0.6200000572204583	62.620000000596086	95.04599984169003
2.3479999923706045	75.20800021648414	71.89400000095368
0.06599997520446689	65.01000012755394	96.66999947905536
1.1459998798370348	62.656000225543984	68.80200015068058
1.1340001010894776	58.461999968290286	72.97999988079073
-0.6080000114440929	78.85400006622069	79.60599983692164
0.7939999961853027	57.59199996083975	79.47999978065496
4.083999958038332	72.69400002241132	69.99000003814693
1.4839999008178697	70.3220001363754	83.22800012946124
3.618000001907347	69.09600003242494	67.22599995136258
3.340000133514404	65.78600014925001	76.8620001506805
0.20199995040893665	60.475999975204424	73.02599999696014
2.1400000953674296	74.06399954438217	74.03800019264214
3.524000034332278	61.276000136137	68.8660001540184
-1.9460000514984126	63.323999937176715	68.24600001811987
2.282000064849856	66.45400023937218	73.46800009727478
4.396000194549563	73.05399979352944	76.74599961638448
-1.0619999980926522	64.43199996188284	62.9899997591972
0.7719999980926522	62.30199995934959	72.72800017356872
0.5480000400543221	59.405999999493346	71.4040000459551
2.48600004196167	65.66000009655949	72.98800016164789
2.3700000381469715	64.35599992752073	73.82800018504263
-0.0959999465942377	64.83000008106234	103.27999960780144
0.19199998855590747	64.29599986553187	67.20000011444098
0.5220001220703129	71.00399964094161	75.87200020790107
-0.18999998092651224	66.53199996680024	82.46999992609027
15.292000150680535	66.53999991893768	69.39999986648556
-0.19800000190734954	61.80399998545647	64.96200004577634
3.471999931335449	65.71200020313266	71.71199988842012
1.8579999637603744	71.27199978709218	75.93800015568743
0.8659999179840078	69.29199993610388	89.714000082016
12.070000185966478	72.52799998879432	74.59800022721288
2.1799999713897713	78.30400031208983	69.59799994468685
-0.5339999771118156	60.65399974539874	71.90399995326985
1.9039999961853034	67.05599990367888	81.32199993729589
0.18800015449523846	67.45400013923644	74.72400027275086
0.7440000438690196	70.763999786377	70.38399989604952
2.5639999580383313	68.57199996232985	83.05399980545046
0.9380000209808341	100.53800022482874	130.28000029563904
-0.7180000972747808	65.9680001325905	71.55200000286098
0.12800005912780832	63.405999667644494	76.16999996304516
0.8740000247955324	62.055999838113785	77.53599997103214
0.7679999923706047	72.37799991235131	75.65000021219251
1.3580000782012942	62.835999853163926	73.43000022649761
1.9280000305175786	60.634000139236456	72.26200002670288
1.2180000972747782	72.6019996833801	79.54200002074234
0.6099999618530264	71.29399998903263	96.47800008058546
-0.5060001564025878	81.56799982547757	83.82200037449603
2.0639999485015887	72.25200002729889	83.59799997568129
0.8320000648498544	73.05400044873365	75.71199987962841
0.9799999618530271	62.67799971699712	67.15600000187752
-0.046000175476073456	58.134000105857886	80.09000012278547
0.5279999637603768	66.29600003004072	71.8200003838539
0.5359999275207525	62.518000061512005	80.72200000286112
1.0479999256134036	67.07000002145762	80.05600026369098
0.5720000553131089	73.1639999580383	82.65399993151429
0.07000005722045806	63.57400003671646	66.60000010490418
29.01599986076355	73.13000025406483	68.92000002384185
1.043999986648561	63.13000002190476	78.35000039339064
1.3760000610351582	59.57399985790249	77.69199976325034
1.174000062942507	68.79800002574922	75.4240002369881
1.2780000019073465	61.323999927639925	71.59399993255731
0.7239999961853029	68.86200005173686	81.30600020885481
1.547999973297119	63.563999925851796	78.6540000808239
1.0319999694824222	63.344000035524374	79.0140000915527
3.335999937057497	75.34400009870527	78.18399979949007
9.37600003242492	66.07199986457819	78.93800012588501
0.013999986648561131	62.58399991512296	69.98600006297234
1.5899999904632565	72.11400025799865	68.07399997711181
-1.4019999027252212	64.6339997455478	71.48000004053114
1.5320001506805407	67.09000025749208	72.89600010871881
0.5919999599456774	86.81200009942057	82.56800029486412
1.164000034332277	69.65800004005432	68.917999920845
1.3140000057220478	93.92999982833864	68.0599999904632
0.48199989318847486	60.027999913096366	72.96000000953677
1.1299999713897704	61.35800007075072	70.56799984931952
0.12599998474121185	57.71599979460238	67.14999992281197
-0.2740001487731945	80.8539997586608	61.82799993991852
2.888000011444095	99.81200008213511	67.89000019788747
2.579999923706059	65.89000005602836	77.85199973344812
-0.47800003051757756	60.79200006961822	113.96799930185082
2.248000068664551	75.05600019097335	72.79799990847715
1.6760001277923608	65.15800006628035	91.9440002155304
0.10599997520446951	72.84799980282779	67.86400009632109
0.06000001907348591	68.37199984312056	74.63200034052143
0.03800002098083386	64.31599977850914	74.88200011938817
2.320000028610229	65.3919999790192	74.90800001189109
14.744000158309943	68.74799980938432	71.93600001126526
1.5980000877380378	76.4659997321666	72.97400011062624
1.423999996185304	65.33599997460843	79.81999976873398
1.3079999542236311	56.326000095605814	83.04599994346503
0.5539999389648431	82.98000017404551	58.1360000360012
1.4619999980926524	58.69599985837937	72.75800008773804
-0.5340000247955328	58.518000141978334	70.45000000953672
18.900000033378618	60.73400003150105	68.12000001236804
2.630000162124635	82.12200031042104	91.95399996042245
1.2540000534057631	58.77199994087216	76.02400005340583
0.7240001106262223	65.8699998128414	68.78800006866454
0.997999877929687	63.2199999731779	69.92600003719329
2.2180000209808357	102.20200007677064	73.76199991166591
0.9980000305175784	66.16999996900552	80.43000001430516
1.4179999732971211	69.28000010654328	74.6820001411437
4.635999956130982	69.87000018060202	78.06000012874603
0.30600015640258665	65.34799997985361	76.63599997043613
0.9179998683929457	63.7100001378357	70.46200005292897
3.861999893188476	75.67800042867657	73.73200010597706
0.8040001678466796	69.78000005245208	70.54799996852874
0.45000019073486386	63.21600006103508	95.56200045108795
-0.20600003242492682	65.960000025034	69.15800003528601
1.2580000591278084	76.25400042057032	83.77400018692019
0.6779998970031728	68.7199999308586	75.49199995756143
2.012000026702883	64.28800023674961	68.41000015258784
1.654000091552737	66.05400017976758	69.872000207901
2.4159999370574967	73.34399999618533	72.9360002994537
0.07200007438659706	60.52000023722647	68.86799997806551
0.4059999942779546	93.72000011861302	78.07199977636343
1.884000034332274	64.1260000634194	76.46200004577639
-0.00999996185302656	61.756000119447656	71.01999994754793
0.366000061035157	64.1620000863075	73.2880000859499
1.3120000171661366	71.00399999380116	86.35399972200398
3.317999956160782	66.39400022625925	68.8260001754761
1.5240000247955312	69.43399991512298	73.79200002238147
2.258000116348267	58.289999954700455	77.23000011086455
1.2480000877380357	85.948000332117	94.47800032138821
0.21200002670288234	72.81399975240227	69.74200009346004
1.8040000057220473	74.15599997162816	81.00200024932617
0.003999948501587705	63.472000429630306	70.44399978160862
-0.14600015640258707	59.33600006937981	65.31799999237056
11.77199996948243	64.72800002560024	65.02800002411006
22.413999781608577	63.05599989801647	75.9340000963211
0.05999998092651509	57.724000036418495	73.95399990081789
2.474000053405761	77.11400036334993	73.68800022900095
48.855999698638904	64.09199992656706	88.21799993991856
-0.015999927520750037	63.01800004810093	84.45600026488309
0.2800000095367448	85.83399980783462	69.75400002002712
0.003999967575072783	63.68200004056098	76.70200000762944
1.3619999790191655	61.212000360488915	70.3540003418922
1.4479999160766606	62.39400002956388	72.23199987798917
0.4940000820159918	60.78400000810621	67.46799984931948
1.2679999732971174	63.84600015312436	115.51600012660026
4.49800000190735	66.3140001344681	75.81400004386903
1.4800000572204575	67.50000003054738	84.87200041770927
0.3200000953674307	87.35200027465824	79.68200027465814
0.44200005531311076	64.0799998617172	70.31000023067003
0.8580000114440928	67.59999988377086	73.64599997520443
1.7819999885559084	65.7759999072552	73.54599996447556
2.0599999523162853	65.38200008332727	74.84800005674362
0.7599999332427971	62.105999747216714	96.32400035813454
16.457999820709233	64.55000003814699	71.62800002574913
2.6880000972747795	64.37599995374681	72.82400003999469
1.5319999694824222	68.39200003862378	65.0760000872612
0.8200000381469723	97.86200035810481	94.26800038099292
1.4380001068115222	61.12200006961826	70.29000007867819
0.4080000400543208	78.29000013589858	68.77599977970118
0.3219998455047595	59.549999909400924	86.71600000903017
0.10200003623962253	69.19999996274704	78.00600021928545
2.0559999942779545	65.19800007790326	68.33600011110305
9.43399991989136	60.04000006973749	70.27400002717968
0.6319999313354502	64.77999993443481	67.3820000314712
0.5419999027252185	66.39400013446807	70.04600002527238
8.982000026702876	71.02399998426435	75.01800011873246
1.519999990463257	64.032000054121	74.41200011253349
1.994000120162963	61.940000069141355	106.91599947452548
1.5119998836517345	63.64799979090692	72.1660000514984
0.8940001392364515	64.96799987435341	77.78400031328214
0.47400016784668036	75.5059999418258	76.74000017762178
0.6600000953674323	64.80000002384189	73.96599996089932
0.2660000610351555	82.38200003385535	80.7640004587173
0.11600001335144096	79.58200036525729	69.87600020408631
-0.2600000000000017	56.10200013145801	66.26800019264216
2.606000118255615	62.90199980735782	70.61999986171726
2.085999956130983	61.8779999828338	88.04999976158143
2.8519999599456782	81.77800014615062	86.68799993276595
-0.7140000152587889	65.83599983215332	78.89200025558476
-0.5559999561309816	73.74400009870526	64.96599995374676
-0.45200005531310905	65.00399998724455	88.39999958276749
1.2780001258850107	60.77000019356608	80.91200005769731
0.34199987411499183	63.60000010848045	66.52800011157989
2.077999944686891	61.47200010299679	73.76000017166136
0.5740000343322758	61.72799985408785	77.49199968338014
0.32400011062622114	59.79800002455711	66.62600000739097
1.1779999637603749	74.06799989700316	120.81200042128567
1.264000043869019	71.16000004291534	88.71399953842159
1.5580001354217508	61.352000000476835	69.43600018501286
-0.028000030517577323	70.26400005832312	70.37399996757507
1.225999927520753	77.19399981975549	70.9220000681281
0.5839998531341548	69.22399987220759	78.41200008869178
3.1859999275207547	119.89399968743326	88.83600004196167
2.008000059127808	66.93199993491174	70.24399993896486
0.6959999084472652	59.83799990415579	70.6379998159408
0.5280000686645505	74.64000005722053	67.36399990081779
1.6459999275207495	67.22200001716614	75.29600010395053
1.5879999923706054	62.44399983644489	69.92799990653988
0.846000022888184	59.7979998883605	99.80200001120572
0.39800005912780884	63.16600011229516	74.39600019216535
12.950000085830709	59.84400013685224	73.6819999217987
0.9160000610351576	83.43399997711178	67.40999990105627
1.4839999866485605	75.91000004947182	80.63400028824809
1.2640001487731927	69.14999991491436	102.71600005030632
1.689999980926515	65.58599996566772	79.77800018072124
-0.009999980926514378	72.1899997854233	65.80999993324278
0.8000000858306894	61.310000031292404	86.15199974060056
0.473999938964845	61.791999808549846	67.49000003814696
2.0100000381469743	63.657999827861815	67.54000009298325
1.5720000267028829	59.88199988126752	73.02400012969962
0.4719998931884759	70.07799993276595	68.58200001239773
-0.3320001411437971	64.57600007340311	80.07400006294245
1.6120000171661393	71.08600004047153	77.76400024414062
1.6880000591278097	64.95000012397765	77.58999979346991
0.34200000762939364	81.99800033092498	91.72199991583831
10.226000080108639	56.457999783754374	74.05200002908714
1.2259999561309805	68.07999984011053	73.12400013208388
2.2059999752044686	63.81199993491172	69.63999990105631
1.0959999370574938	61.1759998524189	74.99800027132042
2.1679998874664324	70.86400006771089	75.5419999444484
1.7120000553131098	70.9379998230934	77.62599975585941
7.975999860763551	71.60399989128116	66.0859999895096
1.708000087738037	69.2480000197887	74.548000125885
-0.8560000038146987	60.189999990463214	85.99800037294621
0.1780000209808336	80.7499999739229	74.60799993991851
1.724000129699707	63.69800007700925	77.6540003442764
3.960000133514408	56.150000129938135	63.6719999217987
11.73399996757509	71.99400002121918	71.84400012493128
2.640000057220458	63.57600000023844	89.21799978017812
1.3460000133514414	62.509999910592995	74.84399993181229
-0.3159998607635493	64.9799996089935	82.20000024795529
-0.5599999618530269	61.139999976158165	113.16000039935102
1.0159998989105212	69.89999967455863	80.83799997568133
-0.03399999618530312	71.49600016593931	72.9880001816153
1.8600000000000008	61.69800010085104	71.14200002670286
1.3959999847412112	67.13200001955033	79.78999991133813
1.1679998111724845	75.29000009298319	72.00599984645841
2.0339999961853032	61.24400007724763	72.91800025224686
2.356000108718872	69.13999986052514	78.11799973011014
310.01999956846225	250.15399880543328	504.3539983148875
-0.5839999771118163	61.34399990320206	69.45200009435416
0.03799988746643199	69.94600044488907	73.02599992513657
1.8939998817443835	63.68800005793572	71.0100001573563
0.7540000152587895	64.17600006341934	78.58999989122158
0.13999999046325604	57.579999940395346	71.52199986219402
1.5460000324249275	72.0540000712871	73.89600023835894
0.48199998855590775	69.86400000810627	67.80999999284741
1.0239999675750724	65.2279999709129	73.58999990344053
4.184000148773194	56.990000042915334	70.34200021982195
1.6820001029968261	59.14999994993209	85.02999998331072
0.856000051498414	62.26599996775391	72.43799999237056
1.181999893188477	59.7500000786781	71.62599995523686
0.2920000553131107	65.72800010576839	71.4559999704361
-0.9360000705719007	58.506000146865844	78.55400002717974
0.45599991798400885	62.00199972152706	70.572000002861
19.285999951362637	59.311999845951796	91.6500002932549
1.7060000133514392	64.10200013875954	71.53800013869997
1.029999961853029	57.825999919474114	72.7800001883507
-0.5240000247955336	65.83800030231475	97.28799986720088
17.47999997615817	61.33799991607662	67.74000021457672
2.742000074386597	61.30000008106232	72.27199986934656
1.5000000095367423	70.96599982500072	70.95199991345405
0.21200014114379911	53.89799991518256	70.40200005054471
1.1219999408721937	60.4479999943077	66.07400013446805
0.3340000057220473	70.90199985310436	94.12799976825721
1.3359999370574958	74.37000008106232	74.06000005155798
1.520000009536743	68.23199996471405	73.90999990180131
0.6999999427795415	104.44399969577793	66.80399986773729
0.42999995231628424	67.78599993497133	111.77799959853296
1.4040000247955313	68.57200017929077	96.70800003573291
2.0640000247955292	62.37599996045228	76.41000021457673
4.288000106811519	63.05399997055527	69.40000005632642
0.9259999561309801	67.48400002002711	88.13400051355367
0.22799992561340454	68.69400018215177	73.44799979925156
0.4439999866485609	63.97600005149838	68.35000000476833
-0.4699999427795409	64.15800026565793	70.17800017356869
-0.21199989318847473	65.56400011539455	69.89000005006795
3.93400017261505	67.02199972271917	76.41599993944173
0.6720000457763664	64.38399993896485	70.08600010871885
1.2820000076293927	66.04999988079075	88.89000007331376
2.2880001258850102	63.972000164985594	74.23200001060967
3.710000047683716	111.1660006146133	76.40400029346341
-0.28600000381469703	58.50599992439148	66.88399984836575
-0.011999902725219096	62.15199981331821	77.05400001764296
1.6500000476837153	66.67399988844991	72.45400013923643
15.714000134468083	63.29600009292367	75.28000014305118
2.5479999637603736	79.66799985885626	80.22000007152559
9.49200023651124	64.29999983310692	66.99800011754036
1.5479999351501461	70.04600033760069	67.83799986362457
-0.06800000190734935	84.01600000321855	66.43400020599357
-0.3620000362396233	70.83399999186388	86.44599979043008
-0.22000001907348618	72.51800004869699	69.43999981760983
0.46799994468688816	62.03599976778028	68.90999995708465
0.20799985885620242	64.25800007343291	69.51400009155279
0.738000020980835	66.33599994182592	72.57599985018376
1.6119999599456796	74.09400005579	84.90000026583671
1.6679999828338636	65.70599991321559	72.38599994659421
-0.18599996566772423	62.388000001907315	83.51400020122539
1.520000085830688	62.90400013923647	72.96999999046324
-0.3460000038146972	66.42800033807752	76.51399989411226
1.2880000972747818	59.36200003385541	119.90000049307943
1.3080002117156995	61.59999999761577	70.17200003623962
1.30000005722046	63.39000020384789	82.07999991372228
1.131999931335448	71.0600000768899	155.14799950122827
0.21800008773803578	81.49600023642171	86.12999967366456
1.07400001525879	62.48399999916557	69.00399998903274
0.6720002079010023	63.873999946117415	72.70199999153616
2.4880000877380355	65.76400008082388	67.84399996995924
4.672000017166144	62.80199974834927	67.53799991607669
