96.73599995613097
61.26199996948239
19.33200029373167
20.88199989318848
14.707999887466428
25.306000041961667
13.872000198364262
34.52200002670288
10.247999830245966
10.203999996185306
7.980000028610224
6.98400022506714
10.09600008010864
50.788000020980846
13.377999992370595
15.32999980926513
17.59999997138979
1.4860000419616712
31.884000158309924
10.532000017166142
11.014000053405757
34.573999662399295
27.080000085830687
34.089999961853025
13.915999994277954
12.993999996185305
14.012000055313118
6.213999948501586
22.11599996566773
29.338000040054325
11.198000144958499
12.29200004577636
29.78600011825561
21.084000043869025
14.382000098228456
8.382000141143793
233.3939991950987
156.19399947166426
22.043999900817873
13.674000015258786
15.803999977111813
5.5120000553131145
13.294000120162966
13.926000070571906
13.505999898910511
17.981999979019164
38.66800000190736
17.032000083923357
8.502000083923337
11.76399995803833
12.509999876022349
14.274000129699706
12.86399996757508
31.724000082015998
8.410000009536743
32.908000259399415
16.24200012207031
33.70800012588499
21.397999901771538
20.069999799728382
28.356000308990488
27.054000062942503
18.397999916076657
10.942000007629392
41.88400024890901
11.02799977302551
72.05800010681153
17.910000038146972
45.220000076293935
5.536000032424919
22.932000055313097
36.192000207901
23.339999971389773
68.0779995918274
42.26999978065492
24.403999872207642
33.77600006103515
15.556000022888187
6.960000085830689
15.810000114440923
7.825999984741214
21.724000043869026
23.645999956130986
12.091999883651729
14.823999881744383
18.881999788284304
13.68399993896484
20.353999919891358
12.538000125885002
16.312000017166145
13.965999984741218
23.565999898910526
7.344000129699706
48.676000175476084
11.81599989891052
32.23800034523012
11.635999917984003
14.734000024795531
19.350000123977654
20.838000173568737
19.50200010299683
14.275999994277969
81.93799943923946
13.16399995803833
29.723999814987195
46.181999740600574
35.30599988937378
107.02199919700615
8.200000104904175
13.793999900817873
14.176000137329103
10.830000057220452
22.38800014495849
8.624000196456906
7.778000192642213
32.63600001335147
19.68400005340575
21.57599993705751
10.295999984741199
22.123999881744385
25.038000078201314
25.336000070571885
48.19599996566774
35.53799985885625
32.03600002288819
120.79000087738034
18.588000068664563
18.158000164031986
34.951999912261925
11.733999967575073
49.906000022888186
271.1080001163484
4.851999965906143
9.094000148773196
17.04799991607666
73.14799965858462
7.034000034332272
23.886000032424914
6.953999967575067
16.2860001564026
7.2799999618530284
6.709999837875366
59.86599970817564
15.780000085830688
29.291999711990353
11.071999988555909
11.000000000000002
21.33799982070925
11.439999980926501
16.471999807357797
17.380000028610237
25.704000120162952
58.79800040245057
19.185999879837038
23.504000167846687
16.43999998092652
14.334000034332272
12.564000082015983
33.79999997138974
5.213999938964843
52.58399973869322
34.169999914169296
55.7100000858307
37.1279998493195
30.516000127792363
14.710000038146973
31.7979999256134
50.732000131607066
27.00999975204469
27.681999826431266
36.496000070571895
6.0619999504089375
46.093999967575094
4.086000013351439
26.17399982452393
25.15400016784666
23.296000061035155
15.522000141143801
13.884000091552727
19.798000106811514
9.25599992752075
12.307999830245974
22.285999956130983
38.66399980545049
27.24399993896484
9.227999992370606
16.767999954223637
19.29200015068055
13.048000078201289
10.91400004386902
375.6819973850249
22.16600023269654
7.938000221252443
28.11800007820126
26.570000152587884
12.90600007057191
10.26000005722046
245.85599925041203
9.485999946594239
11.215999927520746
27.923999910354627
25.053999710083012
102.1760004234314
45.95800019264221
23.357999830245983
22.853999900817893
22.21999998092652
16.806000137329086
24.50200003623963
8.039999933242793
45.623999500274664
7.165999975204468
11.284000062942502
8.691999998092653
14.2399999332428
14.09600003242492
20.523999853134157
27.527999887466425
25.6339997577667
57.44399970054627
9.96600009918213
23.894000215530387
7.892000112533573
8.233999958038332
9.98800008773803
19.423999996185316
16.93599999427795
24.640000038146965
60.817999687194806
81.1399995040894
5.695999913215639
5.871999940872193
22.1300000190735
23.234000225067135
12.018000125885004
7.751999950408934
13.037999963760372
31.03199992179872
16.01399991989136
43.35800006866456
42.72199978828431
33.14800019264221
15.485999937057493
25.993999967575075
13.271999902725222
21.325999879837035
58.38200000762939
5.221999988555909
9.872000064849859
12.86599996566773
35.95399984359741
10.084000062942513
54.13000003814696
15.399999961853027
56.62800002098083
219.39599999427782
16.02599997520447
146.24999919891366
5.49000009536743
13.928000154495228
21.746000232696527
34.06200000762938
19.3259999704361
8.171999979019171
14.88799999237061
44.296000022888165
10.890000076293962
15.05000020027161
25.09199987411499
18.059999933242782
34.56399998664857
165.86000000000004
25.394000263214117
15.313999967575075
65.7379999923706
113.08799970626829
12.318000240325933
47.36799962997438
21.803999948501577
70.39000017166137
20.915999917984
73.21399971008303
49.05799992561339
22.853999738693243
20.12400018692018
34.107999992370615
33.83800001144408
26.650000162124627
26.931999998092657
14.036000213623053
11.44599994659424
18.341999921798703
11.036000108718877
21.542000026702887
30.3360002231598
12.34199999809265
14.616000061035157
7.367999963760376
36.375999555587754
287.34199891090367
18.899999876022342
22.607999877929682
5.179999961853025
13.74800008773804
48.27799986839297
14.918000135421764
44.110000171661376
134.0460000991821
135.3659987354278
4.954000101089478
24.575999917984007
42.94600019454953
19.18599994659423
23.873999805450445
10.186000003814701
15.343999910354611
22.331999788284303
80.57400049209592
13.18600012779236
7.963999948501587
14.573999919891358
16.62399990558623
7.211999969482421
19.18400004386903
30.449999952316293
13.158000087738035
18.611999969482415
17.73999988555908
37.724000082015976
12.348000001907343
9.16400010108948
7.938000068664552
10.031999988555919
55.54199993610382
99.63199967861173
83.94800009250643
7.507999925613409
40.660000114440905
45.951999683380095
15.231999864578244
12.201999902725214
92.20000003814695
15.40600014686585
18.427999944686892
34.929999971389755
28.794000005722044
40.06999987602233
12.646000041961676
13.044000110626216
14.415999860763547
86.12800044059752
13.161999940872201
12.866000013351428
10.548000125885
14.747999982833864
29.53400000572203
13.79599995613098
222.85600023269643
19.024000167846655
13.98999997138976
30.28800008773803
21.255999937057492
45.22599991798399
24.330000200271616
25.287999505996705
23.2180002307892
36.36599986076358
9.403999872207638
4.605999860763551
29.69599991798401
209.87399857521063
20.201999893188468
154.99199936866762
25.119999847412124
29.405999851226806
10.681999998092644
69.01999954223635
55.31200075149537
8.143999795913697
