20.600000143051147	59.884000161886206	67.88400001436473
109.18199966430666	74.26599992394438	71.21400015041229
161.40799951553348	66.46400002956393	66.24399996757508
21.073999958038335	78.088000010252	82.71800028324128
211.6580003261568	59.01599991440774	67.07600004673012
2.740000038146974	76.38199961483475	65.38000002861018
24.233999986648556	74.24600020647044	68.58199978113166
1.1540000247955304	74.98199997082361	79.65800027847295
5.864000129699707	64.92600021362301	64.62800018906589
37.89399986267091	77.71000032424926	72.3620000381767
3.726000003814697	64.43399999514224	68.31800021171567
7.610000005960465	63.25000009447331	72.27599991321557
42.860000028610216	81.65800037324423	72.65599984943869
-2.3560000991821313	61.81799997866155	59.021999778747535
155.45799948692323	81.26000013664363	70.16600000619887
50.43999978065492	60.3819997662306	66.65599994301806
2.496000175476072	66.76000008463862	75.87800008237362
0.8200001144409177	74.55199987649914	66.15599990844724
0.86799997329712	69.9079999735952	121.5240001547337
15.417999944686885	65.39200003623965	68.13399998947973
24.31199994087219	69.82399995803833	69.10400007486342
0.15800004005431967	67.34599980771533	80.33199990317225
0.4499999999999989	75.40399972677224	73.00999987959865
2.6920001029968237	74.36000026464465	77.90199992597096
2.456000080108642	70.03199983924628	68.35999990731476
0.4199998855590814	70.3919999587536	66.44000003814692
57.13600012779235	64.83000002205368	63.37200001910326
79.20999979019167	72.07200004100794	97.10599955439568
0.5660000324249274	64.14200008034712	69.94600028514864
-0.4339999675750725	94.04399960130455	72.20599996298547
1.756000003814698	67.24200003266334	67.53600013256067
1.319999990463257	68.12200007438656	109.40800054311754
79.70000018119804	59.80799993038176	71.29599994897843
108.19199926376345	67.15800019383427	66.05799996256825
6.136000146865844	68.81600007653232	100.73400007963181
0.04600007057190113	71.59000026345254	85.66399989604946
0.38400003433227564	62.92000004172324	76.0200001573563
15.936000032424928	69.3340003094076	68.64199987769128
123.34599978446958	62.096000070571854	84.38399998515845
13.783999962806705	60.47600012063983	77.68800045251847
46.81199995040892	68.10400004744528	68.11600019454954
41.88999976158143	62.95599990844728	68.48199990630141
476.2619980430606	81.65600027203566	70.03399987697601
42.5319997692108	85.43000006675715	68.03000008761887
0.4080000686645493	62.47199979946022	63.955999822616526
0.06799995422363155	62.594000175446304	86.18600042104724
-0.1639999294281016	66.28200023084878	68.1360000813007
10.890000219345088	61.88399998247613	68.86399997517472
73.4799994659424	65.69400003910066	73.48800007343293
1.444000101089478	59.63599996089934	68.39799984216688
18.77799992561341	63.74600006103521	70.32800025463105
24.018000068664538	61.52999975085259	67.52000012874595
2.89000002861023	66.34599998235703	71.62000011920921
86.0300005149841	63.730000146627404	96.57799991324545
16.863999834060678	66.03599989891057	71.42599998474121
5.459999990463258	61.90199981346724	64.43400019645686
7.75000008583068	60.44200007796292	80.332000014782
-1.360000038146974	62.851999883651715	67.89799991607661
56.103999834060694	64.17600013375285	64.84400000095368
-1.1459999561309813	62.100000183880354	73.14799982070923
0.629999847412108	66.70799989700313	63.7820001010597
4.3640000343322765	68.67199979588383	74.09800004377952
2.2420001888275136	68.06999972537163	73.92599976331
4.222000093460082	78.05599979236719	64.08200004100797
5.576000242233279	72.12599976107477	70.2620000171661
38.062000045776394	60.040000009536776	64.20599995613095
6.277999982833868	65.26200036764146	115.88800002798429
3.6379999923706063	65.92200016736989	77.68999978780742
26.412000026702895	73.38000007510178	73.0039996957779
120.82599966049193	71.17800028115512	62.16599993824957
189.11599872589102	65.32000010490414	70.15600015833972
-0.706000118255613	63.295999847650535	64.8299999761581
208.03799861669543	94.84199986726048	71.11000021457664
0.40800002098083393	67.41600022673605	73.27000000953669
63.51200022697448	62.072000026702895	73.62999975875023
170.7199995708466	69.32399992465969	84.93000006437303
-0.3460000991821279	66.92799999117847	80.96600011378531
11.317999992370607	66.67000008016821	67.40799975872035
41.66400001525881	64.36599995374678	70.41200004100796
-0.05200003623962256	69.6340000474453	72.54000016689298
13.03999983787536	78.2079996478556	85.43000023603439
-0.3180000114440928	65.88000000059608	72.52200002193457
184.68400001525882	68.07600007295606	119.77400006771079
-0.647999954223634	59.866000074148204	70.48399989843371
-0.8620001029968248	75.53199973046786	65.16399993374942
59.44000001907347	58.48799994170666	67.27999980449674
189.12799964904787	64.79800016403199	68.29800027847293
193.62600006103506	64.82599990367888	73.04599999666215
35.1079999732971	59.46600004911418	69.4119999837875
3.214000015258791	63.650000071525554	71.06800031110643
53.53600014686584	61.582000281065724	68.44600009441373
1.908000116348268	63.72799981117248	65.76399997949594
16.620000028610228	69.56799981117241	68.71399984359743
44.045999994277956	83.12599991381163	69.02199985638255
11.16799998283387	61.03999994754794	75.32000000387423
58.54799991607667	72.8419999876618	68.19999998807906
0.9219999408721914	75.73199993610372	69.94800023034212
1.0339998626708966	93.30599996089938	68.31400005221363
11.335999917984012	63.567999947071044	109.25799947440628
108.21999988555899	62.8660000216961	74.43399973392478
3.626000089645385	73.21000034570694	66.00800002098082
21.455999803543065	58.23600009590385	70.50799999713901
-0.10200007438659671	75.03199999511243	68.35399994373316
-1.4039999294281011	60.20199996739629	77.02799975395205
8.18599988937378	65.57400024294854	64.2040000206232
2.441999979019167	63.65800007820126	89.2719999694824
-0.5819999504089354	68.7739999961853	64.81799996376034
1.0539998722076425	78.32399998068811	67.01999991893769
105.5000002670289	65.56199999988075	91.64000019073498
-2.901999921798709	63.68599988460536	96.39199970752003
221.66599898815156	190.6679990792273	182.56799946308138
-0.5899999332427989	62.95399994492531	96.47400047421456
15.85199997901916	72.6040001392364	68.08599997997283
7.254000110626222	63.13999988079069	74.62799972742806
31.872000083923332	63.579999978542354	74.37599998474127
114.55400015830995	67.34999988794327	76.03200007945296
20.60799990653991	69.37000041127202	69.88800009965887
-0.2020001220703124	65.07199980020522	76.7460000276565
0.9219999980926519	62.62399998903277	80.5460002970695
0.3400000667572013	64.51000007152555	77.9920003080367
51.57399978637693	74.90399983882901	67.98000037193299
14.736000061035162	79.68400012388821	68.8059998817743
0.29600007057189853	63.6299998599291	96.66600053071976
2.378000059127806	64.8699998140335	70.1120000314712
0.4400000000000001	78.164000030309	72.71599981307978
0.7380000114440911	63.067999936938214	76.23000022172931
0.527999982833862	69.36000010848046	65.73599998474121
-1.0200001144409185	67.7439998722076	86.76800003767016
9.49000017166137	59.30399996995926	80.9760001504422
22.7359999847412	65.57000000596042	90.50000000879163
50.62600019454953	60.28000004649165	66.1640000391006
0.9539999485015878	64.83999987602235	102.17799952819948
3.152000007629394	90.56799980878819	93.55600008696315
12.887999925613403	78.35999986082311	79.34999998569486
1721.901978822945	50.02400039508939	63.02399959117172
4.795999965667723	74.68799998134367	96.84600035086274
1629.4139797937844	47.84199993088843	62.333999560624406
1769.8939779472335	49.06399982690809	97.15999979287386
1698.767978607416	48.845999518334814	98.44000001430516
1773.1739780621247	44.262000422775756	89.93400006979714
1786.5259781885097	48.34799968317153	60.63600005328652
1771.1639784407666	48.90200000703335	70.76200080275537
1749.7259783315599	47.11200066611171	71.91399969786409
1730.127978575226	47.83400003328921	63.785999149680144
1773.5959782981927	47.06399992570281	62.72400063991549
1956.5319756126426	48.051999743580815	66.65000106275082
1575.6139803481087	48.62400038272143	57.46999948143959
1961.383976593012	49.482000534385456	65.06199998512865
1758.041978228086	47.612000257819936	57.02600135445595
1768.1779782372676	47.86600014090539	67.30200061723588
1566.2259805619708	47.45000001192091	49.01600020542738
1762.217978867287	35.49000006198883	36.63599903717635
2.0159999084472657	64.40200000181794	80.44999995350835
1612.1119802242529	47.41599952399734	49.95599994033574
3.0100001239776617	62.90000013351437	70.70400005057459
1957.9539756965594	48.79400042191154	74.80199992135167
1867.3559767675454	45.21400002270936	74.05600053548805
1616.8959801614321	50.665999850779805	69.48600095003843
1583.9779801511752	43.79800019562244	69.45000022649768
1710.723977996412	47.459999326914584	67.50400080755351
1728.6919786024055	47.62800021141768	51.16799959540369
1666.1839794826562	46.479999809265124	57.231999684870225
1779.0039781236705	49.32000035554171	62.09199996739626
1619.2639800596255	46.8280000780523	64.94399992570277
1.1060000228881843	61.83000002861025	64.3340002346038
1571.1579807400708	46.71800008222463	59.79799937963488
1.903999919891355	65.42200015544897	70.61599981725219
1970.1319755554234	50.47200017914173	132.2540009158851
1487.7399815003587	47.67399982064967	56.95799975380301
0.830000076293946	63.28999977350241	68.61000018596644
1810.2159778880991	46.716000178009295	65.2339993579686
8.278000125885013	68.9040002202988	65.12800006508822
1789.993978977199	47.01000035360457	83.08399898529052
1564.8859805178602	47.9139997409284	106.54200013518336
1595.579980138835	48.24999978899956	65.14399918913843
0.7480000209808332	62.264000048637406	80.08399984836578
11.408000011444095	61.239999969005574	81.16400007009516
14.337999782562257	62.78399987280373	65.29199983716009
1.036000032424926	66.45599997580051	74.95800013780594
-0.6320000267028795	67.22400020360948	76.59400000661611
18.55000000953676	67.06399981617929	68.82000021696089
-0.8620001316070556	69.41399993419644	74.54999994471665
-0.005999965667725302	64.09600029766558	62.67400009632111
10.004000186920171	74.71599982857703	65.85200006484983
48.215999956131	77.13200002163636	69.36200006723395
9.262000093460085	63.86000009343023	66.99800010323524
30.366000108718875	60.42200002431869	71.0860002827645
-1.4200001049041726	61.96200021028516	67.2379998970031
14.419999847412104	62.95800013855098	73.36800014138221
12.000000095367438	61.16600006014111	67.68399993896486
39.08799998283388	62.9379998373985	85.10599994182587
111.9900000572205	84.10399988353247	69.09400000572207
7.781999740600586	61.09999989747997	86.72600018501286
1.09000008583069	68.90000001788138	70.4060002231599
-0.9179998874664316	70.25399990856646	69.3199999988079
127.94799916267395	62.578000080585426	66.41400031089782
78.6419998073578	66.6100000083447	68.33000026613472
2.068000059127808	62.507999966740584	83.68400007158516
0.9700001144409168	71.67399962067599	111.56599946305154
10.390000009536754	61.52000013589851	64.71000000566237
80.36600045204162	60.734000101089514	68.97999997437006
0.2619999885559066	95.46000047028063	67.40399991273877
3.152000074386593	66.68400015115735	68.08000013828274
13.11199993133544	67.4779996871948	73.74600014209751
21.548000249862696	72.22600004956114	71.720000090599
1.6719999790191657	75.269999922961	71.42800002217294
0.01999992370605592	64.28999999523158	77.33800010085105
310.2659979629519	59.251999692916826	93.56400029659258
19.1320001411438	68.34200019836418	71.59199995994565
31.523999643325812	67.20200020313257	72.14399996131665
99.23799970626828	63.12200000479818	70.62199987411492
1.2000000190734867	61.06399986743922	68.88399996757505
2.8639999580383306	66.62600013971326	65.27200006961819
1.2940000152587876	59.92799993991854	65.20400002956389
38.32200016975405	61.981999945640595	66.70599987655876
15.33599992752076	62.90999974191191	66.16000014781946
1.3040000820159905	60.742000042200075	91.31999954700473
7.091999940872192	69.25999979734421	65.5440001821518
13.726000041961669	65.68599997043604	69.04400021076205
8.433999929428106	93.24000016689305	68.94999983429908
1.187999811172486	67.4560000413656	66.61200015544887
7.1080000591278045	67.97199991226198	65.71999990731484
-0.16400000572204462	90.74200023651125	79.18999984487895
-0.15400000572204592	64.33599988743657	74.05399995565409
74.27999997138973	94.10600059628499	71.2940000024438
80.47599976539614	60.42399989485737	67.81999998450274
9.557999944686891	73.87400005102155	74.21599973559384
9.842000017166141	95.27599941730504	81.93600016772747
111.61000066757197	69.05999995589254	71.93400020599361
2.549999990463257	66.68599979460238	65.60999992012975
7.085999927520751	89.90600008845328	67.08399995625024
33.34800027847291	64.61799968093625	71.12399977803234
40.18000010490416	75.79599998474123	75.42999994993203
235.48799983024597	80.49399990081787	67.11200009226795
45.76000008583068	73.83999968349936	65.72800014257426
117.28799971580503	68.61800030231468	89.23800014734273
-1.907999916076658	73.93999973237504	77.6300000074506
-0.07399993896484333	64.1080002260208	65.14999990701675
9.36400004386902	62.1860002064705	81.7780001759528
8.944000024795532	65.67400004595522	65.00999995708463
58.189999675750755	83.3099998265505	78.63800025463095
21.64400003433227	66.8460000485182	75.00599980354312
41.46200017929075	65.54999985694877	67.02399982452394
1.138000059127808	65.0320000380277	71.88399999856945
11.539999732971197	67.74799969673155	66.29799998760224
99.52799982070928	79.78800010085104	65.06200002908707
3.2460000038147006	62.05199999362226	69.00400020390752
2.6919998359680193	69.90599999070166	77.37400001585479
-0.8579999065399169	59.23000002071262	89.2939998221397
1.5720000553131093	65.91600005030635	69.96199984073634
87.90400046348573	67.22600011706352	75.36199997901912
1.9920000457763671	60.63799998283382	102.33199972450728
46.01800049781801	61.592000179290714	65.59999999523167
0.8600000476837163	65.6799998727441	66.34000015258786
-0.03800005912780846	74.90400054931632	74.97999998569483
156.12799864768982	64.04999987363819	65.42200010657317
157.08000008583073	64.7100001180172	85.15799970865241
129.51600025177004	142.67599916249512	163.92199953749792
-0.27200004577636616	69.93599988818167	62.88000006198878
43.25199959754944	65.95199995279319	68.69000005245213
116.73799994468686	63.738000016212425	70.21600007534029
0.1219999694824227	74.89799994349478	62.82000005364418
54.75000019073487	66.93600002408026	73.36200058579449
12.234000072479242	71.21400021076192	68.05799993038167
-0.3119999122619613	61.14800000667571	86.14800011917943
12.014000062942493	70.39199985384934	74.07800000905988
-0.9340001010894792	64.91199984312053	77.91400033473967
0.41400003433227706	78.9519999217987	110.97399929285051
393.9819975757604	60.90199994564055	73.10000001907342
2.173999986648558	69.18199992179873	74.19400006771087
105.35599983215339	58.08200021490456	88.16400059223173
44.498000020980854	66.25400012254714	69.64000012397773
6.900000019073486	66.64599991083149	73.80399967670449
-0.14799997329711925	72.65799992799765	64.55200004056094
1.9939999961853037	63.569999928474445	74.541999976635
1.2040000152587897	65.38799997448919	68.82600002288815
6.014000120162966	62.324000177830484	67.24800015449517
45.27800023078916	64.37000020802019	66.83800012588497
3.1000001430511466	63.460000085830686	88.37799996376047
20.422000131607046	80.10999985605473	76.48400007247926
3.2780000019073476	66.06599984675648	61.50399989128108
-0.003999967575073473	61.71000002622605	76.84400019645688
2.2160000991821285	77.22199990868567	70.87999998092646
-0.2920000171661394	75.44199985086918	70.99000002861014
-0.21800002098083643	65.70000019311902	63.85200012683869
52.58600003242489	59.493999992609034	67.19399985074999
23.776000041961673	63.730000116825046	70.09200007438653
144.0359992504121	64.22800023078923	65.42000005960465
45.305999717712474	68.69199997186658	72.02600011646739
33.55200011253357	67.76799998909237	81.06199993371972
68.01399990081786	67.76599987089632	73.41400005340566
120.7700002098083	64.16799996614452	73.17799984395502
4.34399985313416	60.22599995926021	67.07399978160858
39.55600017547605	80.4739998197555	71.3939999008179
1.2660000705718975	66.86800000190735	67.14800000220535
-0.415999937057495	75.45600020170212	118.40000068858271
41.057999858856164	65.47000016614794	71.564000108242
26.588000202178957	59.005999937057496	68.29800013422964
57.00000042915348	83.32999989807612	69.74200014650819
1.0979999923706072	62.66200007557868	73.77800004243858
65.49400006294249	87.29600001603367	70.42400041580193
37.268000068664556	68.33399968743322	72.33999996662142
16.852000007629385	81.39000028848648	79.09999994039538
50.76199976921082	59.689999883174885	77.68000007689007
-0.1179999828338631	63.30200012624263	67.80800026357173
49.557999811172465	75.2099999691546	65.17999995708459
4.254000043869016	65.09999984085557	64.63599993705753
0.09400002479553057	101.02399929583075	88.87199988842015
6.459999980926512	63.06000018119808	65.01600021243098
73.9959994125366	64.0819999408722	69.6599998950959
63.668000125884994	66.80400001525871	67.57000014305109
17.85799990653991	78.84799986004829	73.07399996757508
0.5699999427795402	66.19800020694736	100.60400019764894
247.31799828052533	63.57400006771088	76.12200011610987
-1.0899999523162833	64.01999997138975	66.6800000381469
0.42600007057189915	83.67599981784818	83.24000010967254
69.5139999675751	65.96400002837177	67.26600004971027
44.91800009727478	69.93000004455449	113.96199977755536
6.971999998092647	97.80999966740612	75.01599968433375
0.28199991226196297	69.87000009268517	73.35400003433229
3.479999990463257	68.73200002640485	77.27000051498413
11.176000108718878	67.82999986723064	65.11000003814698
50.97599952697753	58.812000033259366	62.865999975204495
-0.7260001182556157	63.8680001306534	77.49800006270412
9.427999935150144	62.98400011539458	72.15800020992756
2.5099999904632555	67.1360002064705	144.38600032448764
-1.1500000953674299	65.62600005209438	96.74599968433391
311.9859990167617	62.52799999058247	78.3880002403259
10.242000036239629	64.80199995279311	68.42999997019763
1.1699999809265147	64.531999874115	71.89399997949594
48.77599995613096	61.17200017333037	69.05800003051755
18.637999830245974	65.49399998426433	63.68200009107587
0.5979998111724862	64.79600023984902	90.344000105858
2.3620000743865974	66.50800000965593	62.57200021266936
21.404000062942494	63.28200013041498	64.02800031661987
3.337999954223633	65.52000035285947	64.70599976971742
-0.5020001125335678	65.2720000767708	57.076000168174474
94.19599966049195	73.99200026154524	73.24399998962875
-0.7540000820159904	61.10600002765651	66.63000002086167
62.71399993896488	67.94600009351967	76.03600017786022
18.20799994468689	70.09400024011725	69.2940001010895
140.44399941444394	74.0179999601841	71.98400021791458
165.0739988589287	66.75199981689452	91.27599984318032
39.84199999809267	69.0420000469684	70.54400010585793
209.05399941444404	66.43000008106227	67.90399986982342
79.28799975395202	65.6360000452399	70.14999996006482
140.16000014305118	92.60999973535543	70.92400008678428
40.29799972534178	59.18599997758868	65.64399999380116
56.52000036239625	65.8480000972748	69.64199988365168
0.7120000076293959	63.83999999850988	85.00200031220913
85.96400013923645	63.93199993938203	80.16400014042848
22.167999916076653	62.83600002288819	66.81800008058543
53.444000043869025	63.71600016832347	66.43399996876715
1.170000200271606	61.585999946594235	65.30000010252
140.8319991159439	63.77200016260145	69.54999987125387
9.126000070571903	59.016000004410785	67.91000020980826
1.4460000896453866	63.07799994230274	72.65600020885464
-0.18600003242492652	84.97999995738274	90.4179998993873
130.15599998474124	114.19999968916166	118.92399998143313
0.589999999999999	60.38000002861021	67.88599984645842
1.5919999790191637	69.94800003439185	87.10000030726201
-0.9339999485015877	69.06199980497352	74.65399989128116
16.991999835968027	69.04600001811983	72.34800004959106
1.3600001621246334	63.56400005728003	69.0240001304448
-0.22600016593932973	71.76400007486346	70.39800023317336
53.789999990463215	64.17000004440548	67.99400005817417
106.82400023460393	80.87799981653686	71.75800009489055
20.219999952316286	91.82599960431463	69.47999995708466
32.752000255584726	62.408000141382175	77.55399979829781
1.0259999752044668	64.4280002689361	73.36600022792813
12.740000123977666	68.14200012445451	75.11400000572196
7.967999935150148	62.173999818265436	68.61200013160696
36.13800048828125	58.83200018882755	69.96800012588493
184.9740008544921	59.724000084847226	73.31999987795955
57.67000050067901	70.39199989676464	62.96399993419649
1.7739999866485592	70.71600020840759	72.35799974441521
35.060000123977694	64.232000207901	70.3959999275207
14.024000101089477	58.77799993038179	67.59800000548361
-0.551999959945677	61.70600003004078	71.07800013959408
7.991999940872195	76.24000021100045	64.1480001091957
24.900000076293956	77.10799985304467	77.33199976801873
8.663999996185304	69.0420001845062	66.45600002408024
1.853999967575071	62.24599986344573	68.4520000374317
-0.4719999504089342	67.77799996376041	69.54000010967248
31.227999916076655	60.47199997901913	82.42199986621738
19.832000083923344	59.927999985814076	65.23800011157985
1.719999885559083	65.88599987268452	69.80200033158066
1.9460000419616679	62.41399993181228	85.40399980306618
2.044000053405762	60.66799998283386	70.96199991464617
4.353999967575072	65.75999999523164	68.29800003245475
3.857999906539918	69.40199983164672	67.33000015258781
0.9000000381469735	68.80400000691405	71.04800005063412
-1.0320000839233399	59.952000222206166	67.42799991607662
-0.1759999370574949	81.59399988949316	67.06800007700924
0.03999998092651192	67.04599989652645	68.40200000286096
-0.3859999847412095	70.39599991559983	66.7460000562668
20.688000001907355	66.92600012302397	63.496000032424945
1.1800000286102301	64.79000009059905	71.82999984845519
168.40000022888188	71.6979998040199	72.68200013637535
12.088000040054313	69.67600009500978	69.43800016283987
-1.037999877929686	63.12800014019014	85.5639995634557
1.7199999523162837	93.39199979603288	67.1359999477863
9.62799986839294	65.57800024226304	69.05200006961829
9.022000026702882	59.78200001984831	73.50200002670293
13.918000078201294	93.00800006449215	71.21400002956392
32.48599999427797	72.18400029391044	69.36799986794593
17.14000010490417	72.90799981236458	71.11799982964992
61.286000413894634	58.32800001621254	70.49800015509125
58.44600043296817	59.20199988722799	72.99600000381473
-1.268000087738038	93.53600033521651	67.13399999022485
17.61400002479551	78.19000028729428	82.69800001576549
2.33599997520447	61.48400007724766	80.77600019454951
-0.03000004768371711	67.99599989652631	66.90800007224085
1.466000032424926	68.95000010967259	76.56400016784667
0.7360000228881857	62.312000115811735	63.789999833106975
10.781999998092648	80.65400017261504	68.05600009083744
1.7879998970031745	66.3620002174377	67.14800013065332
36.86599965095521	94.3300001899899	68.33800021648406
85.5599999237061	67.28400012016296	93.77800025805834
332.139998807907	59.53400000929835	65.51999997377392
2.1940001678466796	63.3239999294281	70.00000019073485
22.81399967193606	70.28399967312806	71.68000006958844
69.75199991226194	64.80400012105703	72.22200017452242
18.430000057220454	80.47200023099782	67.58399994492531
73.73600059509272	63.79800023555756	67.50399997234341
2.5239999103546125	71.3719998170436	66.08999997854234
-1.2200000286102304	69.24200004264713	65.53600005626684
2.8579999923706043	63.57999995708459	72.31600008487706
50.1999999332428	64.06199997901912	68.41200011447071
1.9800000953674297	67.07999988555913	64.43399990081791
266.59399929046634	61.64999988079069	71.3600001716614
0.0459999847412102	61.40199995994572	70.87600005269053
23.205999851226803	61.87599985718729	69.31199991703028
65.30200015068057	67.84599993512023	83.3560000997782
108.94799985885616	76.40799989417198	77.30199986457828
2.5859999847412123	78.15600007429717	87.5460003349185
44.70999994277958	63.555999921411335	68.11599991604685
1.022000036239626	75.25999994754791	67.75800018414849
-0.6199999332427981	59.36400031089781	76.15999983727926
1.489999895095824	64.5059999513626	63.33600009918211
27.99600004196168	61.69800013005734	68.62399996042248
88.66799987792973	69.61200004816054	121.96000033065667
19.161999893188476	65.50800024032591	84.72400033637877
2.289999942779539	66.01399978384373	68.00000013947484
49.11799982070925	77.26999987840645	65.93999976634983
4.934000091552741	71.90200050890437	76.6820001840592
49.01000034332277	65.8980004167556	68.03799989849333
20.141999902725217	63.926000041961665	76.82600008249283
132.5740001296998	69.29400000214578	95.10600009813902
-0.9699999427795422	64.84600007951259	69.2999999800325
6.718000144958496	64.9340001630784	70.40600016638646
1.6620000076293957	61.07200018405914	64.59600008919831
60.353999938964854	61.289999961853084	86.14999992489822
80.11400037765502	100.02599991589786	69.64999980419874
183.3879986763002	69.69800022035838	71.79999979734423
97.02600008010869	61.31800007581708	66.88200016379359
4.077999982833863	70.67399982452399	68.7080001497268
9.25600003242493	69.22400021463628	65.59200004577639
10.222000293731693	81.84399984434245	67.68799992352726
84.11600032806398	67.06200014352802	70.96200025558473
0.3020000553131097	66.11599994659426	77.04999978065483
50.036000261306754	67.61400000214581	74.56000014662739
0.24400005340576172	69.45600023627277	81.72599986553195
3.530000066757203	77.38400007605553	74.41399975776675
0.673999938964846	59.03599989444017	90.2299997064471
-0.5939999961853007	74.60399952411656	70.35399997234344
1.805999898910522	66.6060000085831	75.98199996709823
47.44599973678587	66.1819999265671	68.24199997067451
60.16400036811826	94.79000002145767	72.25600001096721
20.385999946594232	64.93400018453599	70.5319998788833
29.42199975967407	58.66999997615814	64.58599980115888
26.908000297546405	66.67600011348725	72.00400004148487
-0.7540000247955313	104.2580000574887	70.5840001952648
12.797999973297115	72.46799999043344	66.97000013351436
-1.5780000305175776	61.01799988195302	73.9100001847744
1.642000131607055	74.59599988162515	72.05599999427793
88.44600039482117	68.82599989891048	67.91399987697599
62.552000284194925	66.84199995219706	75.30599990725509
118.92400073051456	60.47199995666744	65.83600013136859
81.14999999999996	59.340000076294	67.02199981212608
1.691999979019166	69.54600005626678	76.43399995148182
71.40999986648559	71.57200008973481	71.46000019460917
-1.9959999752044677	58.47199992850419	71.83000000119205
142.12799950599674	64.4579997348785	87.88599991321568
76.63000012397764	68.04199979186053	89.37399998664858
2.769999971389772	63.12000042438505	75.65600022494796
5.450000095367433	64.30200011491782	71.7340000200271
25.324000043869013	73.45999977588654	93.12200052261352
35.259999742507944	65.59400016367435	75.98199993133551
164.59799968719494	64.32200008571147	68.36400009870529
76.85999959945673	78.0499998170137	71.50799993991855
11.58599997520447	71.69799998760229	73.43600002765655
55.04600004196169	68.60799994885917	123.82199947744601
76.36599981307987	64.92400024056433	74.03599993586536
111.45600008010861	64.8739997553825	70.22999993801125
106.27999967575066	78.79199967384336	71.13000015258783
-0.22999996185302773	66.38199991062281	126.39999894857405
1.8659999370574953	74.19400033473975	82.86599966794248
13.68400005340576	71.016000046134	69.16800014019009
19.200000209808355	67.1200001083314	66.01800008535388
21.723999814987167	62.946000026464475	67.98399995565413
0.08199993133544978	87.14600057661531	66.67200013160699
1.944000129699708	65.0519996954501	73.03200011402366
-2.0660000324249257	56.88400000333786	69.18200007528071
90.24199996948244	61.492000018358176	67.32999997422101
113.81399930000308	84.54200014114383	70.49600034713747
260.7019986438752	66.68600006103517	69.15199986934661
90.72400048255928	70.67800014227628	74.28000013709072
52.969999790191636	59.39400000184774	84.5119997242094
0.4240000629425029	71.26600009351975	97.63000039577487
41.66799991607664	63.454000024795526	80.46600010871875
0.0359999370574947	62.1280002593994	74.7640000987053
109.05400012016295	63.939999998807934	66.76399994850158
0.7459999656677254	79.67600008442987	73.29399982929223
0.37400001525878945	65.97400031685824	74.75800012350085
-1.08599980354309	61.40200011879203	91.62600037574774
99.87799978256223	56.890000168085095	63.948000197410536
132.1259994888306	61.737999999523105	69.1760001349448
8.374000053405751	67.9000002634525	68.49800023972993
2.813999872207643	69.2859999030828	73.53399985313423
41.43999980926513	63.08400011777872	84.67599978923803
9.35599997520447	58.76800012588503	69.2800001214444
17.255999975204475	67.15000022888177	70.23799996018406
2.2320000743865984	65.30200000762937	67.42600009918212
33.019999971389794	71.29000024914737	67.63800005555156
122.49600014686588	62.937999889850616	67.53200025558472
1.3499999523162831	77.26399991601711	70.66999985218047
18.55599998950958	60.21599998116489	65.18000018119812
14.826000061035158	79.89399981528518	70.85999992847444
-1.6199999523162836	58.738000086545945	85.41600039482115
60.54999983787539	68.68799997046582	75.0840002012252
0.06399993896484542	76.46999986171718	70.21999991416935
3.10399998664856	66.34600014328957	72.90399998247618
6.900000104904177	66.29000006675724	66.84000013828276
2.1339999389648465	68.17199995756147	73.5019997787476
24.540000028610233	73.18000009059908	72.78400004863735
23.164000177383432	67.2799997401238	69.0119999675453
61.796000165939354	63.10600002765654	91.8759996628762
1.6380000972747792	111.7700001969933	113.10799938470133
73.02000018119816	68.14000011444087	62.47800004959105
-0.278000040054322	66.06200016662476	75.5900001072884
2.174000024795535	80.53799992799762	81.4979998812079
12.670000238418577	64.6020002269745	68.3279998230934
85.68599907875061	105.93200038433073	98.95999964237217
0.47999991416931	70.74399998337027	71.23599985599516
-0.520000047683714	65.65799998760217	76.55800012111658
0.8659999752044668	66.23399998068814	70.79800006151197
-0.27199997901916634	66.56800000116225	70.71399994283917
-1.5320000171661392	70.24399993300433	79.63800003856429
29.75000005722047	67.37200008869173	67.8059999132156
0.27599997520446684	79.63599984064699	75.71799978077415
1.1820001029968257	92.67399982318281	70.49400008201594
5.469999923706052	62.17000005647539	72.05799989938738
0.5140000057220444	214.16599889040003	82.38599997043609
2.140000085830688	64.87800029754644	69.00799989700307
2.025999927520752	70.80199989438056	69.0139998739958
-0.8579999256134038	63.28400017976761	70.27999988749617
35.01600007057188	58.612000029087035	73.09200011491781
1.679999923706053	62.8739999061823	68.78199995517734
158.51800023078914	78.5580001497268	90.35200000524516
115.13399977684023	65.95800015881656	77.91800010204325
1.0780000019073472	63.779999894648775	68.21599998831748
9.90199992179871	73.88199996113777	67.4840002089739
22.26400001525878	67.89199993491175	67.01199998378752
12.576000041961667	63.87000000998374	71.30400015726687
77.93200005531317	65.37599987268447	65.86400020122531
967.2779893207551	72.01600026786336	73.19600000023843
11.552000083923337	65.84800001144404	74.39600039124497
10.031999950408947	79.90000014811751	68.61199996948244
82.93400025367741	69.68399977892638	78.56599952846769
85.71600003242492	64.4680000543594	71.50400002062325
2.1299999904632565	66.89200043678285	68.4280001735687
-0.41000005722045724	65.57400004863736	78.42800010442734
-0.34000003814697294	64.30799996137618	80.94200025558467
-0.7780000114440905	66.56199992522595	69.25999995589255
1971.963975639346	48.59000010460615	94.23199984073638
2.1839999580383305	63.25200015783309	66.86800014019013
-1.34799997329712	69.96199992850427	84.09000004559759
5.360000143051149	65.70599999189375	87.71000000178817
5.915999946594237	64.16400023549795	68.84599996089925
0.32799978256225476	104.38199990883463	95.06599941790093
58.91000046730043	72.44000005245206	100.79000007659182
104.76999995231633	66.5439999252558	92.12000000357637
33.727999973297145	68.16400002956387	70.31200019240383
13.46800011634826	63.94200006067752	67.94199991226192
55.31200014114378	77.51800008773803	73.80000005513432
67.85999977111821	68.3720000219345	72.00199975967408
-0.9080002212524396	84.081999809742	69.43399980977185
7.228000049591063	63.853999934196445	73.49399978637697
10.41399999618532	64.21399997174737	91.41400003910071
5.761999921798702	71.78799981594085	68.55400008678437
7.95000003814697	90.05200006008158	78.76400008201614
0.8839999580383285	64.77400001764299	77.38200019359584
10.249999856948854	62.75199988842003	75.68599997043609
94.63399994850161	63.9079999744892	70.33000002861021
203.66599944114697	69.1980000963807	73.29599980831142
-0.3899999713897713	63.4639998185635	63.39600013732905
18.37000001907348	64.55399975061417	68.71199980735786
39.601999683380114	61.833999698162074	73.86800006866457
-0.22000015258788974	66.53599991619593	69.91000005960467
11.00800015449524	67.77800013303758	73.69200018167493
136.015999956131	68.9239999461174	103.73000032067303
46.82000013351442	67.62200007915501	73.39799972534178
132.11399946212762	67.31799983978269	69.62400000691413
2.9099999618530292	66.62799988746637	72.69200026631351
150.59999931693082	64.87600015908477	68.6399999523162
17.45599996566772	66.70999996781345	65.74799990296361
13.341999950408933	67.31200004339212	68.03200000524522
34.52400032997133	67.89200016573076	80.69800003528594
26.162000083923342	63.13399984955788	70.54000011444093
-1.9019999885559065	60.85200023084874	67.55000016182659
0.10999994277954268	72.54799986153844	99.5139997880161
1.0760000801086438	84.61399963885553	79.2259999680519
27.230000133514398	63.101999771595004	66.79999998092651
28.993999929428117	190.93399909421794	186.18999956816432
52.130000133514386	63.08400006771083	81.5980001246929
243.53999790191648	68.0219999793172	70.25399988770484
19.13199984550477	86.28799947828045	70.42000009298322
1.922000074386598	67.96600002765656	69.70399994730943
36.51000023841858	77.52400014638903	70.57399970531459
77.7099998664856	73.30999997138974	78.08999988555907
0.7459998989105233	74.47200022086496	75.39400015354161
2.6079999542236347	96.67800046563147	78.50200024127955
1.066000089645385	66.09399997889992	70.18400015830996
1.391999959945681	63.40399994850157	93.10800025343902
16.971999969482418	72.25400017410522	77.52800024509422
5.148000030517576	62.78000007629393	70.18600006818767
-0.6639998817443842	60.03000006675722	67.079999961853
78.78399991035455	64.05400017261503	67.87600019097327
144.9719998455047	63.070000018477415	68.81399996757513
11.964000139236457	68.68200018882754	77.6400000989437
12.76400023460388	71.4200000631809	78.05400015354158
-0.2819998455047618	72.85000010788441	68.08399981021884
2.255999994277956	65.83000003397464	62.23200001895424
0.5659999847412115	58.847999978065424	79.98400006532673
5.784000082015989	68.1420001268387	69.46199984550474
1.316000013351442	68.47599981546404	73.63599983602758
29.506000146865837	64.00000009536741	67.05199997663496
2.267999973297119	73.4340001642704	71.95600011348712
6.779999818801881	61.674000148773146	66.61600002288813
11.624000101089479	62.512000035047514	74.1640000247955
8.455999965667734	66.1660002696514	69.10000004291537
0.24599998474121162	67.97799996376035	66.73999999403954
1.5160000228881847	180.2419994716347	67.64199991986153
13.168000192642205	57.56600003719327	70.13799974590545
-1.4800001239776595	66.03800015211104	65.40400009155275
1.6640001010894774	63.73999982595441	101.81999936461456
2.8879999256134017	65.38199997425083	66.69000001579522
-0.9760001373291006	73.99200012683862	68.59799993991857
50.66000040054321	78.42600017786015	111.9219996994734
22.10399996757507	60.76399981796741	70.94000030040735
39.39400023460388	78.42599979788069	83.77999960005278
22.918000097274778	70.77200001120565	71.49400013208394
2.7119999599456754	79.44799989938741	67.44000028610235
51.624000129699716	70.45400012493126	72.71199996948242
21.85200016021729	74.79999978423115	66.69199997663499
15.325999908447267	64.41800007149578	65.76399991989135
4.861999950408936	60.259999970793686	67.20399996519089
109.86999965190883	76.56800010398032	73.32800001144416
0.011999969482420582	74.12400031685826	81.62800019025806
35.340000114440905	65.83400024890896	68.34200012683866
83.47200040817259	89.15800028085708	71.08000002622596
8.080000085830687	64.9559998416901	70.70000009059906
4.192000160217281	92.2680000761151	129.32799986839288
1.5119998931884768	64.45200013235213	65.75199987888335
92.0339999103546	67.78000009417536	69.21600006580348
26.464000091552734	83.1499998608231	76.02000044882288
70.41400066375734	72.52200017452239	69.08400011822579
0.8679999256134017	63.64399997234346	72.07999998405573
4.126000051498415	64.45800038099289	72.3440000915527
0.8680001544952408	67.49200018644329	70.14000005722042
-0.30400004386901724	68.95999988794325	74.36400002956393
40.87600033760073	62.78999996721742	66.4899998521804
17.5560002708435	75.66199967145918	72.28800016283986
110.07000015258791	82.00800029456612	117.5819999316334
0.7680001163482676	87.95599999606605	68.5600001001358
52.01600034713744	73.28600019469854	75.10600013464685
3.824000053405762	71.56400009036061	96.03800034999844
18.25199990272523	65.68000015974044	79.0119999611378
1.5760000514984132	72.87400000259274	68.51599994659418
15.451999940872199	66.01199980497361	94.72000016301875
1.717999982833863	64.37799998760225	82.95999988913539
1.4240001010894792	61.273999804258295	64.74400013446814
46.93999981880191	69.8500000405311	70.43400022029871
26.0140002822876	66.05600012063982	71.6880001807213
178.54000015258782	115.26199994772679	69.39800014853468
468.45199583053545	62.146000142097485	72.7220001931488
147.93799975395208	64.36800011873244	75.26200021743769
7.178000049591062	73.242000002861	71.73999998211859
38.9940000629425	72.39600013539193	68.45000016927723
87.54200011253356	63.364000142216675	72.63200006008148
14.795999832153317	73.56599986791606	73.99800003051755
46.60599992752078	61.83599997490642	64.29000005245206
20.48000003814696	61.99999985694886	66.48000012397765
104.74800041198733	153.15199983239168	202.45399968266517
22.846000061035145	65.93400027751916	65.77200021743774
6.924000148773189	73.93799990624191	66.91800031661988
0.9759999847412114	63.36600014656784	70.23600006341938
-0.940000181198121	62.864000073969386	72.306000366211
67.29999998092653	63.0780000758171	68.97399985119696
23.63399986267088	61.45999986469749	74.18000009298324
1.1239999866485626	62.09800006151195	70.25999978780746
249.49399971008302	64.29400040149692	203.46599833607686
-2.0260000896453874	61.287999740541004	71.45400003165012
-0.9320000171661366	58.61600003242494	87.16600029945371
32.66799990653991	73.46599989414217	80.54800026133657
2.0220000553131126	60.426000096499905	107.58599989295017
0.6359999561309806	82.10399981349717	78.49600026130673
1.8100000381469707	65.63999993145468	93.9859993082285
8.404000034332265	60.7420001657307	72.7380001401902
-0.5360000419616707	71.35799986839294	70.88199989706273
114.67200022697449	67.06200006574387	72.6440001618862
41.49399972438815	68.7040000009537	70.76000000119207
6.513999919891356	64.67000011444091	66.09000005930658
20.018000078201304	66.3780000653863	68.96199985027316
91.38400027275087	63.093999900817856	78.39000007629397
30.825999956130968	96.03000051692128	71.27400015354154
8.559999933242805	61.83999979495998	79.7459999942779
26.077999982833866	64.67799995899198	71.66600001811973
-0.7660000133514423	67.79200009390705	70.28200013160706
45.09999994277953	61.52800019025804	71.28199986308815
6.212000036239627	65.32999994441872	68.68399988174436
-0.10600004196167023	67.19399998530743	66.87600003123283
-0.044000091552735016	59.84400004863739	68.35799969077108
190.6219982147218	60.65200013875965	71.0880001342296
0.6199999427795394	72.22000022411348	65.81000021412966
19.577999973297107	64.85200014948849	65.64200011730195
1.5720000362396256	68.91999977946283	68.37600000500682
-0.13999990463256967	71.50399997949594	64.63800003051757
23.508000001907355	69.81200020551681	71.56599997043607
3.304000024795532	63.277999792099045	68.94800019979485
2.498000211715698	65.74600007057188	70.51000011444094
14.855999956130978	70.56799993783228	72.03399991989136
17.0899998474121	82.54199999570845	66.73200017452241
-2.108000011444094	62.828000211715725	80.58999977469443
7.906000032424927	74.09400006532667	66.92400011420246
33.67800007820131	65.99600023269652	90.29199986934667
32.485999641418445	67.95399986386302	78.54799993515012
17.093999958038314	70.4180002081394	75.73400016307838
5.066000099182123	78.19200017690657	95.99799995943899
3.457999916076658	61.28799992576239	83.91600008130075
-1.4600001621246315	65.9659999799728	76.38599972724913
15.308000049591067	61.01200026035308	69.45799975395202
1.1959997940063487	63.31599979832769	85.6399997758865
0.3139999771118176	91.74400046229364	79.67999987125398
9.654000148773191	67.84200003504748	67.70000015556805
134.17999927520748	65.52399991214267	80.34999979496004
109.83599959373463	76.09399998173119	72.91199995994567
79.5679999637604	66.24399998009197	84.81999971151349
3.378000059127807	79.0119998669624	160.56599926516418
1.1860000133514401	67.4740000753105	68.11599993705748
0.735999889373781	64.75000008344644	72.74799998283383
-0.9920000171661391	63.349999938011166	74.86599988341332
3.6000000858306884	74.872000246048	70.90800015926354
0.716000146865845	69.4499999511241	75.88999952435489
10.421999874114983	58.91600017160173	72.23999988555906
15.526000204086307	80.77399993419647	71.71399998664853
0.9439999103546152	71.77600017547609	73.78799986839289
184.97199913978574	63.2239999704063	68.00200019359582
6.535999889373783	62.71600012540821	68.91200005054478
177.6599990487099	63.94200017467142	70.23399987816806
1.6799999904632548	69.0799997158348	74.66600003957751
0.3200000572204581	68.49200024843215	72.39600009441381
-0.9219999122619628	69.56200001001352	89.03800002276897
116.12999955177307	63.76400020182128	128.86399996876713
14.086000051498415	59.5700000935792	65.23199995219706
117.28999974250802	66.8899999570846	76.07400022029866
15.889999914169318	68.02400025308134	64.17600003242491
1.7720000934600835	68.76600022554385	73.03200021266939
0.1539999675750737	65.67200004577634	72.66600004196171
5.213999929428099	61.954000029563865	70.70600009441377
2.010000190734863	63.43800004526971	70.86600009292371
5.484000244140623	64.6740000775456	73.35199993610381
2.2100000381469713	68.98999998360877	74.12399988651269
0.4279998970031724	68.28199987649913	68.55199996948244
1.301999816894531	69.34800014138216	80.95400001823899
9.625999965667722	60.21400001168255	113.40600009337057
10.833999977111821	74.20600029587749	68.40799995422364
18.638000068664542	68.2820000195504	75.76400044918056
4.84199987411499	61.56400004386898	70.13799974441527
152.37800102233876	70.74000027060512	120.25999968767168
121.24400007247927	68.86400017738342	111.88599977672102
214.00199959754954	82.96799993008372	72.74399995267397
13.73400000572206	61.7960000181198	66.26599990367889
40.90600014686588	61.36600008964536	72.51600004136564
13.416000156402587	85.46000012040136	69.45400005340575
-0.16800004005432065	71.03600006431337	70.25800006389618
11.196000089645386	61.93399991512298	69.93199981272225
13.140000076293948	61.59000004410744	70.21599996566768
4.9879999542236275	85.4220002405345	66.70599990367889
24.211999855041515	66.02599980115887	71.43800010561945
12.635999889373773	65.13199986696239	67.867999958992
-0.7279999828338622	73.20800012230862	76.87000002115965
4.59400001525879	62.427999868392966	79.49599979042999
0.2479999351501457	69.97000018119807	71.98999992370604
81.11400032997135	65.11599981427196	70.10200005888937
127.70199928283691	64.63399991586806	71.92599998772144
86.5100007534027	63.64000002324583	61.40800017118452
0.1500002002716063	70.79400041460987	70.5759999942779
1.500000085830689	66.02000005245212	66.23000000476837
5.765999984741212	61.23999977588652	63.567999925613364
12.33799993515014	62.92999987602231	67.80599989593027
-0.1539999961853037	59.732000041008014	80.97600017547614
10.450000095367429	66.31999993324274	67.92599992632866
28.562000255584707	66.4840000525117	65.55200010299679
1.8380001354217534	74.20599968910219	71.43200009867542
-1.7020000457763667	63.357999997138926	71.88599996566768
-0.05999988555908341	61.68199998259547	65.62400000452989
-2.3920000457763693	67.60600023984907	68.74200015783309
2.5199999809265123	61.69999990463257	64.70199999973177
9.198000040054316	59.54400001004338	64.72200015455489
15.308000030517578	66.47799988567823	67.5739998829365
15.844000244140634	62.20600010037421	66.33799988985058
5.966000003814699	96.48199998557573	84.13399996280675
7.513999843597418	59.89799966573718	70.26599991798402
-0.5439999866485616	71.0199998788535	102.62399998188019
86.04599987983697	119.52000043511396	95.69400030970567
171.3559993362427	64.92600017547605	76.72800007820129
80.41999970436099	75.14799986124044	69.2820001041889
11.69599995613098	66.71800003051762	67.59000026226029
14.402000017166143	59.07799969762566	66.95400010824198
3.1020000553131126	65.59999990463253	73.25000005960462
1.4739999198913565	64.83399980008602	72.90400023698801
33.9139999389648	73.49600019156928	64.63600000858298
30.28800014495848	77.95800026774404	72.596000084877
0.8059999084472638	60.43399983644484	84.44400022611022
72.0459998321533	66.47200008451934	70.30199996948241
8.864000043869023	78.47800054788588	75.2099999976159
1.0399999904632566	60.82999992609024	73.9319999790191
31.35000014305115	73.74000026345256	66.59200021743774
1.0520000076293925	66.93000007152563	113.46799989789716
0.21999995231628416	75.21199985742571	76.20200018733745
0.9240000152587895	62.862000160217264	64.97799995422362
49.972000188827494	64.6919999080896	67.94799993038185
232.08199987411487	64.95200003266335	84.39400025844563
15.01599981307984	72.90399981975547	76.67600034952162
17.07600008964538	80.07799989342683	71.64999986767768
15.900000019073488	66.56799991890786	62.65200025558473
2.9840000915527347	71.72999994277947	78.62400003701443
13.288000144958492	69.15399995327002	74.53000006720426
27.051999921798703	66.71999984860422	65.33999987885353
1.0380000209808369	62.18599981307982	73.45199988603594
72.02400010108951	61.74199999839068	68.09200006604195
86.33600069046028	61.65599987030026	73.94600023448469
1.2879999542236356	68.72599966764454	76.74800024464726
3.0679999446868913	93.00799998044968	73.23799998283391
0.28399994850158816	74.22799991756675	89.27400004595528
-0.8280000305175766	78.96400000095358	72.90799973487852
20.476000051498403	71.16800016924739	66.41200009346002
9.542000055313114	63.91000023126598	86.16400006294258
-0.3480001068115219	81.34400024771689	63.002000075578735
1.0040000343322741	78.49599942982199	77.61200010657312
112.68199975967406	65.09599998950955	79.22399973392497
55.75199984550474	63.55999991416927	68.1800001049042
-0.796000032424929	67.24600005820399	73.0499998950958
-1.4139999866485617	62.59599990844729	70.69600036859514
3.2740000057220455	63.440000023841854	73.76800023913381
6.6900000190734845	67.57399981498719	68.35000000000008
1.6820001602172856	80.69799987554546	73.80400001764293
55.19600042343136	66.97799993395809	72.8440001302956
41.781999807357785	94.6620005679131	117.31600050091733
109.96599966049195	69.20800001338124	76.98800000786775
0.8119998836517334	65.26999999627472	94.57999992370613
58.74800006866454	91.00399947583678	75.91200003981588
0.6119999885559089	65.52399998664858	66.3720001125336
9.342000007629391	56.91999986171721	71.98000014305111
25.131999874115007	65.06800005435943	66.31600005865096
34.82400006294248	70.67199994578952	70.28600022077553
5.9540001296997085	63.16200023412705	64.35800020098684
4.746000070571898	80.76000046193604	81.17000023573637
-0.7180000019073506	70.83000007033353	72.54999994039532
-0.1340000915527339	65.4440000772476	67.04400007843972
7.65000004768371	67.79199983239171	66.72800011634826
14.147999763488764	72.51399967819455	72.4860002791881
-1.6420000171661395	60.88399996280669	68.64599999472502
82.7440004444123	68.6179998856783	69.00799989700312
7.4659999752044754	59.45400008320805	68.17800005078313
2.006000061035156	68.02800033181906	68.30999982357018
2.0399999999999983	66.72400009274477	68.82400026798243
21.500000171661387	78.46000027179709	102.8959993946552
47.68200030326841	60.56600001931189	66.07800012111662
10.75200013160706	62.56799988865847	84.77400031089772
67.92599997997281	73.33399970054629	70.1779999780654
1.8719999980926525	73.02599989652639	66.66999989151961
107.34800050735474	68.40800001084801	71.39199990868569
20.54599994659424	65.25399989843368	68.73200005441899
11.782000093460084	83.36599982261659	72.50199998676781
-2.6939999675750745	57.4440001960099	67.45399991512292
-0.7120000362396238	64.64000015735628	70.05600016772749
0.4719999790191664	70.34400021016592	96.40800036787994
1.641999874114989	64.69399991989137	83.9259997849167
51.18400007247926	64.14800011873244	71.83399996638295
23.68400025367735	62.734000017642934	68.20800005078318
14.600000114440917	72.08400054216386	68.14600005626676
-3.1520000362396248	72.39200030326838	72.18799982786174
11.800000200271613	59.225999869108186	79.1299997425079
30.206000232696507	66.97399987176061	81.84799992322925
-1.5360000324249272	65.521999759674	73.84799999997018
85.81599967002865	63.694000024795535	67.16999982833866
9.905999965667734	67.81400016665455	66.93199997603892
43.20400004386901	62.53400000303978	78.68399996280658
9.25599994659423	66.37399999618528	89.7000000095368
9.565999965667727	61.43199989318845	88.14799952983857
-0.4779999732971207	62.07800006657834	93.08999991178516
16.822000013589857	68.47999993801109	68.48000009536739
34.8199997520447	76.04000013649451	78.39599996805195
0.9099998855590817	65.82399989604949	71.59399989843368
1.7519999599456773	65.61400016888973	64.48799995064732
2.0380000114440913	64.86800013542174	67.38400025844572
-0.36000008583068793	68.21600013732909	87.1599997675419
14.235999965667716	69.72600015163424	69.59000009775167
-1.0539999294280997	67.23200014978644	67.87999994754787
56.61599981307982	62.91199988096946	65.02400008916854
6.216000032424923	65.55399992227554	77.00000001430516
0.4700001907348621	65.16200011014935	66.27999989166855
134.99599854469298	76.57599983930585	76.16199973821632
21.631999778747552	67.01200009495017	69.17599993228912
-1.351999959945677	61.42399990558623	66.76399994090191
93.35199933052064	88.58399981141085	65.65800012111669
0.2939999580383308	72.327999945879	97.79600004196176
194.09800018310548	68.78400008201602	72.27599999904635
0.7020000553131105	63.57800009965896	89.9940003204347
6.609999914169313	59.335999994277884	66.91200010776524
68.36200043678284	64.91000040054323	89.93799944967036
17.385999746322618	61.21600013762718	73.17399995326997
61.591999883651695	64.44199999094006	64.84599990844728
0.4540000057220472	64.82600000649687	73.6180000710487
-0.2319997978210444	80.81399990320202	64.60200011968607
35.55199964523313	62.24000004291534	73.30599993944168
1.6100000286102285	62.52200008809566	68.66600004315373
2.188000030517579	68.01400013685223	74.04400027558202
12.369999990463251	61.07600013121966	68.37600018978117
3.7100000667571997	75.8499995025992	71.42599985480301
-2.1760000038146954	61.85999996662137	68.62800011336806
1.0839999961853009	63.988000075519	94.3080000710488
1.1839998149871833	64.56599994629619	70.22000000521538
340.9819997310639	84.27599971145398	86.49999999165529
348.0899968910215	70.1879998262227	68.73399996519086
46.74999981880188	62.621999959945654	67.84799982070922
90.90600131034849	74.06600023120636	73.27399988174442
-0.39200010299682575	62.276000048220126	72.29599991038435
9.286000013351444	64.9259999199211	71.53800006628035
1.2420000553131119	67.59999996900552	83.89200043916696
4.512000198364258	62.11999987959856	68.79599999904629
1.0159999656677243	68.70599995046857	102.14200000762926
7.201999845504762	65.26799982190127	74.16200000762943
-1.442000036239624	67.76999997615813	73.05000015258788
14.65199969291688	55.73599983155727	62.95200005531312
32.293999738693245	68.72399995326994	71.68400017023085
25.464000082015986	64.9640002334118	71.30999994754787
-1.870000143051146	62.91000008106229	70.63800000235442
1.0020000457763667	60.39799968242643	67.24400014877313
13.951999855041509	61.45399991676215	65.7980000400543
-0.751999950408936	63.80599993586539	72.94799997568141
3.008000106811523	66.82599979639055	69.59199985146519
46.609999685287484	63.77799998283386	66.95200000524514
44.924000272750824	59.723999872207635	67.80000021219251
11.213999881744387	62.328000278770865	69.86200004339217
1.8580000591278065	62.944000018835034	98.28199979215864
1.1060000324249266	62.71799994707102	73.90600013256069
111.90400032043455	70.18199995398516	67.63000000372529
-1.1120000267028798	78.03999993562701	114.53599961459636
30.633999786376954	62.94799978733064	67.71
33.42399995803834	63.61799989700315	84.53999996662144
28.653999938964837	64.06600013256066	67.00000002145764
83.09199955940251	71.86399996280663	67.31399997040623
0.22399992942810176	63.20599993169305	67.35199992656705
0.7480000782012923	68.96000003054738	66.03799999237059
1.9559999847412088	64.88199996113778	71.3539999389648
27.246000070571903	56.72599999189386	68.07200005054472
185.81000035285948	64.7779997676611	96.08800004243848
115.0419997406006	56.62400005459782	69.20600006580354
0.8980000686645518	66.8919998443127	77.48000028014184
3.583999929428099	58.26199997425075	66.73600006222726
159.5020004844665	69.19000005722046	68.69400013923641
1.583999996185302	61.741999856233576	70.64399985313416
-0.7519999408721911	66.28399975776678	99.72600022792815
-0.19000004768371517	63.87399977728723	68.38199998855592
0.4640000247955332	63.00600011527541	73.30400013372298
15.327999925613398	72.48999972343441	67.40800003528591
67.57200045585634	61.98799994349481	68.4219999766349
15.089999732971192	63.776000041961666	68.47400003433228
114.41999966621404	61.21800001919266	70.5659997630119
-0.13399997711181685	63.75400018453598	93.52799974441538
1.183999948501586	60.62199996307497	61.97200002670285
39.906000041961676	63.48000008821487	75.99599984526637
20.961999950408945	74.71800014346833	67.46400007873778
17.664000053405765	68.67799992308021	68.67199977874753
0.9039999675750722	65.45399990350006	81.95200013950483
0.6240000915527355	64.8239999485016	67.32599997520447
55.176000442504865	191.26999934762685	141.83800011873242
1.3319999980926505	67.30000045686964	77.5560002797843
-1.6639999675750756	68.8460002052784	91.31399974361068
81.63599951744077	74.70200001478199	90.7480000495911
