6.432000179290779
0.1519999885559092
8.852000160217276
24.080000529289244
8.967999897003175
4.086000041961666
24.902000541687016
7.114000043869021
3.9339998626708987
6.797999916076659
5.482000045776365
8.852000131607047
8.339999990463255
14.698000040054321
9.085999879837043
14.963999733924881
19.59000010490419
2.9500000095367445
-12.654000158309932
10.66599977493287
6.422000122070318
9.972000141143786
0.3700000095367425
22.051999847888954
9.8020000743866
23.167999930381765
12.244000024795541
0.7960000896453857
14.588000097274778
33.02800004959111
4.611999921798708
1.398000020980835
4.613999958038326
9.40400017738343
26.241999804973606
7.750000190734863
12.187999706268315
12.449999771118161
16.703999831676487
15.150000200271615
8.547999954223624
4.206000032424927
1.918000049591064
3.154000082015991
20.21599999070169
6.008000011444089
34.0480002689362
16.497999877929686
12.437999868392954
3.0039999771118167
22.54400034427643
19.792000255584714
6.403999958038329
24.853999392986324
3.482000112533572
2.492000007629395
0.8399999618530294
18.936000032424932
9.93999978065491
2.8379998970031752
5.0639999198913594
1.9879999256134024
1.943999996185303
11.445999841690064
6.536000039577482
9.270000133514406
7.608000068664551
7.444000024795527
6.284000015258788
3.0060000419616713
17.25400011062621
2.277999906539915
16.518000154495244
12.849999961853033
-0.7820000743865984
0.3739999580383297
3.9339999389648437
5.989999856948856
2.282000064849856
15.292000150680535
12.070000185966478
0.7440000438690196
29.01599986076355
1.043999986648561
1.174000062942507
9.37600003242492
14.744000158309943
18.900000033378618
4.635999956130982
3.861999893188476
1.2480000877380357
11.77199996948243
22.413999781608577
48.855999698638904
0.3200000953674307
16.457999820709233
1.5319999694824222
9.43399991989136
8.982000026702876
12.950000085830709
10.226000080108639
2.2059999752044686
7.975999860763551
3.960000133514408
11.73399996757509
310.01999956846225
19.285999951362637
17.47999997615817
3.93400017261505
15.714000134468083
9.49200023651124
4.672000017166144
