7.545839573669445	72.29799985527993	81.40999997660514
20.340400300979613	68.01399985834951	67.53000012397764
2.539999572753914	65.39399976134298	76.22200004696842
4.894399646377572	64.89000002071256	71.75800009727475
0.21535968284606602	93.89399974644192	67.5700001400709
13.676960167312613	63.168000160753664	68.26399995803834
1.118319777679443	62.962000164240564	69.44000004962086
4.9232000076294	62.68999991238109	68.10600006818773
9.128479969024648	65.31399997055533	75.72000036239628
2.286480276870731	67.44199955940248	72.48600003197781
21.960879706954927	85.84799978658553	80.58000003695489
8.151360074615479	108.76000004515042	90.935999880284
14.98256051445008	62.70400004386903	67.8500000953674
1.5429599433898902	79.13599999338389	70.89000021338467
5.503359878540034	66.8379998087882	72.78800009295344
9.722480276870693	69.17200014352802	66.80199995517732
2.1158404392242502	68.12000011444091	77.04800003290174
8.509679786682138	69.61799988776446	70.19200004339221
12.032880311203002	68.87199987769125	69.41800006210806
-1.2560804872512739	75.01599995255471	71.01599993705746
18.27095978927613	67.2940001511574	69.53200001955028
22.733119983291665	63.12800027608874	67.71200013756751
8.385920070648178	65.64600018501275	71.02199977874757
10.624479850006098	77.13800001084809	64.83799987316127
1.2600002830505375	68.89600007057184	142.34800009444342
7.578319979095466	64.87200006812807	75.55400000095374
8.352959799957285	73.29400043964388	76.22400010347378
7.414639868164062	63.24199966669081	79.06400005862125
17.13255930252075	73.07999995470044	70.76400001287463
9.025280340957634	59.54800009250638	71.40000017002222
15.87727987670897	63.74399999022481	74.90800013422967
15.226480456924442	69.01600001022221	85.64000000000003
12.276720356369035	61.6140000152588	80.50599996298557
-0.787040320968628	65.56399982094766	68.62999994605784
5.192880234527582	81.86999997138963	94.91400016173728
5.103199662780762	65.25400003910069	62.428000030517545
4.413679857635507	64.84200002759698	70.33800005435944
27.73344032173157	72.84600008487702	101.76399979546653
8.60480004348755	62.545999797880654	70.01999987617135
3.3336800907134947	65.88000032901765	83.11599993109705
8.26168021965026	66.64400008529427	74.02999982833859
4.557760403060914	67.5339996087551	88.23200000047679
-1.6204799942016685	76.89600011825563	64.22999998271466
1.1881602630615253	62.68999978065491	68.21199985265734
3.8507204196929896	79.27799993753432	72.83399982362987
4.703999687194831	82.19400010198358	78.73199981242414
20.319360196685757	82.41799977183345	77.41199993759395
13.524320314025909	67.93000009298315	70.13799986600868
15.451040297317533	66.17599989697334	73.66399998188018
2.9738402873992906	62.75200007438656	62.53800010681145
5.910960046768195	103.65799988269802	124.56800022959717
3.488160283279409	62.261999913454105	68.65200014591214
-4.969680285263048	63.9200002294779	136.96799981281166
21.941520139312768	59.662000077217805	79.25200010418894
10.42320050926208	57.634000196456945	71.95599999785425
4.583439565658572	85.26200009226797	90.75200041055678
7.8755197242736985	80.09800013601779	67.92800037384035
19.19880038642881	63.68200007438661	92.89000020503991
4.22968024215698	111.07000019639723	71.14200016498565
0.3676800697326682	83.21399990022192	78.31999999761588
2.8113594612121604	89.52399958014485	78.97799974277615
6.436640175247191	70.39000012874607	70.77000013470644
13.184399884414647	67.95199988842012	67.89000020265578
5.756879853820794	63.21400004863745	67.98000013828273
7.065599367904673	72.46399989649655	66.11799992084511
19.082799473571768	73.33799995422362	74.77799993515015
10.069759901809674	66.28000038623809	70.0380000853539
7.057599565124496	58.111999939382024	72.74400014877313
9.620400365448003	56.112000024318704	77.97400003433224
4.80463971138	62.25800002336501	66.34200008392328
3.6208802349090505	67.75199989676472	62.96200002193447
-1.6905595191955582	75.17199972867964	73.07999985694886
2.5283997989654567	67.04799990177149	70.4579998826981
6.02751953887939	96.41399952128539	67.39600017368795
13.300240581893902	59.87400015592577	79.72200044870375
-0.710959861755367	68.19399981737138	70.09800007969145
4.705760257339477	91.3180000889301	79.21800000429162
8.585839585113515	70.5560000151396	65.59000005006787
3.0487200973510684	62.20400016784669	96.96400020837778
6.566080279159543	68.52000037655239	69.17600012540814
5.669120344924917	69.13599982261653	76.84599996447561
12.419360245513902	63.57800005987282	67.92000006914138
3.3809598926544293	60.82999993801119	71.1379998767376
17.307200009536754	68.45799979925152	67.12199991226194
0.22759992294311782	64.31200009226798	92.97400005847214
8.103919667434692	79.57400012850769	70.50200019687412
16.886720271682723	61.89799999952311	71.94000003814699
5.842319945907585	129.59600022405374	96.6340001630782
2.460079850006095	65.21200002670291	113.29199987292307
4.884240105819703	64.687999984324	66.00000003576277
8.505280248260494	73.58799968302243	110.15799996852873
6.131680040740963	60.87999980688098	69.54399990022185
-2.8976002494812008	68.2999997329712	71.38000016212467
6.623040072250372	83.59200030475854	85.58600016355525
13.402800207901015	58.24799994468686	62.92800006583336
2.0306404525756814	71.31000022441147	76.06400020241739
7.728240228652959	65.21599990367889	66.24200000286098
12.017760195255267	69.06199978947642	69.05400003433226
5.91616020164489	57.346000280082194	99.22199974596495
332.14551833419796	63.497999999523145	84.6979999470711
7.28655989646912	69.89600007414819	72.32399992883201
7.893760060119624	64.01000012636179	92.02000031471245
7.868399943923919	64.08599991321567	75.77200023174285
19.017440080642665	66.54400031805031	66.92000033497807
5.180799776840211	63.782000105380995	66.10999992132184
-3.6610396099090594	64.21599998712534	76.40400019958616
4.741120143890385	73.5499997663497	68.0600000143051
17.573119737625124	73.95599987447267	65.00000021949413
9.109040080642705	64.88599999785424	76.64399991080164
3.4210396003723145	73.15399992108343	77.5260001027583
3.025199773406983	73.32600007832049	82.34599987030026
2.7652799419403156	65.42200031280514	70.96600001096726
8.841920095443719	63.14000002667302	77.42200017929076
2.2145597915649327	66.65200009465217	71.99999999284746
1.1304800834655726	61.12799998760226	69.56599996566773
2.3049601825714134	67.81599997550244	78.10999999046321
9.214719830322274	66.17800010204311	73.7300001931189
-2.459119689941402	61.04200018286705	69.48399996995929
8.97536028938293	71.8320000654459	79.68200014114385
1.239759687042245	62.734000022411294	72.09599990800018
0.8841598857879585	71.69999991178513	66.45600019454959
6.999120139312749	66.25800005853169	86.25000032186514
10.806319676971432	74.12399984359747	71.08400023102763
0.15327970771790483	70.48199997887015	87.56400010108963
1.374720120239254	64.93399987369781	130.34999977380053
4.408720061874394	60.26400021195408	67.11999999642373
5.318080307388308	62.72800002336502	68.870000231266
8.088880146408084	72.84400001287457	68.99200000762941
-0.529040132904047	70.21800029322499	61.91400007486345
4.5461600719451924	62.07799991607669	64.97199998855591
7.169039887237531	70.27399975776672	69.07800003290173
9.329679748535161	64.05800012350083	63.994000086784304
9.89712012672424	65.63799973487853	69.80199987888335
8.534720164489762	67.25400009632105	70.67999993801111
4.062319940567012	69.12999989107252	82.77000016048555
2.6368796951293887	64.38400011301039	71.28800012588506
2.294399967575081	61.299999945163734	65.38599998712535
7.711920048141481	63.43399986028671	97.64999991178503
5.26840013198853	61.48400008201599	62.329999885559104
71.30855955657961	67.07000003635883	71.98400024488565
-6.109840253829961	71.46599992364646	71.88800036430356
4.398720174026497	66.72999996393918	108.22600034713751
5.2383199958801105	65.14399985104805	68.49200000762937
13.389280374145537	80.34600003764032	71.26799986988303
24.1343204307556	80.35199954986571	152.61399955332269
5.3235196800232005	63.779999988079076	84.33400035858156
-2.631759348297135	77.91200019240381	65.64200017929073
40.86640026359556	63.0120000696182	69.17399980828168
2.3995998947143526	64.52600033760066	69.6519998991489
6.502400121688832	61.102000179290776	94.18800019502636
11.659360078430181	73.40399963378904	68.46399995803826
11.034480176925644	77.89800000816582	70.16999998807907
8.554000254821785	89.00599975109103	78.8839996600151
3.5968001777648895	109.48200008988383	172.15400045245886
12.225919958496076	68.17999964714048	73.68999962031839
-0.355040010452267	67.53600001141416	74.10000017881393
5.2040799671172975	57.67800002098081	70.48199989616877
2.140560220336917	66.44799987792966	65.06799993991852
4.87039996528625	76.48199955701827	82.03200054645536
-0.8373599147796673	65.20000003218654	72.51599986076363
9.094319940948491	71.28800008058548	65.64999988555908
0.8692800086975125	63.604000207185734	74.51200012207032
5.798640373611446	63.58000007659191	69.31000004768377
6.6786394519806045	64.5000000947714	103.03600046038625
4.6245598457336365	75.50599987745285	68.97199988842007
0.19111944808959527	67.45800018429756	69.25599971055986
4.532559577560431	69.84600021168589	77.03800026416785
28.250880329895022	69.31199990838763	65.20400001138447
5.094319981765751	59.862000172138174	66.34199982643128
6.616399879074094	65.2399996846914	76.89200015664093
6.333999725341792	63.56400003612039	75.35399994850155
18.649759971237202	97.42799965307115	71.01199998855586
3.409280097579959	76.04400036454199	67.3040003013611
3.6813603225707974	61.96200008332732	68.25400021076213
3.929119676208502	58.8119999539852	64.41800008296961
6.379439820480356	59.13000002264982	74.8299999570847
3.6322406478881737	59.41400021076205	68.81800004363058
8.739920444107062	59.446000147759946	81.17000004738559
-0.4037603538513188	66.6820000998676	75.48999998807905
17.004159786224356	81.23599993586546	66.88600012779234
20.668719867706297	65.46399998188016	83.19800003528594
7.013840377426158	84.24400007605553	72.8399997937679
9.690239871978767	64.89600020170211	70.12799997627744
8.357600168228144	64.76200005963443	109.5240004026889
6.346800337982187	74.10000008463857	71.10199965715411
10.309759695053106	60.6119999885559	65.55400000095364
5.245039936828616	69.40000003159042	90.44599985837941
4.689679894256583	61.98000020265581	70.48799985215068
7.0794403488159094	74.47600015670061	74.39600009918207
11.151359822845501	59.32599975988266	65.71800019741057
5.604480288314816	63.24600001722576	69.00400017350914
4.982080579376213	73.91000013828274	66.23799984455113
6.9919998210907055	68.1499999898672	72.32799995809793
2.1376797618865933	61.04799998998638	60.204000077247564
4.649760096740711	64.08399992704395	72.96599994659427
4.924479939651485	67.92399970114234	74.36400007247924
3.405119570922852	63.96399982929227	80.2659998849034
9.691920219421396	75.27199966907507	72.74999989628787
7.76583985748292	60.82400010228157	72.77200029492377
7.264799921417239	64.55399988412859	73.70600017428393
4.544079713439937	61.05799997806551	65.76999986529347
1.269759597396842	62.340000147819524	66.5940000206232
11.154640295028711	75.0360000139475	68.90200010299678
6.803680321121208	81.16400007247923	76.48599993526929
44.945439614486666	67.08599991083153	65.96999991893763
-3.4935996620178256	67.48200003176926	63.911999955177286
15.39263991165157	63.44000005900863	71.29800009727484
23.699920390701294	70.30399967670441	66.70200002714991
13.969200390243547	64.34000013113022	80.00999985456475
8.79544009666444	80.4059995813667	83.9839999341965
12.213280055236801	83.32200024917714	83.80999994754801
22.380960096359207	93.3860000911355	111.63399964571002
6.845600152969357	61.83200004190204	69.98800009727483
8.326479719161982	63.01400001049043	67.84200002193451
11.755920006179808	63.31599982738495	73.8639999304712
2.4393601844787556	59.47399999260898	66.62399997949599
4.156480151367188	71.31399998068814	69.14800007820133
8.30455963745116	66.49799994230271	72.0240001296997
4.567119718551638	58.31799996376038	63.8979999542236
2.7168804058074985	64.16999998688699	66.09999996066097
6.603760017395017	65.13199971675871	67.33400008916851
8.133039943313607	59.381999910622795	91.48000011920935
0.8648000164032049	68.07199999749662	64.43400003433226
4.606079932022095	60.43200018525122	67.12800004914398
5.21240010490417	64.6839999556541	71.1479999816417
102.96951889305112	63.55999996125702	71.73000004053115
8.61600002250671	59.72199981451032	70.5879999160767
27.539280524826015	61.56199999928475	68.12200008392331
1.9563197219848525	66.70199993327259	71.73399983972308
-1.0513595054626401	77.94599987745286	64.41799990460267
4.254560017395011	63.762000067233984	68.7740000927448
6.263439897537226	62.106000061035076	72.6479998970031
4.588960000610352	72.7559998488426	64.65399999618526
5.036080114364633	65.07199994087216	69.93800011157992
9.130319964218117	68.14200023770333	66.74400017976761
7.916479957199111	66.50399987936024	73.56799982786183
8.3410402545929	76.59000018119812	71.56000007152558
4.119280498123165	80.53200021147734	70.60400010824199
9.333839546966542	66.98199987098565	73.5200002229214
13.834879378509495	63.98799993753428	67.01600011587142
4.491200248718272	72.58799978971477	65.86600023448462
8.265520605468755	62.79999992847439	72.81199993252757
9.829119852828951	57.130000171512364	67.7079999923706
4.342479899597167	66.68400000095365	76.15199989795684
3.078640034866333	60.256000034809134	63.15800011828533
1.183039874267578	63.20600000381467	84.31000002264985
6.585839692687983	61.954000115841595	66.50599992275241
5.703440184020995	75.56400005877006	77.73400008440014
10.604719777679406	63.342000093460044	72.03600005149845
7.184799806213373	61.34200011372566	67.65199995398521
3.417760452651983	66.79999998033047	72.8839999866485
-2.43688008270263	70.26400035634637	63.385999972820294
9.624399859237682	59.224000171422944	122.5139999002219
8.762880300521845	75.60600009486076	67.30200003981585
-0.5593602409362732	65.0879999279976	64.29600003957748
7.862639865493776	60.014000188112256	72.70999996513137
6.870159976196291	60.148000227212904	66.93000016212459
5.366559806060802	65.86000011682505	70.88200010538102
9.594159731292738	70.14399990797045	76.03800039172168
5.171440171051019	64.49600000619887	70.12400017619134
10.431679924774153	70.37000015735619	64.9720000398159
5.719600395965572	72.69000000238427	67.51799996137623
5.412560025405884	66.55200010418889	78.1860003173351
14.508959968185435	67.76599998056884	74.48800016403196
4.178559460449223	60.53200020670892	68.80800013184547
-0.19959996337891406	62.544000074863405	67.69400018572807
2.9355204708099287	66.24999980688101	84.7380001306534
4.33960014686585	75.92199995756147	74.84000020384786
7.502639156341545	60.89999984025957	68.9699999666215
5.7061606666564835	83.43599999189388	66.75400010108943
5.679759589004511	64.48599995568387	73.8479998588562
2.002559723281864	62.95800000429151	69.85200012981892
15.649440106201183	61.26199993133545	66.39399995803832
9.440640295791605	65.54599993228913	72.33600017964842
8.26720004348756	84.13600003004075	99.80399984598147
30.423520087432923	64.49999968528752	68.1840001487732
-3.7522397888183465	67.68799991130824	66.16600013017646
8.501200251770024	70.55799995422359	85.0660004281998
7.893760423660274	63.64799995020026	94.61600010752673
-0.7886402919769355	64.75399991154671	67.02200005531316
0.9882399986267046	68.45400006771091	71.02400004088878
5.360239669036872	67.78799998089663	63.54199997425087
13.22447971172331	58.22399989545349	64.74000014781953
5.395200467300414	64.05599989116189	70.87400023639199
0.3853601577758852	61.72399989455936	76.95600018739695
3.962720316314696	78.1520000915229	71.99200019240378
0.17319995765685633	60.8040000808239	70.18999995812773
5.464000181579593	70.56199983835222	69.28999998569489
1.7943997539520222	68.63600010246039	79.19400024324655
6.52496001281741	70.3560000066459	64.99399999618532
3.3744800882339385	91.00400001883509	69.37000025749204
2.1774401020050043	65.08199981123212	70.12199992656706
6.631760255432125	64.32599987328052	74.11200013577941
5.774960517120363	63.225999847948515	70.5180001583695
12.51240019950867	65.76199997544288	89.36200001835826
32.59752002410888	75.20000038504601	71.58200010269874
13.528720642471306	70.34399995565408	68.09800019741056
6.161440126800539	62.0999999733269	68.26200002193444
9.367200405883809	109.6219994655252	105.92199966341252
-1.9995997699737509	72.57599992275237	66.1400001215935
-3.0843196830749484	67.58800006389613	60.19799999713896
9.413680063629153	76.00999980926504	71.2120000553131
7.650319704055781	59.46199991464616	65.49800020664921
12.91719995346068	63.07000006794929	76.72599986433983
3.9490400192260657	65.50399977803227	67.33800003767013
9.78488010826111	62.4459999531507	66.95200001716611
3.8840800453186004	98.57400016680357	66.68200006008146
-0.31072029151917013	59.29000001430507	89.01400003015998
22.946320212173397	84.57799988985052	67.63199994564053
8.02279954376221	56.95600001692769	154.20799960136404
6.947680316925058	62.9580000667274	76.63400025069713
8.77960026817321	71.21600010395053	81.19199996948238
4.743839905166626	61.59200006008144	70.67600014925004
5.9079203689575115	73.53799997806553	83.56199979782096
3.4648791683196976	58.707999944686875	66.43599976539606
2.918399687957771	86.40199948266145	71.17600011825557
16.8139995666504	64.13599988564843	63.593999938070766
6.1564001258850105	64.99800020337106	65.4679999542236
12.493040304565438	62.159999907016726	70.55800002574922
11.344720354461685	63.60800020933148	80.07799995809795
6.906159960937493	63.6759998488426	87.68400015294553
5.950000273132315	70.1739996799826	71.5260000491142
-0.98312000846863	60.14800002098078	68.32199981927869
10.102159764862078	65.3499998116493	77.6339996361733
2.716000705718997	63.31799983859059	74.88800006866458
9.703999942398092	66.08400022625925	72.08799980580805
2.632559684371952	68.74999971985817	70.09200023084875
10.032079961013809	61.47199991345402	66.0559998340905
8.555839690017688	62.69599997520448	85.8959996008873
3.2828797603607245	62.6640000620484	66.99599999427801
12.806240118789635	63.326000094413764	62.704000129997745
5.01783999595642	63.90999986529349	68.07600006490941
4.465760125732413	62.671999824047035	80.35599967837334
8.766719884872437	75.1140003204345	72.7480002498627
31.381600159454354	70.60000009849665	81.93600034147501
11.210479453277568	69.77800024509432	66.3919999742508
9.805520101165758	66.07799992561337	66.6719998157024
8.90623931159973	61.735999879837024	71.90200015828019
10.836479910659781	66.37399997472758	69.87999995827668
6.278799858474747	62.00600000858305	67.74799997091289
4.109919635391235	67.05200005531313	72.70000017344951
-3.5035206867217976	56.90799999833113	71.98999994218346
36.20568022727967	61.1719998112321	65.68799986839295
2.913279898071287	76.55400000601996	71.00400002956381
-2.9032798889160265	90.13800052911033	67.08600030422215
10.431360136413572	59.66799984574316	67.73999988555909
8.099680389785757	69.52000007897612	67.82000000953677
13.300879928588884	65.3299999570847	67.66599990606304
2.9887998134612994	63.15999991700047	84.31200028896328
9.78320001869202	62.206000100374204	67.19399994730946
7.298560126876836	93.01800065487625	66.92599998235698
4.060240036010748	80.84399997472767	63.075999975204496
1.6819995342254686	60.39000016674397	79.78999965906145
3.7190396263122594	64.03200020432466	66.39800014019006
3.942560306930536	61.87199967876075	88.56400008916859
11.951680155563372	72.48199987888333	78.4419998955727
22.03184090538023	79.30799995630977	71.15800004959104
2.931199848175057	67.70599999606601	65.68999998569488
9.409920088195797	95.72999984145167	67.21799981594086
6.27984048309327	67.90000007629394	69.37000004529955
7.253840371704099	58.36800010681155	70.00200017452235
10.38447995567323	68.67400001049037	67.03600007414816
-0.1550402072906591	66.27600025534623	71.1080001592636
11.203759823608387	65.7019998127222	66.50399993896484
4.770000003433238	61.69799998998641	87.0060002565383
3.525280288314821	85.65800036236644	62.606000137329126
5.79152007293702	61.89600015640263	70.00999987602236
5.4644801586151175	109.0040006536245	84.89799998372797
1.0598394695281974	67.51000011801717	65.00999992668629
3.7107199138641405	81.99800063133232	63.566000078916595
16.474640933609024	66.47399995565411	62.466000013351405
8.19799999542236	63.04399990916249	72.79399981349708
8.125839707565305	60.55199999630448	71.76199989199638
5.202399955749518	64.64400002077215	67.48200042128563
6.874640085983279	67.60000001862647	65.29799987316132
15.050880141067497	59.201999881267575	66.55600008487698
7.13543993721008	61.12399984240533	62.21199994087219
8.18512038650512	69.73000013738866	89.77400043785578
47.953279174041825	67.72599989891056	65.16000002384186
9.85151947555541	61.59600012108683	75.84200002029532
4.105600085830681	72.07000006496897	87.472000067234
17.368320241165193	69.82199961900717	73.77000020503993
6.337840074920659	61.8399999544024	72.21000012040143
6.108560544586189	60.65399988278747	65.87600026607512
4.011119992828369	67.9600000552833	76.06800017595287
16.272799814224243	66.58200000762935	70.8240001010895
7.168640033340457	70.3739999842644	72.3419999074936
21.092799601364106	62.79799984455105	84.35999981403346
7.8676798751831125	67.61799989223476	80.59400007724767
10.165760320472716	61.7799998521805	80.20000014871363
3.7919999309539687	63.03599999666213	93.58399995327002
11.461600032043469	79.76600052714349	159.2679994060099
3.399919765853881	62.79600025206801	67.33399985790251
7.827920000076325	66.49000000715255	64.32200001239775
9.790640143203722	65.90199981451032	65.35200002908701
16.238959954071017	70.38400004327296	73.70799999713894
4.651600062561028	72.11600027561184	68.65200018167494
3.779040031433115	61.80199990555636	74.40399964332578
5.9725600578308145	64.752000041306	65.63799992084505
-0.4237601123809897	63.31800003886219	69.18999969959252
14.885199622344937	73.89200027376415	75.34999992728231
2.1040002433776874	82.64199975669383	67.52999992370606
9.62136009063722	62.79000013113023	67.43000005602836
4.0516791454315175	80.70399958789346	75.0660001015663
7.204879909133898	73.63399990513915	66.75600004941217
13.704319767379783	73.17600020766254	75.59599997282015
5.026080394363401	65.23399999856954	75.70799989342693
-0.9997604496002153	66.41399983644483	65.98000002384182
12.516639759445187	65.71999987363813	68.95399998426441
4.807360378265386	64.26800010770559	65.52600015163424
0.17087997245787867	68.28399981021883	66.29600002080203
3.836400309753426	54.84999987602231	63.39999995231626
8.628720270156874	75.38600045591598	78.29400023221973
13.996800137329124	70.89800005197517	67.33600006937988
8.524080066299424	75.93199987411496	69.09399994850158
8.862799801254273	68.33800010979166	67.26999977588646
8.140480221176134	61.33199997663492	63.10999996066093
6.168560163497931	64.1960000538826	71.52000007629393
25.169999577712993	60.15600012212993	63.97399999141687
11.483600671768198	73.54799981594084	64.06000005841256
7.8703199848175	67.91800021618602	71.04600006341934
-0.22543993415832916	68.35799999803304	73.17799983024595
4.4492799110412635	64.37799996346234	70.21799983978269
9.767359976196307	70.57600019931787	66.87799995303156
8.1685605178833	65.99000002026555	98.73000003427272
-1.1057594272613416	61.975999652743326	74.15600006580348
3.904719555664062	61.307999913990436	77.56199989557263
4.148560372543343	74.86000004768366	70.64199988722807
1.42728010292054	76.64199999779464	64.55399992942803
6.748400403594981	71.49400006294246	90.39400002598757
9.209119927597024	64.2379999022186	71.08200000345705
-0.20384007415770686	58.802000036239576	69.8580002498626
5.9168005588531525	63.36000009953973	72.32599989414204
2.7547199462890632	88.99000009298308	60.651999954283234
4.730319878387456	67.29000006914143	85.84399993896491
-0.27008004798888174	65.34199991941452	76.13000017404559
6.761680577468873	61.13599984407427	70.5699999880791
8.250400401687623	58.765999938249585	72.62000011563296
16.420160626602197	76.52600007891651	62.76200019359592
2.5981598815918048	68.78799995228647	83.5520000636578
1.7499198619842602	68.46399991273871	62.909999957084665
60.75247927856454	71.03400032520294	65.93399971008297
4.880479831314073	64.71000004857773	77.45200014352793
3.726559800338744	66.30199972003695	72.43199994161728
5.830400196456901	61.50000005722042	71.50199998855592
8.137519766616816	92.54199993133545	88.04200019940748
6.199760799026479	66.78800029993053	70.6360000514983
8.269199538040159	60.96600002408027	90.92800008058539
9.196959998321534	59.07800023823978	65.48199973821642
6.984079746627811	69.61399981260297	65.54800008773795
2.7375997314453144	81.70200001716611	67.196000110507
10.835280165481567	60.016000036001216	66.56399995803837
1.7162397975921702	67.14600005745888	73.88600015401838
20.005120091629045	63.41399995028975	75.91800003528603
7.36031989669801	110.15800013259057	78.3400003695488
6.009999928665162	65.50999976158141	67.11399991989141
27.711680177307123	68.72600034803148	70.9439998245238
10.669039987182646	65.8839998205006	69.28400007247933
-0.8327200023651092	74.34600017532699	66.65800008773805
6.282560140991213	66.61399987131357	84.03600018531068
13.114559819030761	70.91799973964686	101.4899995437265
4.286079803466797	67.33000036060811	83.09399988174434
4.8067999362945555	62.13600019216541	77.83599995613102
5.697760132598876	82.17200004577631	63.608000054359465
3.7299197124481167	62.8400000047684	98.65799918293952
13.153759415435811	65.88600005149837	69.42600015699867
5.481760152435316	65.84200027585024	67.72800005957484
13.826719867706325	61.882000164985584	69.57600021362305
0.5255199653625444	66.55600007131694	64.35400013163685
3.6928002506256035	69.57800027132035	88.52799962759015
9.766160025787359	72.65399984791868	78.94800007581718
12.56376061019897	73.1060000777245	89.73800001546743
-1.4148796535491976	61.481999785900065	72.66599991396068
7.101840145874029	62.36200008809565	71.6680000162125
11.051360034561176	73.20399998545643	102.07799928635362
16.807920748138415	67.61399996280672	64.76999997138974
26.500880014419536	61.34799993515018	67.11799997329709
-0.3566400463104221	59.660000057220444	67.99000015735628
1.5914397674560494	63.86199999809258	70.21999988079067
6.963760395050047	61.16999991536143	65.99199997425082
16.078399933242807	60.18200015664102	63.84599990844719
18.831520352935822	66.81599996492264	71.64399989753963
6.730240110015884	63.124000082761086	62.85799983978269
6.823279954910289	65.74800000190731	72.99400025844572
1.7453603836059497	67.0939999771118	73.02400026619434
7.977280337905887	66.85999994874004	65.84199990749354
11.759120664596553	76.47399975538248	63.52600002765656
7.7475996166229075	78.60199985787273	76.1120001006126
1.9030399471282906	61.919999868869795	64.10400004386905
8.158719883346565	60.200000073909756	69.10200010299683
9.808960224151615	79.72599992990494	64.11399988174438
10.10431970062256	61.011999821662855	72.26000012874607
6.04951977081298	59.08800023078918	66.21200006961821
6.74135985908508	63.40000007390974	78.21599999904622
17.634400054550166	94.26799948453909	68.15200009346009
-1.6984802120208775	61.377999944686906	64.12600002288815
4.637359846496587	73.13200009092685	72.03800016522406
5.470480168151861	61.83399978160857	72.44399952769282
10.230320411300646	76.47599994570017	69.72400017738346
8.9909597442627	61.41599996745584	81.39599970102311
11.103280302047727	60.020000071227514	74.65799990415572
-3.9071998970031805	61.334000095724996	64.54599998474121
12.996719606018099	63.38999995872375	63.03800022602078
2.7167196918487577	58.9899999967217	76.10400027513504
9.601519781875615	68.82800011634833	72.60600001931192
1.2660799343109108	64.88599985361108	76.16400014877318
6.530560463714594	60.38000011444088	66.78800012350078
18.031920285415676	76.9539996552467	90.66600031733515
9.240879948043817	62.716000345647345	65.54000016778708
7.293279769515989	62.09400006890302	69.75200019985424
15.653359835815452	72.90599988669155	70.79600017130376
-0.06328005867003951	67.37799993038175	65.78999990940086
11.460000244903577	81.04999979108565	65.46199997663487
5.016399647521968	83.98200032353395	63.92599993422624
8.657679706192006	65.89599998041989	66.50600012540814
6.027440043258666	65.27200006723403	63.84200012877592
8.140000072860719	54.91599987506868	103.80799997091285
2.4336000343322652	81.04600031733501	64.17800012126557
3.174800035667415	57.0260003757477	71.16000005245208
13.202559933471678	75.08600003644831	63.28600017070769
9.874800102996845	59.99799997150892	80.47800006389615
11.08688027267452	73.97800023555752	62.46199988573787
8.597120359802249	69.04000021174551	75.24800009101624
1.7376801525115977	69.97600045174362	61.87000015646215
5.501600306320204	65.74599994301792	77.11200002849097
3.6675198146819996	64.46399966314434	67.68999998763204
6.842960284423829	64.23400014877318	66.91199995994569
10.574479772949232	82.9420003151894	74.91199994325642
10.57592034492493	63.384000136405255	73.01600005865106
1.7520801715850747	58.69399984121328	66.04399998664853
7.120000524520868	83.75199954107397	72.57799977302548
1.786639720153816	57.96599996805197	77.13999971032145
7.062239900970458	60.92800001382826	66.20200013637539
9.205759754562363	62.36600034117699	71.29599988490344
10.577840649414053	74.12599982351068	69.81000009536744
11.485439735794062	67.18199986472726	80.73999985992911
9.092560367965708	63.91200002908705	62.169999891519545
-6.287840807342531	66.06199990123508	70.43000007152558
6.191999982070922	62.36400011837486	99.58599991321564
5.913839793777458	61.54999997779726	74.91200022131203
7.280240444183344	58.998000159859714	70.85600003242487
0.2823997142791792	61.790000042021326	80.14199993133542
4.599920280075072	66.74800014421348	65.52799997687336
-2.5384003379821882	65.39800003767014	68.71000009536753
-2.440480411148073	65.60200011879202	72.76600013256069
8.210799747085574	66.9799999201298	69.52999996662136
3.273920086288456	64.37600011527537	70.51000009581443
1.781839950180054	62.17600010871883	69.1840001153946
8.84592034988404	79.8099999189376	66.6700001810491
9.407840026855476	84.50200019597997	76.66399998426436
-5.113279929351804	67.00000014841557	72.88399984359741
3.6870399238586478	65.11999994933605	64.80999990999692
7.170960093688969	78.22800001382831	91.48599986076353
2.4719200847625666	60.50999989748006	72.1779998695851
15.649679978179945	67.16399983659389	69.04400008678437
10.307599505615237	61.368000082969644	64.14599998474122
0.16512084693908124	69.82999964535232	70.91599994659421
-6.322399711608878	61.29999996662135	85.44399989962581
12.461920053100584	63.456000146865826	67.10399975836278
15.043840276336672	87.46399974599481	105.48399970531469
3.127279820823682	74.24200004622344	62.059999859035
4.1676801551818805	64.84399987101554	84.67600008532408
5.308160229110735	70.64799986362455	60.11400001347064
21.09111964759826	60.31000002473591	66.04999992847442
14.090800455093389	68.17999969959249	68.29999984547496
11.025280049133308	61.815999842882135	83.39199973106392
0.13232009925843072	61.03799979746342	70.11599979743357
3.6568004489898676	55.21399988412859	72.55599983930595
3.902639619445796	62.39199992060657	67.21600006118419
17.354320331191992	64.72799983680244	79.26999972343437
24.022319939231895	61.10400018692016	76.33400005102166
11.912320009613032	74.88000041246416	66.33800019085409
38.21240005950926	68.45199992820613	64.4460000133514
16.05527966461179	61.60799996495247	77.46599999815223
8.632479876708967	70.06600007414809	70.8540000247955
-0.034640069961549474	67.17800007820124	71.70400002956397
18.95079996337892	62.4860000562668	68.34199992358685
7.39648003005982	68.26200001835818	69.76400022506714
1.2790399719238295	69.13200008347627	66.11600004583602
5.3644801235199	68.72600009322167	65.39000010251996
1.196160274505619	69.64799998685723	71.22399993896494
12.440079773330703	73.2759997734427	80.41400015294542
5.1706396945953434	77.97199991077193	77.07000006675717
2.3529598327636623	67.93599998041984	72.96600023269656
5.53487979431153	63.70000007510184	68.0500000691414
4.278880330276498	58.585999751090974	64.7820000672341
-0.09280051536559904	61.29199991703032	66.9539999437332
17.78232030563356	75.2920005702972	80.11400010824202
10.186559947586073	67.67399982094764	66.68200015723703
8.796320057678226	63.538000006079656	65.31799982070919
3.377599961090094	62.23000001192088	67.9479999375343
5.689920473098753	63.79799977779391	64.55000006437298
68.49048038024905	94.22800012350083	67.93800001382823
9.291759701919569	75.38800000101328	68.18999996185306
9.096960195541369	65.14600001901385	88.50199964806443
7.2870403121948195	64.01800008058548	70.49599989414214
0.8636802158355743	62.42999999880793	69.49999997138984
0.12567985763549425	64.62199979066845	67.19200026035311
26.83016022377015	70.09800016880035	71.84799999505283
4.426400152587883	66.32199987053868	75.94200032070279
13.754480006408688	65.35999973386525	75.77399990797039
5.44503960227966	63.36400024414061	63.879999842643684
-6.144000107955917	88.38399977445597	70.58600005149839
11.06672006340027	127.64999994084242	220.85199880093353
7.960080308151255	61.71199975252147	63.888000142574256
10.348959851074211	63.52999966770411	68.48799995183943
16.768480106735236	55.10200012043115	66.38000031024215
3.036880004882805	65.37199975013733	67.9899999904633
5.402400395965568	62.37999997973443	66.15000006675723
-0.1991997573852522	65.40599995762105	67.08399975135913
2.1732795585632285	64.74999990344045	71.52000013530248
18.92024000816346	72.06199973404405	71.45600002527237
4.837679916763299	69.26399977117771	71.89799994945528
0.38175968360901613	79.92599971294409	66.66399984359744
4.360319913482678	66.8199998794496	67.12000000834463
5.5049596748352085	65.70799998447296	63.28400000333789
-2.2209597736358617	61.804000234603855	75.13400047302247
18.437840088272125	67.12000017166129	70.21599997043609
5.0339995849609345	69.72599985256792	65.69200020313261
15.985679940414425	58.262000069618246	71.82199970602984
1.61192015724182	65.16400011181834	69.28800016552212
2.844960466384888	67.92599994063376	72.17400020241729
-0.7563999698638864	59.00799993038179	66.27400004714721
6.568320003890989	59.8440001606941	88.5840005457401
1.9232799068450899	64.29399998664857	69.83200002193453
4.363999614715576	65.40800001740453	101.19400045633316
17.42896032066344	60.492000301331274	65.32000000670548
5.645120522689821	66.30799988538033	92.40000012159346
19.124640006256104	62.78599987506865	74.4359999465942
7.337519587707531	74.22200010418888	152.23200077950938
3.845199967575084	78.83400016307834	68.7299998894333
4.959040143966661	60.18599994197486	75.87399991035467
8.462080240631112	90.32200013905762	68.79999973297112
-3.9056799476623496	62.357999871522175	69.61399993002415
5.84656020622254	69.17600023701782	78.1880000248552
18.63383982391358	74.70000016957518	69.28200039342042
13.301919890975942	62.80200020313259	64.95000014185906
13.796559723281847	60.954000186920176	82.73399985313418
10.086719923400898	64.55200008869168	97.84599947214129
9.436720119094842	89.3740000520647	77.20999998569481
29.879759933471657	67.22000002622605	64.81399991422897
4.5633600257873566	106.01400006115439	70.51000007390975
2.7092797370910535	59.22999994277956	73.71999999761586
-0.5786400657653783	62.57200010925529	65.91600001573555
6.252960027694696	69.41799994230266	66.20000021457673
19.09191970481873	60.470000078231116	69.70399993181226
1.1586403011322004	60.890000088214876	70.65399996519086
6.134160155868526	65.08799977257848	66.7980001282692
12.377919974899303	62.13000009536746	72.11199990034102
2.0032796413421683	57.80399998664852	73.15199995040899
6.985760393142702	62.350000096559555	66.54600016593932
8.720400538253772	69.18999999046328	62.614000256061516
3.7944799396514797	58.382000169754015	69.70400004029274
13.789119929504395	77.1800003933906	68.36800002098083
9.20415987014769	68.41400007069112	65.21600019454954
11.414799871826196	58.425999935865406	79.28600026369102
6.827599979400632	63.61799991130831	73.96799996465445
2.2606399623870876	78.79799977064134	69.83800032138818
8.198559914016736	67.41599966973068	67.10799986839294
-0.553599871826171	61.41999996185297	79.42800004482268
6.720479882049564	62.66999996900559	72.99400027275091
7.984479912567127	69.47399996519087	66.50200002148753
2.003280086517335	66.92600005924699	71.55000022888184
5.303280148315418	63.971999984383615	68.68000010967248
6.5416000453949	63.930000175833655	82.38999988794318
3.387120182418822	62.34800009131423	69.09400001168254
3.5234400390625	67.516000020504	68.16600013732909
5.73407989845277	72.4680000257492	66.82000006318087
1.7495196575164853	85.94199972033502	64.63400014400477
3.644719823837273	81.25999963194131	75.46800004243852
6.9316801525116025	68.50999981880189	69.3840000772476
5.247999888229368	66.17200048923493	78.41799985885622
13.141279539871181	66.9700000846386	65.16599993586534
5.059200053024287	71.06199989318844	71.56600019693374
4.160319852447501	69.19000000000007	65.45200007483369
0.8000802040100096	68.70599973678584	62.7060000863671
12.018480404663071	75.37800011157975	71.91600018441673
4.524640465545656	68.28200010448695	85.91600022792811
5.2657595012664835	63.34000015735618	81.45999963477253
9.749039864349372	65.91400026559826	64.97000008583066
1.092079830551157	85.6219994956255	94.00800039529798
30.361279639816278	63.36399986818431	67.20199998497965
-0.46016013183594545	68.66800006330018	65.32599988937376
-2.999920450973514	67.03999978974456	83.42599980011579
12.688239910888669	68.18799990341068	77.29199976682659
11.281200281143212	67.68000008970506	82.22999989271173
3.7313602817535294	63.30600001454355	72.10600032091142
6.696239511489872	60.745999889373735	69.14200009346007
13.36376024436951	63.42000009298326	66.70800004005427
27.491519574737552	84.83399991556999	132.19599975645545
6.693680458831776	61.21599984884256	77.17800021171576
11.32320027389527	60.2759999060631	66.68799981772905
9.232000319290155	82.23600011944775	68.43800015926368
0.08943984642028002	62.054000272750855	79.52599997758867
15.1793599658966	68.26600009560579	84.65000004291535
0.8872797237396313	69.16400001600385	70.16799966484312
8.06367983894349	63.77600016802554	75.11999997213486
10.505120138168333	71.27999992966645	84.5819997704029
10.627119791412351	66.88599984824656	62.811999897956845
9.114080441284175	71.37599990874529	63.66000008419157
2.69887973365783	62.552000175714454	68.15600013077257
0.8760800453185947	94.27399959847331	68.91999987483025
6.934880278396618	61.629999967813454	68.69199976205832
38.21119996571534	58.93399979412556	70.55800015449522
-3.175280553436267	66.04400006294243	127.02000026226042
10.737360102462786	65.49999963581563	69.21600003480907
6.8886398532867545	62.01199994325636	71.58199992656702
30.858720312500015	67.97999983429905	86.10000000149005
3.9324003616332925	61.67600007295609	78.65200014114374
32.99080013847346	64.04199988365168	79.84800006389621
-0.36623962364195867	73.49399966359132	82.11400016397235
10.192080613708484	66.90199998378755	72.93599980726832
8.527199549484248	59.748000201582904	67.7240000066161
8.603520391082768	74.41600015968083	99.95200023412708
0.44408013916015876	60.08400011062622	68.6240000712872
4.176799827575691	72.57800016880033	75.5079998350143
29.099119737625166	81.52199983596792	72.07800005435938
12.792719620513928	78.54599986076347	78.18400019168848
21.447519873428316	65.95799986168736	83.07000067949289
18.314719953918463	69.03200023889539	71.87599977493288
11.471920040893531	66.66800024986267	66.83599991440768
4.847679647064214	61.36400008678435	77.52599964201457
12.370720418548572	58.00799987792964	69.66600000381472
10.55039979248046	75.23200017645954	67.9060002112389
12.787679800415074	58.88599993705748	66.70199992656708
-0.25600056686401684	71.58199977308503	60.25799989700316
12.655120351791357	63.194000029563895	67.15800002098086
10.871760218811042	66.66999999523158	82.95799988746639
3.898479595565807	65.24400013208385	65.71200023621314
4.844799676132203	115.48999929904946	67.32799992561347
8.8263997451782	66.14000025630001	68.29400022506715
-2.1208003089904732	63.787999934554115	67.08200004130605
12.097279711914071	65.79999995470044	64.53199998378753
24.511440457153345	83.22199962139125	99.40200028181073
1.2889599800109846	60.33599987387653	71.81399991035457
9.271279788970933	65.74799982026225	62.738000087738016
-1.4219204910278358	67.71800008356573	68.72800009250638
10.020160317611703	91.06199993968006	142.12999954298118
10.84215981483456	72.17400012210013	65.96399984359746
4.961679872131356	66.03599969148628	113.56000009894387
3.697040033721931	72.59200033426283	66.96599988073112
1.2264791706085294	59.11400004267692	66.74199983119966
13.026480172348029	64.1679998838901	74.608000383377
-0.26231996231079596	76.00399976402525	67.7980001547932
1.673840264892569	60.44199990034097	60.28600031852723
6.213840108108527	64.6279998548329	74.44200012445447
7.765120951080312	60.20000018775459	81.03199990510946
8.869199921798685	72.04000003874302	73.18800007537003
18.666160152053838	63.82400016307834	70.0560000753403
4.98623964614868	65.97999988272791	87.9480000686646
3.8936004714965753	61.89000019535428	83.3640000003576
0.29191998138427133	68.2140002131462	63.9080001199245
4.10632012062073	82.86399967581026	91.00799983322618
1.5036800895690978	69.87399980127816	62.48199997901922
-3.489360459136978	66.96800018459561	66.31199975490567
10.232639778518674	67.58999997615808	67.03399996757514
5.098079991531377	64.31999985337258	66.53199987888334
11.725279693222031	78.77000029310587	67.17600002050405
8.310159854507436	62.16600029945379	82.92999991908673
7.839519831466679	69.87399994611735	68.81999987840652
8.15712003250122	91.53999990046029	65.5599999797344
8.23400053215027	70.24799991369252	110.93400023877628
5.156320161056525	70.28199979186049	74.80600005626674
6.359520193481436	74.51200026750564	76.41400010466573
-0.8643998680114764	70.6939997690916	77.70800002768632
3.453920015335078	58.92999987244608	65.40199996471407
9.148160182571413	68.49400022745121	74.3299998116494
4.620479825973508	71.9400000178814	71.05799975991248
5.581519913864132	60.36800009727476	69.56200004577634
3.4940799011230377	65.93599976539609	70.37999982357022
166.46424016456604	70.28000006198882	69.4820000612735
29.727759914398224	60.578000068664515	68.92399981260299
6.087280548095693	59.86800005882976	70.95400006413452
2.526399977111814	70.73399998724459	69.60800006940967
9.197279958724968	104.79800053313376	157.9739996087551
9.708320019149777	66.72599988818163	76.84600008249281
7.60048037452698	57.955999926924775	69.44600006580355
10.02183949890137	63.413999725580204	76.4540001216531
20.14272009925846	63.021999773979125	71.06799987167123
6.2973593307495115	68.80999993115658	73.9840000295639
7.719280138778679	82.33199987709513	66.52799983501427
10.5983199661255	57.112000358104744	68.85800019308915
10.455760108184833	60.715999984741174	70.86400009393692
13.09112015533449	63.29999993562703	67.16999982118608
1.213600254440314	62.44600000411275	65.67000006675721
37.937360338211086	69.57199996471405	67.11999988317486
-0.1298401336669844	65.17199978470804	103.58800039753322
2.382799777603133	100.72199993968016	65.56799985885621
6.286880302047725	64.77000019371508	64.21599977493275
1.937439793395991	84.92200009942049	83.87399966433645
7.131280043792724	65.41600004434586	69.27999985218048
-2.220239459228528	58.70800002455711	73.14400026500223
5.338560485458369	75.84799997806546	84.11599986076361
7.314559769439689	97.73799993231884	72.26400003433217
15.005119778060902	59.66800019130106	62.99999987959855
4.82824047164917	55.9960000121594	66.06400020122531
1.4727199958801256	68.27199975639573	69.02799994468688
4.1761599380493175	62.724000039100666	65.7280001354218
5.206480097198494	86.3079997220635	80.79799979209903
5.310720281219473	66.4440000247955	94.0499999213219
-3.9821594596862857	62.11799972012635	82.27600010633462
11.303200257873534	61.64600022554402	96.39999956414103
6.469840185165411	65.49999996423723	67.95800016880031
1.3955997161865152	105.5199990761281	66.6520002040267
-0.10920024757384095	64.04999985530965	74.7920002031326
3.3775995670318646	73.51600012063976	68.01199995368712
10.296000158691381	66.59800009012218	92.21999945521354
5.317280210113521	66.67800032481549	91.9399996572732
1.7899202663421596	94.15199966669086	71.75000031471252
-6.317760098648065	71.82799997985363	63.16600012302398
3.8543996307372983	76.72600015282624	92.53599969387058
0.4388804187774631	62.39600001394743	62.40200014591212
7.798239992904658	66.64199978232378	68.806000111401
4.924240115737931	65.05599993228913	86.06400021672248
6.653919905471796	67.27999998092653	69.33799992084502
5.182799641799918	68.36199988842012	80.73000039100644
7.377999827957151	69.5339997386932	85.09399967193605
-6.073359804153442	61.93600004673007	71.02200026154516
2.536159823608401	58.0559998333454	70.91400013640514
13.115839749908462	61.09000002562999	67.40799987792967
7.781760102462762	68.29800007343296	68.61399993181232
1.6673600170135443	64.88999998211855	143.58399934917685
8.940880267333975	62.73800004482268	68.31000021159653
11.098480032348622	61.70599993586541	70.01400017455212
11.154960046768176	60.73399999141695	58.000000222921344
0.9607204586029007	63.663999998569565	79.96400007903576
3.2175202697753953	63.37199999630454	64.33200010776515
8.67624046554566	63.939999980926494	74.12199973583216
-1.7222395164489759	76.73400039225814	65.7679999631643
0.6847201934814409	60.01999999523157	64.01999996662137
5.882080250549325	67.51400019362563	71.88399993836877
9.732559841537476	69.73000022709371	63.537999997138954
-1.635919962692262	64.93600003600125	70.10599977374078
13.379840291976908	68.98400003433225	68.56199991703032
5.269279905891418	75.02600021839127	67.02999962717296
5.345760033798211	76.67799945309758	66.72799989581107
4.035120254898064	72.31199978917839	69.40200008824459
5.195519718933098	56.799999923706025	69.36399991035455
6.384240039062488	74.18800006389617	73.09399983882908
20.638720007324252	63.421999888420125	69.71199993371964
11.455920030212374	65.31399994194507	67.49599992811677
23.006639582443245	66.95799987673757	63.102000285387064
5.094319394683846	60.821999760270074	89.41000034332282
1.2539996109008793	65.9560000181198	106.05599953174595
7.139280114746089	71.23400005519382	81.37199984550486
-0.7837598819732713	70.49599986448885	65.92400001049037
16.114560500717165	61.93200017929083	80.7139998245239
-0.4483195945739698	69.23799993991844	84.65799990177152
4.219519471740715	58.726000055074685	83.1040002846718
2.275360079193118	70.60599996596582	70.96599976658815
38.4810401611328	84.66200015425686	101.79599965572356
-0.02568027954101137	61.822000086307554	73.96400014162067
1.2103996299743627	65.4340001375973	64.83400002434854
12.712479844284053	71.71600005567078	70.28000026702874
-0.1211196399688775	68.3159999670088	74.47400005638598
5.91847993774414	68.639999833256	68.82200001716612
5.714159832382211	72.55599945783618	61.81999986410139
1.3471202014923052	57.72800015032292	72.40799990177156
13.824080242919926	61.987999777346815	68.36399996578686
7.279839643478398	101.10200008779759	63.873999941349
3.2636798137664846	58.768000036478	80.09399998664851
0.09488006668090898	67.07199994564058	70.11999992251398
28.401839669418333	58.27399995803835	65.80599999278787
5.433760243606582	65.94600008368495	85.47799974963064
5.016480315017704	69.33000034645194	71.1820001292229
9.810560424041734	82.27800002336495	81.04799997225405
12.985519810485854	113.08199971199035	73.20399997711183
1.0335998901367216	63.60000024512411	64.93199992418283
5.271680091476457	61.154000105857826	63.531999931335434
6.243279701995865	68.97400013923657	67.55000012874602
1.868639675140384	62.401999881863595	68.90799985170364
21.37408036460877	86.44400018826123	72.69399954795836
1.8863201225280737	64.29400013566017	98.41799992442138
4.6155196483612	61.41799997210506	68.5160000562667
5.8895201606750565	62.96799985930318	67.50399985074993
0.20207982482910172	65.34599993705748	70.55800014972684
7.108800077819827	62.88399998426439	76.86799997806546
2.863119668197636	66.90999994993209	69.8379999956489
1.9145601093292337	91.29199961066246	67.88800011873236
1.4150399719238358	72.30400003552434	72.04600008487701
5.144959966278069	71.61800002574918	74.64599992275234
3.477600129699712	65.99800023496147	67.8400000429153
1.8315998203277537	71.52600011110303	69.94399998903275
-3.681760340118418	61.70999990701676	66.2779997706413
12.658400370788545	67.71600000143049	72.78200051546094
1.452800300216676	90.89400055050852	70.59599982142444
52.5936001663208	70.65400033950797	73.78599978208543
4.494079898071283	63.862000040113905	74.27799982070924
5.3383998947143585	63.290000102519976	67.53600002527234
5.596000299072253	69.69199991822244	75.9280001287162
5.234960498428333	68.15000016689301	95.88000021547083
0.520959692382821	64.52400021433826	99.5560001952945
5.0582398544311555	60.89000001966961	69.71000006198882
9.37120027694703	59.96200006961827	65.10599979773163
4.429840147781379	61.92399981975555	63.589999969154555
-1.3179201465606625	65.69599977791303	69.61600008293985
2.116800254058839	59.79200005099181	77.02600003719326
4.143519871521	63.14600006490948	68.52799993515018
8.048239627075194	63.43600001454346	74.38399971604349
10.43968007392883	75.44199977278704	70.19800004065038
5.6082402526855475	84.25999982476233	74.73199995040886
3.0968801143646263	77.84200011208648	64.59799984455108
7.614720072555538	62.375999869406215	73.46199999958277
16.62455979309082	57.559999887943256	63.79800008058548
0.1867197708129958	59.95799999669191	74.7679998230934
-3.1548798183441304	68.47600031718612	67.09200007915503
14.368319890212998	77.5999998569489	96.80199979782108
14.292159679412817	79.73599986433986	69.83600000932812
-0.9424802646636959	61.58400003015994	71.0160000610351
16.789680237197906	63.6539999270439	70.84199972033497
30.190960381698602	69.60400025367737	68.47600003242505
7.17152001838684	63.44599991321559	66.81399999618529
3.6833602344513032	67.87399985194199	58.162000181674955
22.565759775161734	70.8560000920296	66.91600006580352
5.508399961471551	62.18199996471404	69.67599984645845
13.889119651794452	71.21000019773835	67.33799998283384
8.495040195846556	66.27199990272518	69.66199998140328
6.391759955978397	78.31599980115885	105.17600002855066
4.322879830551154	75.91399987697594	73.52200013205413
6.5425600582122865	66.3000000405311	73.99599991440778
4.11576019439697	73.87999980479475	71.80000000983476
21.221040106964132	64.89399976193899	65.34199984550479
3.661919736480705	69.00600018501284	90.43199991226197
11.76112080078125	60.77600000619889	72.55800013065337
5.112639623641975	62.764000008106244	77.97000024199485
8.320880241775512	68.91799988031387	71.33000012516976
15.50344056205751	67.76800010085111	65.58799990653988
7.74663987808228	68.55600001990797	74.43399998188013
7.540400067138666	76.36599987268451	65.25599992319947
12.27191985588072	56.80599994897838	73.81399966955185
8.276400171661372	62.41200014829636	65.92000001907348
-5.5299201236725075	67.47600031018263	87.74999957919108
1.2517600410461467	77.53999958932395	63.04800003767007
5.204479941558835	57.41399998426441	68.01800013482563
39.977920389556864	68.75199982404708	68.82600008010863
5.4324797397613445	65.7240001577138	73.4159998559951
11.573599835205076	63.155999965667675	71.34599996566772
3.8584796260833736	65.99399989604946	70.26599983453745
9.303039680862417	60.536000003814685	69.40800008952615
4.206799845123293	70.36600011229508	67.14600021600717
16.40640051841736	66.53999986410142	70.70200021028516
-1.3032002506256124	60.623999984413324	65.74000012159344
11.202559915924065	66.9840000669658	75.35799991607661
3.012640196228021	64.74400008320808	102.19199962615963
3.0075999595642138	70.14400012224915	70.72000006675722
-0.7101598464965893	59.630000128746005	72.99400000810627
271.79240054054236	70.84400013685229	78.61599989056597
1.3347197925567706	106.67600018441678	91.35399975299826
120.52048032722485	70.62999988079065	70.45000014305118
-0.30984024200439386	67.51800008967513	64.05600015521047
6.148720104980482	70.87599972367275	70.32000019550314
6.869360167694083	66.44200016617766	62.69000009536737
6.486320450210572	67.80999997839334	69.37000006198878
-1.560160536956792	63.405999929010854	67.15000009298322
9.421359562301653	83.42399986937633	73.35999986648561
9.074559835815446	67.22799988031386	67.80400010943413
3.8180796470642067	69.89400037169456	65.37400001645088
5.864240005874645	63.37599997043609	63.136000110656006
-1.6052001399993945	76.86200002551077	83.9460000109672
5.313360131073	78.15599985048175	65.03200008034705
3.195360280227669	64.69400007009506	88.49400015920406
1.758479708099366	68.73200000882149	68.96000010490411
3.466080295944209	69.01999984249467	67.20400009155277
11.404560056304925	63.85800023078917	72.61399995446207
9.739600366210944	61.66200002908706	69.00200016319748
4.435039975357048	73.20799969255924	64.18599999248983
3.1760799205779984	63.64800011754032	57.07999975919718
5.016479957580562	66.60599983990188	74.42200010299682
1.2299989135742158	64.49400011420249	73.32599997997282
6.617120118713373	62.83799995660781	84.86200026988976
4.105280527877806	64.34399978756905	75.66800012558694
2.9774402549743724	65.24000008463857	93.40800031065929
-3.456319951248168	63.405999913215666	63.514000034332255
9.960399842453034	64.46199986398216	70.00200009346003
0.7548794860839927	60.399999995231624	68.58200004577635
5.999120059585566	68.60600002437819	71.39000023424617
15.690960140991226	86.91800017073741	69.9420000687242
6.439680056762707	69.57599961414934	68.89200010538106
1.2381599910736079	64.33199996352191	74.1279999303817
7.494479940414428	77.10800018265844	85.1099997857214
6.131280335998528	69.47600001335137	66.17599989771843
5.520879886245733	66.7619999715686	70.568000162989
5.238960097122202	70.15200012832882	69.46600003242492
6.2116799995422305	95.97000062286854	91.4480001688004
4.112320398712161	72.33599984616032	66.7139999465644
77.83144042148588	69.68599971652024	72.06400017261508
29.045199547958372	61.28599988296629	66.65600009202961
6.049440084838864	67.39200008869173	134.7240006268025
6.61504000091552	83.39800036251546	93.87199933141466
11.125519631195067	69.22800026416778	69.8339999818802
12.750159761810297	63.40599986076354	63.32800004959104
7.4772804397583155	64.23400007367133	67.34799996435633
14.393120138549772	73.96799992918969	64.11400026321407
4.728400206375117	62.892000164091556	76.35600038766852
