0.13699997901916397	59.450000125169765	68.6820000743866
0.24999992370605567	58.80999995708461	65.7680000448227
0.5590000534057612	64.80400004148481	67.11400015264752
7.154999794960022	64.1799996340275	67.37399973154068
0.803999958038331	68.18799993067984	67.55599985361097
1.4810000181198124	60.32399969220156	74.67800011157989
1.4170000314712514	62.982000112533484	139.10999915719032
0.17899992942810078	79.48399999618523	68.86599995613096
1.2219999742507928	67.08799983978268	70.38600010395052
0.6350000333786016	63.37600020885471	69.03200004935267
0.6169999504089351	59.71399997830395	68.40800020933153
0.3440001106262195	58.81399984836574	68.42999982744449
0.35499997615814277	60.99600007772445	69.64200024604793
1.80399986743927	71.64799997597935	96.47000015139584
1.587999882698058	62.782000025510825	74.83400028467175
0.13700003623962345	63.04399987846612	88.33599998235687
0.20800006866454981	70.29800018057225	67.88599987506866
-0.17100002765655573	62.63800000667573	65.4219999027252
1.0560000276565564	74.64200019031763	114.19200036376711
0.2880000352859501	58.28399994015692	64.13399986505509
1.4119999361038218	63.310000142604125	72.09200003147131
0.5959999275207527	59.222000063657795	67.86600011304022
1.1439999008178718	60.93999998211861	74.48999977350229
0.30299997329711786	57.278000177145024	74.01599976480009
-0.038999991416930474	67.23800003290182	69.25999996185304
0.4039999675750734	69.59400009602311	72.1400001430511
1.5109999561309821	79.63400010302664	68.55800012826913
0.6710000371932976	65.76600004196166	77.03999985694884
1.5329999971389763	68.00600012362007	70.68800000905995
1.0720000219345072	71.73800008893015	87.35999975979331
1.3890001392364488	62.91199993744495	96.61999946355817
1.345999922752379	74.6539998614789	76.302000221014
0.45499994277954187	55.463999862670924	72.4779998469352
0.39199995517730857	62.60599995374684	67.71599999427795
-0.22199998855590794	67.86600019931798	72.88800004765389
0.5420000267028814	80.57000018239	65.30999988794319
0.9620000600814818	63.15400010824204	67.27999996960162
0.17899994850158582	67.42400009155277	79.78200023293493
0.888999996185304	62.33799994140863	77.75400026440629
1.57600007534027	62.49799995303152	63.412000198364254
1.7530000543594368	59.59199998497959	137.87399966716768
21.66400056421755	66.75800029277802	73.15999977201221
-0.6550000286102301	63.931999979019125	70.19399976730351
-0.625000033378602	58.9580001688003	66.83999995708464
6.913999857902532	62.75599992036818	74.88199999451628
0.9900000143051152	63.35800005495546	76.24800014019014
1.0940000629425044	63.811999989747946	72.51999974071983
1.9180000734329234	60.411999960690714	67.90200012445442
0.9800000572204587	72.23999976396566	83.94400021359327
-0.10900000095367415	60.09400006771092	70.45600027561186
0.9530000448226922	72.02999996751545	65.28000009298323
2.1560000276565545	61.87200013160706	72.02800000667568
1.0330000495910636	64.48999990344046	75.00799988389015
0.5709999895095813	78.73199990272518	74.52399981379511
-0.14900002479553137	80.58199980467562	66.48199975252153
0.2649999904632559	65.66999994516371	75.9340000164508
11.328000001907345	65.54599992573266	70.9360001897812
2.6719999790191657	62.62799974501132	74.19000004768374
1.297000074386597	69.5179995167255	68.78399996995918
1.19600001335144	62.549999996423686	78.96400003433232
1.589000067710877	77.36800013065333	91.23199985891583
0.3429999780654905	69.44200009226796	70.91600016593931
2.0720000314712532	61.49399971008301	72.44200025200836
0.2480000352859495	72.40199961543081	108.96000045984987
1.0920001649856563	61.77599988281723	73.98800003364683
14.20300008296967	67.03599992394447	69.13400002479545
0.8219999742507947	63.36400004819038	67.99800007641318
0.8509999275207522	64.99400000572203	83.98400028228765
0.4019999742507932	49.76200011178852	63.33600018024441
0.8589999628067031	62.71600002124906	75.24400011301044
1.0959999895095827	63.385999772548644	68.8499999117851
0.446999998092651	63.31399987220762	75.88000008940695
21.163000278472886	60.77799996078011	68.07399995803836
0.825999879837035	63.114000040888826	86.68199992448093
0.8340001535415659	61.43599988341336	99.23599975109106
1.725000038146973	67.77799990773198	71.08600021362297
-0.11900005340576074	61.49599989548328	69.29599994421001
1.1929999876022324	101.64999972224227	89.83399969637395
13.062999963760367	58.057999998331155	70.87799994230274
10.424000034332284	58.32599987030031	64.8100001001358
0.27499992847442556	73.68800029948339	67.32200019836425
-0.5349999094009387	62.641999971270536	70.56400002479555
0.651000032424927	63.119999821186035	72.69799998998646
0.6910000467300403	64.08400029703975	76.61599979922177
0.43299993038177503	62.40599996685978	68.07199985548858
1.6899999904632583	67.9340000724793	67.62400001823903
1.2030000591278078	62.57599993705751	75.29599993705752
1.031999950408935	55.66199994206427	62.342000056505235
0.18499996662139961	90.22800014734274	118.97400077104574
0.3320000314712522	62.27600012689827	72.8880000591278
0.7109999752044686	62.114000005722026	65.87800014197828
15.215999822616574	59.659999885410066	70.99000007346277
1.1739999866485598	71.61800011634818	71.30000013351436
1.5460000419616695	67.19000004053115	76.83399982407701
0.29000008106231584	74.25400002598766	70.14799994707099
0.8600000047683699	70.61199976086618	89.63600028038024
1.3310000085830678	64.80799987435343	67.7540000611544
1.2639999866485605	73.0900000119209	78.06599986553194
-0.14599991321563802	61.26999995470048	67.84200018286703
-0.22199985027313157	66.12800023555754	73.43800027370449
0.3519999027252206	60.23599985957151	64.79200009346012
1.2830000209808363	75.60400010585782	82.65199998736384
1.3669999933242807	70.28399993240829	91.28200008392335
-0.7999998998641974	60.014000252336295	68.0099999237061
9.851000113487245	66.28600003480913	70.85600001573567
0.3999999523162851	59.66199998855585	71.58800005793567
1.2700000524520894	56.36399985790252	67.38599997997278
0.9200000429153447	73.05199977755545	73.6479998970031
5.243000082969667	60.32000003978612	75.01000011444086
2.38700002193451	77.00399984866377	83.60000011444087
0.4630000066757208	58.917999991178476	69.19400009453294
1.0539999151229855	60.61600003719329	70.36199994683258
1.4059999608993523	73.55399982377882	88.89799992561338
0.2160000085830692	80.14600001379843	85.5759995794297
0.6579999732971186	62.44399996787308	79.19200014114386
5.848999972343453	64.11800032138827	74.0160003519058
-0.12300004482269171	62.605999846458424	70.15600009202952
0.4159999418258656	59.86599984526636	80.35200017452244
0.7409999465942395	57.0260001218319	65.58200011968613
1.2440000772476179	65.34199996739626	66.983999991417
-0.025000052452087928	65.04399999335405	64.2220000457764
0.8000000047683719	55.408000037670114	87.14399978533378
-0.6029998540878295	63.174000224024006	97.02399990022182
-0.6169999980926509	66.99000033020978	73.72000004768374
0.5339998960494994	64.52400000333792	67.86599986076357
1.6660000991821289	60.852000275850365	74.64600015640256
1.6910000133514407	59.5960001945496	72.06199998855584
1.5430000114440898	62.65999991446734	103.389999756813
0.639999928474426	67.94600025653838	73.5840000605583
1.247000017166136	71.5399998760223	71.94000024080276
0.5910000371932974	73.54800012111664	78.58399981021886
0.8269999885559071	64.98599991828198	70.69999979019167
1.44399998664856	70.48800013303757	76.18600002959363
-0.10200001239776621	63.06599997282027	64.30399991512301
0.7670000696182244	62.710000066757225	78.68200016021734
0.626999969482422	60.16600015044214	68.0040000247955
-1.2570001697540298	60.69199986964458	69.66999997615812
0.16500005245208743	88.18999994277951	67.06400009393693
1.0780000209808354	58.83399992644784	75.10200000971554
1.0750000429153443	64.33599999427791	76.09399999380115
0.6759999608993519	55.80599985361103	79.93199982643128
5.863000063896183	62.44199999853966	66.55599997997281
1.0260000610351574	57.41200002193446	74.3980002105236
0.3560000419616702	68.59000007182357	71.06199991941455
0.6820001125335681	62.232000118494035	70.77799997806547
0.2069999647140499	64.36799981355666	79.24000002145758
1.9780000209808366	62.51999993205077	89.8060003173351
-0.25799999713897787	60.88199987947941	68.63800011634824
1.4029999828338624	60.76000000000001	77.22200026512135
0.7120000505447376	67.7160001313686	67.9639998793602
0.7669999599456782	71.74800007820124	89.0280005645752
1.539000110626221	63.88599969625468	70.92600011110306
0.7590000724792465	58.9620001316071	71.09800042450428
1.376000041961671	59.3239999216795	81.9240003490448
-0.10399992465972789	60.012000065892956	67.73200000762941
0.6660000514984136	64.39199986696242	73.30399989604945
0.17500008106231738	67.66599987745285	83.09200007438653
0.7589999055862415	67.74399990499015	71.81399980843072
0.4130000686645495	66.52799992322922	95.0559996624291
0.7540001106262209	61.842000012397726	60.11000004783272
0.24699999332428058	56.44000002145765	67.2420002150536
1.8619999694824225	62.96399996981029	91.2179997634887
0.7400000047683724	58.68599996566775	73.15400019645685
0.9389999914169319	64.10399996757504	78.41400002598766
0.9219999837875361	63.627999909371134	67.96399999812239
-0.6700001001358029	64.10199984312055	67.72799984142179
1.3290000247955334	61.55800003528594	75.07399980545037
1.4049999761581422	68.79599992483854	101.98399972677238
1.4270000076293952	63.92400001451372	66.23800013184547
0.24400002002716037	62.08599994242195	63.973999867439225
0.25300008773803695	61.37400006443263	146.12200000643756
8.714000205993647	67.41800003409395	68.01800014495852
1.0490000104904178	62.08000019133092	73.59200035139918
0.37599996566772426	61.82999991074207	70.62600008249285
1.4220000171661373	60.56999997615814	64.52999990463258
16.614000146389014	60.71999990582464	68.16599998235696
0.19800002574920517	63.202000150680554	80.1999999845028
1.1979999589920032	62.43800000876189	85.6180002045631
8.989999957084663	69.0919999293983	109.3279995143414
0.6080000257492083	60.19999991059301	67.97999995231629
-0.07899984359741086	59.00600004673002	73.20600010037425
2.0030000543594353	78.33000065326692	80.03400007247924
0.0469999504089358	69.02200053334239	67.36600018024447
0.802999920845031	58.44000003337861	65.81799999952312
0.6999998664855966	75.67600030660628	65.53999992936849
0.8610000753402706	62.805999853163925	68.50600008010856
1.1150000286102293	60.51200007200241	73.15399982452395
0.892000041007995	61.646000019609865	91.0660001286865
1.2269999504089357	60.35000003814689	70.79600004479288
1.3190000057220461	87.82599999666215	67.17000017881394
-0.704000062942505	57.8200001382828	65.59799997523426
-0.6150000286102293	58.69199994683267	83.49199994087226
1.700999965667726	59.40000004142524	70.36799977302553
0.6309999132156372	73.55399979397653	70.5759998598695
2.391999921798708	81.38199992179868	81.969999845028
-0.17699993610382045	58.90200007870794	70.80999997615818
0.8609999608993519	67.61000006794929	67.12199989318847
0.6129999923706051	56.17799987196924	74.57599996089932
1.1200000524520888	68.51599996089939	75.72999972343442
0.7199999904632572	58.81600009799	72.28399994850153
1.5229998874664294	87.37999991700043	71.42599984884264
0.2779999780654908	61.607999758720396	109.25000025495889
-0.5120000362396238	68.59399984121326	81.89399983882912
0.2699999570846569	75.72999998420481	73.18800001859661
-0.5699999523162851	57.30799993753433	65.76200001239772
1.0440000581741335	59.813999950885766	63.73800001382832
-0.014000062942505585	61.57000006437295	71.36799997448911
1.3069999980926503	59.6859999522567	67.54200004875656
-0.3909998989105228	68.29800011307007	66.9700000095367
0.40199994087219226	71.63799996316426	68.58199998140334
1.2800001096725457	71.62999991804361	68.89399994134905
1.0040000247955325	67.5179999756813	113.18000040531159
1.5200000905990618	73.7200002236664	70.5620002508164
0.6369999790191663	65.97199994325635	107.7659999817609
1.284999971389769	66.05999994277956	71.17799999475483
24.042000124007465	62.629999944567636	72.05199970602983
1.389000043869019	62.58600007802251	67.18000001907345
0.03200010299682731	59.414000146985046	94.37399983644477
0.6950000524520866	73.79799984931937	65.71999992847445
1.77000002861023	64.72399997621774	89.46999972850092
0.7919999933242806	65.0339998733997	71.8299999845028
0.9829998826980596	69.22000008225434	88.29400039672855
0.4150000381469721	62.74400023177264	67.48800000280139
1.3269999313354486	68.45999985560765	86.55599999189373
0.07000002384185852	58.05600006297228	76.14400020241739
-0.07799994945526045	58.49199991703034	67.3360000228882
0.43700007915496847	64.83200014710425	71.94399994373322
1.2259999418258665	70.63999998569489	70.68399979829783
0.9540000820159926	62.512000002265005	73.47599991232154
0.8380001401901235	58.42400014325977	88.41800015330318
1.093000001907348	73.23399999856947	69.41799993753429
1.03500000476837	62.44600015729666	74.62999996066095
0.9999999856948846	59.86599999278781	71.69199995517728
0.69000005722046	65.85800006747243	69.5360001182556
-0.23300000667572127	66.2759996294975	99.46999942272903
-0.5900001001358032	60.43599997162816	89.77000036716466
1.6819999885559076	66.83600003004071	68.93999986648562
1.1240000486373907	62.40599985361096	71.6319998168945
0.8999999904632582	80.60000021934499	72.54199990272524
0.8609999465942367	63.38000021904708	78.76799985527985
2.255999894142152	68.14400001525874	76.09999985337257
0.8779999923706039	57.91399978399275	77.03600010871897
1.1180000257492082	66.14600010871884	103.17800019010913
0.8689999532699578	64.73399968683718	73.17199979662894
1.3719999647140495	62.893999945670366	66.61599987030023
0.8799999952316276	62.94599986076355	71.46400004863736
-0.3210000324249279	70.31999990582463	66.27600004434586
0.4719999504089348	61.5799998658895	70.09599999621508
0.3409999942779552	96.17799991607677	64.24800012111668
1.1890000629425057	61.50600010037421	82.03799982547763
0.4169999742507934	72.60399970293035	92.56400012016297
0.7249999904632555	68.6519998919964	66.96999978467818
1.3539999818801896	63.88399987220766	72.57400002360339
0.7460000276565558	78.40000029563895	85.31000033318995
0.8140000677108753	67.67600012183188	70.17600026130674
1.1260000419616705	62.84799997806544	80.22200029850008
1.778999948501587	77.28399983525279	77.86399984598162
0.9809999132156368	60.454000251293174	74.12199986755844
-0.0880000925064079	61.905999948978476	72.96200014472007
0.8889999675750725	58.00399981454016	67.96199996948239
1.229000077247621	64.64999995470046	74.01600005149845
1.5330000209808328	67.40200000524517	72.49800005674366
-0.9339999675750731	81.19399981260295	109.15400038629768
0.9429999494552611	58.87999979495997	67.97599999904625
0.9379999399185169	78.27799972534184	87.81200028479098
1.181000022888182	63.26200013637543	72.33400019228458
8.716999950408935	61.023999938964806	68.47200004100796
2.5689998197555544	67.61599994659421	67.85400001525885
0.39400001525878914	65.94800008296968	70.43199997901917
0.600000004768371	72.20600034832962	69.94399985313416
0.4770000028610217	65.28599995374677	71.57199987173084
-0.2989999437332158	58.92400009259583	76.13000018775459
1.124000005722046	72.0939998066425	81.94000008285042
0.4970000886917121	65.6920002186298	74.75800012588505
0.9060000371932987	67.51000005125996	75.61200004041201
0.4740000581741332	58.70599985122681	76.61200006186962
13.750000095367433	60.06999993324284	68.75999997854231
1.749000105857848	62.09399997591966	85.10599990054966
1.3630000734329228	63.171999926567125	68.83599999427798
0.6090000820159925	63.32199980735776	69.54199992656709
0.22300000667572048	59.556000041514636	70.2800000047683
1.1140000057220447	59.554000051021546	70.97599987983702
1.5710000133514401	81.58200022220609	78.27600016117098
0.08300007820129449	62.069999985694885	69.89200007677078
1.9450000047683722	63.17999967813492	115.2260002374649
17.36600006580353	73.13600039005276	65.21199994087218
1.072000060081481	61.377999973297165	75.36800012946132
1.051999945640563	71.72200013190502	78.7720000338555
1.4289999532699598	64.29600031614304	67.32200015544893
1.5380000352859495	61.51600013971327	76.24800000190734
1.363000025749206	63.486000310182575	70.37199995040893
1.2190000438690196	60.03400011062616	65.77199980735779
0.9830000543594362	66.50399996280662	69.80599998474116
0.7549999427795416	62.20399998784069	70.8599999904633
1.1509998798370362	62.27200010001659	71.88000030994415
1.0020000505447377	66.001999719739	70.14599990844727
1.5679999971389766	58.42999993011352	75.68800029665223
0.23700000286102343	61.78200002670288	126.0740002131461
0.3519999790191644	59.651999813318206	70.94400006294252
0.08700006484985287	62.275999925136624	70.33999990463252
1.0700000190734864	59.38200018286699	97.73000026822085
-0.5650000429153447	64.41399991631505	59.36800003632899
0.6890000057220446	91.28600048854945	75.60599960997706
-0.0640000391006471	78.34200033545493	69.34000002980228
1.1490000391006459	67.10400013163684	72.23400006055827
-0.06700001716613686	63.965999895781245	66.01200000286104
0.5269999790191663	58.81999986171725	75.50199982643127
-0.9200001239776607	71.71199982762334	68.82600027084348
1.1350001192092871	71.1420001602173	67.63800001144408
0.7090000486373885	55.90400016158821	80.98599979162213
0.7700000476837165	59.094000061750386	69.53000005245211
1.161999955177308	67.4039999952913	70.43200023740528
0.9610000038146961	59.837999787330645	69.19999997377394
0.9120000028610216	66.22000026822087	68.2879999828339
0.5029999828338614	72.97199972674247	80.66200005054482
1.3530001020431506	64.84199988365171	64.69199994564052
0.7850000667572015	62.240000019073456	67.66799994945526
0.3590000104904161	60.7500000715256	68.84399998188019
0.8099999475479126	61.849999980926555	81.17799964189527
0.27500008583068974	63.699999986290955	84.96800020217887
0.05500007629394615	67.19199991837142	66.52800002098084
0.8479999637603761	65.60800001144409	62.45200015544893
-0.039999957084656285	68.65599981606006	73.4339999437332
0.8910000276565561	65.49999976634977	70.06199996471402
1.262999935150148	64.77000000953673	68.78199977919454
1.1279999685287476	95.48600003242484	68.92000016450882
0.9930000543594365	64.3560001778602	77.26199985980986
1.896000037193299	97.6560005246103	65.83800011157989
0.834999985694886	64.44999999046327	66.13200021982189
0.8370000314712515	58.20999996453521	79.60800021171575
1.4049999475479114	59.33800004303456	66.84200010180473
2.12399995326996	75.00400011777873	68.8840000104904
0.8220000076293935	99.71000056773437	64.03399993896487
0.47100007057190013	63.99600016117093	76.17000003814698
-0.1719999837875371	60.21199996620419	65.34400008022786
0.16199999332428106	62.31200026035311	67.07200009346009
0.4569999933242808	66.59400026053196	72.22200000286111
0.4539999818801879	61.33399985790255	78.37399985075
0.7080000209808337	62.98600014418363	66.69600005626677
-0.4309999799728401	59.899999930858556	64.9620003098249
0.5719999456405627	59.54800007581707	82.44200005292883
1.9080000543594373	76.00199987366801	80.97400025859486
0.6820000314712532	78.05399974584579	111.06000025093562
0.01400010585784941	56.936000020504	95.93600034952163
0.27900009632110473	61.002000141590884	62.314000167846594
1.0720000696182255	66.58199996352187	72.18600021898747
1.1910000801086413	64.80800014376645	85.18599992394452
0.16000008106231595	68.72999991655355	93.42800045534968
0.7029999685287482	74.54600009679795	92.00199995517725
1.0659999656677248	64.08200014501814	87.78999999850991
0.7659999895095815	67.25000016689299	69.49999991655343
0.8119999694824209	64.06799989223482	68.14800008535387
0.6119999456405645	62.74000005245206	76.5199999713898
0.6260000371932986	85.45199999213212	66.64000008106227
6.822999863624574	67.2579998266697	68.21199980735778
-0.026000037193298766	77.82800018727771	72.24600017309194
0.004000005722044987	60.21400000616905	67.05200011849408
1.774999980926513	60.18999985724687	66.52000023841856
-0.3109999370574949	58.88599991977213	82.16399988174446
1.1099999475479125	63.69200018644329	95.11600003406411
14.665000333786008	67.56200036883354	73.50199992656705
1.8509999918937663	64.76800018787381	71.107999766022
0.7050000143051157	69.12599985957145	68.29400017261503
0.40300003051757705	72.97800001874562	67.9440000338852
1.2020000600814813	60.05000006929042	70.40799995005123
1.6900000095367433	75.76600003719336	67.68800007820124
1.2439999151229864	65.75400009170176	88.861999784708
0.7900001525878921	61.03000005930662	70.93000004768369
0.27899999618530297	63.99000004768367	65.62600018024446
0.6320000505447392	60.38399999022482	78.8080001068115
-0.1290000724792489	62.42200011014934	68.85200009346005
1.351999998092651	66.70200003057715	96.32599995851508
0.7280000066757198	56.83199993252758	81.7119999885559
0.2119999456405632	59.08000008583068	68.41800008416175
0.3440000295639025	61.71199981808659	82.03999984323981
0.9500001382827759	62.825999948531404	72.79000002861025
1.999999942779541	64.85599990010263	68.21399986743917
1.5609998750686627	77.90000019758935	73.27800005316733
0.8160000371932968	64.49799986362454	73.64000000476842
1.1160000371932972	81.26599985331292	91.47000045239928
2.068999953269958	69.04999994784592	71.76200010657307
0.5240000915527336	63.50999983787536	67.1940001134574
0.5489999771118159	69.34200013115999	72.98200016975406
1.8740000009536752	68.83400012493134	112.09399987101555
2.0970000314712536	75.3000000882148	89.5980001032353
0.8240000772476207	63.83799987673755	71.8560001039505
-0.4319999361038213	68.60200012326248	72.29799998998647
0.38900000572204535	74.5639998674393	66.34799985885617
0.8930000305175791	71.75800031185146	70.72800003767007
0.057000036239625004	77.54000066757193	74.99799993008376
0.046000123023986615	60.695999893695095	68.09000005722042
1.266000075340271	73.86799996465442	72.51599998593326
1.2519999837875373	57.87399984478954	72.89599990010257
-0.04499990940094077	59.12600015327333	75.97199985980991
0.5889999198913587	59.52799996614453	95.7839998811484
0.23299999713897623	63.374000111818305	68.27799978375431
-0.3160001420974721	60.85799995660778	71.14200006961822
0.8449999904632576	70.87400012731547	83.74200025737291
2.409999933242795	57.380000062733835	94.27599981307982
1.9920000648498546	64.4439999584854	70.51400008201597
1.079000034332276	61.29800020098686	73.40000019788737
0.22200008392334072	65.21600001454354	67.60200000762937
0.717000088691712	62.55200020134444	77.99400003433232
1.204000034332274	69.10200002193444	75.93200003385543
1.3880001735687253	63.71600003600115	78.27600004196168
0.5869999408721933	59.59799993753438	70.8120000259578
0.24400011062621946	86.704000096321	71.92999982118607
1.460999960899352	62.88199997186661	84.02799995422367
1.0929999160766604	77.91799985617399	75.59200003623963
0.9170000648498537	57.815999945998165	72.91199985176324
0.5879998779296881	78.79199979305257	75.62800008773799
2.372000002861021	62.766000099182136	133.39600031167268
0.1680000019073474	60.01200011372565	71.6219998836518
1.2340000009536742	68.57599985837929	71.96000018835068
0.9519999742507926	65.82199997186665	72.68800000905995
1.0150000476837169	79.94399980783469	75.28400000184773
-0.4020001125335687	58.232000079154965	65.3900001239777
0.44499999523162787	64.15799990177155	86.57399963378914
-0.20300006866455017	70.77800014495851	66.56199994564052
0.4560000419616704	64.44999993801113	68.04200011730192
-0.11599997520446886	80.98600014448168	66.2200000190735
1.138000092506409	68.10999951958648	69.60400001764299
0.961999993324279	63.80000027805568	68.85800015449527
0.6250000095367438	69.61399997830394	85.25399996042255
0.6610000419616711	62.582000102400876	100.2120002031326
1.3439999485015857	65.16200019896029	77.08799990296359
0.20500001907348603	66.56999997794631	87.9580001127719
0.9240000486373904	67.93600013375278	76.71400012493133
-0.7030000686645516	65.11000030994416	93.23400019168857
0.1409999799728392	61.72200021743777	68.50999980926514
0.3059999895095835	66.56199980258937	76.73800001233829
8.152000107765199	61.76999988079073	90.04599980682127
0.5559999179840075	72.58799991756682	69.91599975675342
0.47400000572204465	59.47400027394298	68.35999990940088
-0.558000040054321	58.14000018507243	66.48000011205669
10.152000131607064	60.070000033378584	63.12400004386899
-0.40099989891052346	62.53200004100798	72.75400026917458
0.16499992370605557	68.56799996137613	95.52000012040138
33.43099992036818	67.63599995791914	67.50799986839294
1.0410000371932986	59.39199984550475	70.79400012969973
1.5909999942779531	66.27800007820132	78.70600042581556
1.9149999952316286	68.99800000146028	82.58399975776673
-0.0009999990463265447	57.118000271320355	77.00800002932553
0.34899997711181574	75.04799968481053	66.66199991226196
1.7909999513626091	66.8200000423193	111.87000081300738
0.3360000228881833	59.84599984526636	65.21000016212467
0.5520000219345087	112.41999954879283	72.63999993026252
13.93399995803833	61.83600011765959	80.90399994179603
13.389000010490413	63.15000001579524	67.58000011831517
1.1670000219345091	76.38400047346951	117.28600027993326
1.0269999647140509	63.8980000638962	72.00200014397497
-0.18500005245208803	63.830000035017704	69.39600001215938
1.7140000724792481	61.032000064849875	103.12199976444245
1.449000105857849	63.72400002419946	77.61199998378748
0.5760000133514389	59.943999893069304	67.07399981528522
-0.17799999237060654	91.23599920570852	73.83599991083145
0.425000004768372	62.300000109672524	66.58400009155272
0.6309999895095821	63.004000092744825	70.14400003135202
0.4409999895095815	64.62199999496333	72.15200047969817
10.264999933242795	61.36999982357025	64.77400005221362
1.4719999694824215	63.20199992060666	73.650000371933
13.04699996471405	71.7699997246265	69.13999981209636
0.8320000648498531	65.77399978160855	95.26600027799601
1.6740000438690201	58.89199981778856	68.47399980068208
0.30699998855590804	59.10400010466577	65.03200012445447
1.3210000228881844	64.00200003623964	79.44800035834308
1.2759999561309798	65.74199987769126	71.69000024795538
0.21999997138976965	59.77400011733172	83.72000023722654
-0.3169999122619623	58.39800014495849	69.32000007510182
-0.11400002956390395	55.8340000462532	78.2019999861717
1.902000041007996	64.9679999989271	74.21599999904625
0.41600003242492684	59.09400002554061	98.95800000190742
0.853999924659729	64.05999983072279	67.62799993276596
-0.4910000753402698	59.61400008916858	77.24000031948098
0.21500003337860107	74.57799991607669	72.6079998874664
0.1550000476837167	63.56400001764299	73.48400014638895
1.713000082969665	61.610000150203675	83.26599990427493
-0.8499999713897708	63.78799998044962	67.42800005912778
1.6989999437332166	67.2299998898804	68.52399992465975
0.14700004577636733	60.320000014305116	77.3480001842976
11.635999879837033	60.88199983030563	71.54199994087222
1.1419999837875354	61.22000012159345	68.07400000572206
0.3610000133514406	69.68599997386337	70.00000002384184
17.258999980986104	64.53799998670821	74.565999866724
0.8920000076293932	66.51000018537046	71.49800012588503
1.1739999961853023	70.44800011694434	69.37000017076728
0.6139999866485601	63.398000154495236	72.39000013589852
0.5239998865127552	63.6580000257492	90.35800024271018
1.2509999942779524	64.33399996757504	80.9960000658035
1.7620000457763672	61.95400019168855	73.69599995613099
0.45400010108947664	59.50200011014943	104.74799980401994
-0.6699998283386216	69.5600001573563	68.54399992942807
-0.32699995517730673	59.21799992084503	83.36999969005585
0.8400001096725473	62.4940000033378	73.3920001292229
1.5360000276565549	62.91400004461409	68.82199991703023
0.3620000219345086	89.03599960565562	77.58599997878075
1.7290000247955328	62.9020000064373	68.9939999967813
0.6590000200271611	58.647999979257584	66.95400017261498
0.7630000305175785	63.03000007152553	65.95400003910062
0.9919999408721923	68.36200014591216	76.43400000572204
0.40299997329711923	59.658000087737975	72.91399998188015
-0.02900004863738994	67.13199988842014	73.94599986553195
0.3909999799728388	67.00400002598764	78.15800026655194
0.9190000295639028	60.866000003814705	71.7400001454353
1.4960000276565537	81.49599978327744	74.9320000529289
0.8699999666213994	56.490000007152524	83.94600051403053
0.019000000953673782	66.00999992132188	81.14400013327597
1.3899999666213974	67.31600025296214	76.51200001239772
-0.7489999485015882	57.6540000510216	65.4680000889301
0.4399999523162836	59.088000216484055	74.67999996304509
1.812000012397766	60.31799969434733	70.82200021743769
0.6680000019073492	76.67200004577633	71.80600024968393
0.09499997138976973	74.71000006794927	63.90600008308888
1.3449999523162843	79.30400004744529	71.27800015449527
1.148000102043153	59.77999987125397	67.8559999322891
1.1589999771118167	62.9199999642372	76.58399998664858
1.7140000009536742	72.05400012850757	78.11800023555752
0.20899996280670083	58.82199994087217	66.2159999255836
0.681000008583068	80.81200064182272	72.52199974417684
5.085000038146975	60.33799988150595	68.81200000047689
-1.0969999361038216	83.21599975943572	74.10599992275239
1.4270000171661383	74.21799995422363	81.92000008583067
1.029999928474426	83.0200002098083	122.75199975162748
1.6720000600814806	63.52999991178511	73.00800007224082
0.4660000157356257	64.50400025606153	63.79600020408632
0.16699998378753575	59.035999894142144	68.44399998545636
0.7639999914169303	65.72200009778142	72.42399989962583
-0.6020000362396224	68.88400008514522	72.80799994766716
0.15299997806549198	72.14200040385127	68.28800020933146
-0.40399991035461325	60.007999873161275	73.29000039339071
0.6850000238418582	63.15200005486607	81.29400039345019
1.436000108718873	60.102000105381045	69.48200020790098
0.7780000305175793	63.37000006794924	72.45600004672998
2.328000049591064	61.45000034093859	80.66999998092649
-0.8890000009536745	73.05399992942809	70.19000000476838
-0.014000020027159589	67.38600021183485	68.57200002431864
9.887000069618226	57.95200001716611	64.64799990057944
1.3800000047683718	65.76599999368192	72.61000007867806
0.6510000371932982	60.82200004234908	64.56200003504755
0.5229999065399169	61.868000026494265	75.73400022029877
1.9779999923706044	72.60999969199301	79.15799990892415
0.4330001020431532	63.271999929398305	73.41999991178511
1.5420000123977669	59.81800016641621	94.29799969375135
12.70100001335144	70.34799960374832	71.74000029563896
-0.3990000343322762	63.6180002140998	71.22399996370073
0.4549999046325686	68.23200002193448	67.41800015926358
1.7500000333786008	62.79399996995925	69.57399985313417
0.6409999656677244	64.82000025987625	97.59000053912396
-0.8460001325607303	64.6899996709824	70.37999982833855
0.9929999589920049	68.39799979329108	71.93000001668925
1.7119999599456792	63.279999939799346	75.20599999427802
0.5209999847412116	61.3139998781681	68.442000220865
1.420999932289124	63.54800008773798	71.9360001683235
0.936000070571899	76.95199989378452	66.90199979305265
-0.5349999427795413	62.94399975299835	70.79600024104118
1.3589999151229855	61.89399996042248	68.98800008773802
0.5129999160766608	83.65399996757502	68.10000007867811
-0.28200003623962355	61.57999994397158	75.55999996662149
1.0140000152587882	68.82200012207029	75.4019999122619
0.9319999980926498	70.17400012016296	63.530000257492055
-0.39399989604949864	69.84599998712541	71.33799998402593
0.3389999437332148	53.02399986267092	58.088000149726845
0.5759998798370374	65.68600023150447	76.84600000858303
0.08599990844726596	70.43000005930665	70.27000002145778
-0.35099995613098256	74.24800028845661	71.6660000705718
-0.936999931335448	71.3980000376701	68.66799997448923
-0.3840001010894768	61.22800022602085	71.81199999809265
0.4479999113082897	81.29600011378524	70.2899999010562
1.4640000629425065	62.30399998664858	72.89200010538099
0.46899999141693044	60.542000063657774	67.26200012072921
1.6069999742507939	65.38399977087971	73.22199986934665
0.671000089645385	76.87000019758935	101.81399993896494
1.0650000095367433	65.21400012224913	76.91000009536738
1.3709999942779547	62.79199987053867	93.99000016838313
1.8319999456405647	67.36600007817148	79.43199994087213
-0.9569999933242801	67.29599999547003	69.08399990558627
1.4179999685287459	62.35999996230002	88.7920001626014
0.5299999141693096	86.39200000047677	88.50000002861016
1.0560000133514416	68.08400025606151	93.27800035953513
-0.33100005626678564	58.11399998188017	85.22600012302398
1.3189999532699581	81.07000035166743	68.21999984741213
0.031999998092651014	69.75799994990226	84.16399957299224
1.190000090599059	74.93799981474875	79.13200001478195
0.8570001220703114	68.0740000295639	79.7480000853539
1.497000045776368	66.07799988269804	81.50600014686586
0.7960000133514407	68.63800000220537	70.08800014495847
0.12300003528595041	63.10200019359588	72.47399985551849
0.5049999713897702	58.33800000190735	63.958000135421756
0.40000005722045917	71.90800014376637	67.70599998474127
1.7110000085830679	87.33200017213815	127.53200075000535
1.0740000438690165	63.84000021517281	75.45199995040896
0.7249999809265133	65.80199997186656	75.35400010704996
1.222000155448913	64.89599992752073	74.18200019836434
0.60700002193451	60.02400003030894	80.10000013828278
2.1700000715255765	73.86799955129621	78.02200006216755
0.47399997234344615	58.677999916076644	68.43600012019279
-0.01900004386901917	57.62600002795454	63.82400003910068
1.597000064849853	62.60599998354906	92.55600000619891
0.9880000782012932	66.80599995434282	70.31799991369247
-0.07799995899200315	59.811999957561454	86.75600043296808
0.5050000047683706	61.02199983835214	89.37599985122681
1.3220000457763676	60.56800005093219	67.27599994838233
0.30099997997284017	60.57200013577936	76.32800021648407
1.3020000982284556	63.640000118315214	70.8899998955429
7.993000059127814	62.002000415921216	75.49199991360302
2.13099997997284	63.243999967128	72.78999984741213
0.22300009727477907	62.75999999761578	84.52200000286099
0.8150000667572013	61.08600001841779	72.76200023412702
1.1900001049041757	59.42000009536747	93.44800029277798
0.08100012302398668	63.47399992793796	71.14200006961816
0.5040000247955316	62.340000086575785	85.43400019168863
0.6449999856948851	61.868000190258	103.09399984478944
0.7939999437332147	64.23599993467339	70.71599973157049
-0.16900007724761917	55.16800008684403	116.23399979591368
12.39500012397767	85.77000061362969	73.93400012895457
1.2489999341964735	65.51200016021724	94.89600028827779
1.3909999895095817	77.7699999558925	97.47800028443326
2.8350000238418605	69.35400006055832	75.46600021541114
0.6469999933242799	64.91200008600948	82.39399979114533
1.8899999666214005	65.42000000476837	83.06199995517727
1.2530000734329212	71.35199994087216	74.47800022780905
20.36099995136257	59.25800004214051	72.74999975353485
0.08300006866455116	58.35399994567038	66.69999987244609
0.6469999885559065	62.05600007891659	66.13400016784665
1.8620000076293954	63.817999743521156	162.6259990179538
0.6730001068115219	74.70999997675418	69.43399989128105
2.323000016212465	65.3740002822876	74.06199989080433
1.1209999752044668	62.837999935150165	76.41600023269658
0.9109999942779538	65.78999992474907	74.19599999308588
1.0049999094009396	62.42999992847443	70.04600021600727
1.2080000638961796	79.0339998173713	74.43600006580344
1.3029998493194581	68.09399991989132	65.30599997162817
1.2800000524520874	63.70599992275235	80.15799982190138
1.0950000190734857	70.21999991893763	92.6480002355576
-0.5830000209808339	66.8220000505447	71.4600000160932
1.1919999742507934	63.44999999940398	86.62399987220762
0.43499994277954107	67.6120001506805	80.13999972939497
-0.37100004196166886	66.75200013637537	71.29400004863733
0.7410000848770156	64.2740000574291	67.56599989891056
0.8939999675750734	72.19200014114378	69.75800024032596
0.7460000038146984	67.2579999268055	67.048000164032
0.8040000486373899	70.4800002396107	67.86600010246043
1.1800000572204596	61.71600016117101	70.37800016552215
3.089999938011172	66.43799994349482	69.57799991607665
1.6200000524520861	67.7340000724792	70.00200000002988
1.295000014305114	61.403999664783484	71.56200011730196
1.4410000133514411	77.3679999089241	89.16400002285835
0.7130000829696662	59.77999986112118	74.26000006675724
0.16500000953674346	63.743999748229946	67.51399997234347
2.159999947547914	69.21799992755054	69.40199958562847
1.1740000486373905	66.11800009205933	149.13000020086739
0.46600004196167066	61.303999936580645	71.62999984979618
-0.1590000534057605	62.879999928474405	66.76000020980834
1.0449999999999997	57.85800001144409	73.92999979689708
28.953000108003618	62.19600019454952	70.64400003433227
-0.3639999389648424	72.53799983501433	71.7559998616576
-0.07399990081787183	60.53599976956843	72.90800011545419
0.5980000162124623	62.39800032019612	68.16399982452393
0.9230001258850086	63.12000024795528	70.76600039049984
2.0270000410079945	73.53999994277954	77.59199996471399
0.7759999847412108	99.10999982833857	66.2580000579357
1.396000127792358	61.85999990105622	69.7539997291565
1.2300000333786019	67.19000002861014	76.09999994993208
0.6520000267028822	57.883999979495975	73.24000019073488
2.453000106811523	66.82800011128185	67.64800029277801
-0.06299993991851897	85.33400009036068	73.29400024652482
1.5590000820159913	61.027999982237795	69.56399977356197
0.2780000543594352	63.09999996423724	67.88800003528593
0.6850000190734853	59.84199985027314	70.48199985742569
-0.10100004673004055	64.35799993038172	65.50800013065333
0.8469999408721919	62.97000006675719	64.97800022125244
0.342000036239624	60.39599983811379	74.76200012683863
0.9970000219345108	98.42800031304365	68.23400012493136
20.444000062942507	61.44600001990794	80.09999980926514
-0.6550000143051143	62.933999915122975	73.80399979352953
0.08199994087219284	79.52800010681146	68.14400003820658
0.5540000009536746	59.53999979972836	64.13800009250639
0.12300004005431996	58.672000069618235	65.55799994945531
0.6040001535415644	67.96000013113023	71.66400019645691
0.46200002193450895	62.32399985432625	66.7820000171661
0.8599999570846566	59.66200003802769	70.71200016975406
0.6219999551773061	114.5479996728897	65.1940001177787
-0.10199993133544985	61.51000012546781	72.07199995994557
1.5039999771118187	64.40000015497209	75.36199980258935
-0.43099986553192093	58.44800021648403	67.14599991798406
-0.546000027656556	69.87200004518023	66.76800006389612
0.3780000209808358	60.69600001007318	68.15199975773693
0.9920000076293952	61.68000011205672	80.1200001382827
1.268999896049499	62.98400004029267	64.79000021100042
0.2680000925064083	66.52200009524826	68.56800003051758
0.10199998855590743	66.67199985742569	80.01800008058547
1.9920000743865975	67.61999986603854	68.10599988937376
0.9690000152587872	60.87599977746603	69.1120000076294
0.007999997138977335	62.45399988830087	72.58600005626677
0.4419999837875374	71.28199980542057	66.46200007438657
10.26000008583069	63.63000009775156	76.00800031542778
0.1849999809265141	89.76400022268301	74.54199988842008
0.6699998855590813	59.24600001037122	73.65800000876185
1.0050000000000008	79.53400032043449	71.43199994564054
1.2299999999999993	61.287999919652876	68.92199996471403
1.6329999542236335	69.96799990653989	77.98800015449523
-0.15299995899200536	59.63400017783043	68.5480002611876
1.2870000839233404	67.04200008749955	70.44000022292144
0.28300008773803814	61.12999996379017	72.895999879837
0.4999999999999992	63.707999897003184	70.36599998474122
0.7520000362396237	65.37200013160701	68.61599991202358
0.5610000944137574	65.9060001707077	67.33599988698958
1.3029999923706055	64.56800012022256	95.62600010395052
0.9069999837875358	74.76800017237667	70.69199990272519
1.7699999094009422	64.6220001494884	68.23999983787532
0.5350000190734869	58.425999805927304	70.86200003147125
1.4699999809265143	58.55800003051755	78.20600026845933
0.8229999971389769	58.65199993610383	74.0200000333785
-0.7909999608993541	60.502000121474225	68.86799993515018
0.3960000467300417	75.6440004563332	74.92400009036062
0.7860000705719004	57.965999931097	77.81199998646984
-0.4440000009536755	64.595999956131	67.52800001621245
0.7990000009536733	68.67200012117627	66.8719999332726
1.4220000028610227	69.01600019097329	95.12800043106085
-0.04999996185302828	70.05600007295611	88.48999993324281
-0.05800008773803765	62.344000227451254	72.97599988698964
1.3699999666213982	62.482000072002464	68.99199998378752
1.9709999942779546	64.84000017732384	88.27200031757357
1.7300000333785999	61.27599992111326	68.00200003862382
0.2160000038146978	60.18599999427793	77.59999994337552
1.7279999780654907	64.37799994155766	80.71199996307487
2.451000061035156	61.02800012350083	69.4420000958442
-0.01700015068054308	78.85400038853273	70.74999990224845
0.16199993133544868	62.81400010466572	64.54600004121669
1.245000014305114	61.37200017079707	66.79999989986418
0.5269999361038197	61.13199995636941	74.97000019073488
-0.3659999561309827	63.30799976363778	63.11199999332426
-0.3350000715255742	58.397999929189666	72.31200020313264
0.7760000658035283	62.31999982118606	72.01000033378595
1.7659999275207503	66.09800005406142	74.72999998807904
1.4099999761581439	57.630000051259984	75.25400014877316
-0.268000063896178	65.00199997425084	63.262000048160544
1.145000090599059	65.9120000171661	70.2900002574922
0.8219999170303346	66.49399991452697	78.0139997434616
1.3659999465942385	67.51799987673756	68.55200017929081
2.3129998779296894	61.82999988317494	84.96800002336505
0.7400000572204595	70.9100000596046	70.11799998492006
1.661000075340271	60.64400005221358	68.38999984502787
5.694000034332276	74.03199974507095	89.51399992465964
1.3280000257492064	59.364000074863384	71.95400011420246
0.2620000314712536	57.644000117778795	64.26600005149842
1.1640000915527349	64.10600015103824	72.22599997997287
13.78199999809265	67.94000020593396	75.83200004339218
1.6789999628067018	61.78199995517732	71.86400028496973
1.3709999990463269	57.1419999039173	72.05200003147132
0.07899991989135842	58.571999902725196	69.72799990177155
0.21400003910064683	59.5520000910759	69.43400009632113
1.1709999275207523	70.7060001516342	74.5700000286103
1.6540000438690186	71.39400035798548	69.7579998874664
-0.22799994468689005	60.82199994564057	70.21599996745587
1.2220000505447381	60.748000016212515	73.98199988842015
0.6700000095367429	60.00400013446807	74.79799988359208
0.8219999694824214	62.940000185966504	68.46200010687116
15.147999949455263	59.668000117242364	68.7860000669956
1.8090000247955318	59.38999992847441	93.01199982404711
10.915000023841865	73.84800021529196	74.80200029134753
0.1839999675750732	63.886000010967244	70.7180000352859
0.7160000085830696	81.7019997407496	89.33200025558479
-0.2629999589920042	75.08599978446952	71.07999984934928
15.099000101089478	70.21200019240382	211.6999996154007
0.6230000686645518	78.59000003576287	75.27800010517235
1.3920000696182278	67.44000017166137	98.70599995166064
1.1270000314712536	61.5139996635914	89.473999876976
0.6690000581741328	65.88400015830995	76.42800018787375
-0.6730000686645505	62.95400010585784	71.17400003135211
0.8299999904632569	73.46600016593938	72.54800013542176
0.9850000238418585	65.53399992823594	75.06400037765509
0.0770000600814826	60.64200012803077	73.8040000748635
0.4349999475479116	64.19800007700917	84.81200027942654
0.3360000085830685	71.06999986648559	87.67800009205955
1.0989999294281008	72.89599971532822	92.17600029945372
-0.0849999475479124	56.434000005722055	65.445999879092
0.19000002861022827	64.41600015640252	101.71000050306326
1.1779999542236326	61.94599992990491	70.83600007057196
-0.5179999732971199	57.05399993419639	67.12800028324129
0.37800008296966653	64.53399992942806	84.63799989223487
11.55199990272523	76.6779998660087	100.20999975129966
0.3799999570846556	61.34199979782107	79.3739999103546
2.2590000820159917	61.86799997955557	88.14600022077556
2.2790000009536726	67.18399999737747	79.13799996376041
1.4380000019073493	70.78000027656554	68.1120002377033
-0.5589999771118151	63.82999995499848	67.8860002183914
0.21199997901916617	57.86799992918965	81.44599991440778
0.24499995231628313	63.92800012350084	73.11399999141682
0.32600003719329773	71.67199997663496	72.83800014972692
1.523999967575073	60.39200002789498	70.99600017309186
-0.3799999666213989	60.75000017002221	82.21600005149845
-0.3599999856948849	72.58799999237064	79.58600015759465
0.5729999208450303	60.73399996280673	189.37599888086308
2.842000079154969	60.863999979495894	68.95800003886225
0.8039999389648436	60.668000109195695	66.59799999237063
1.0750000619888314	66.59799975872042	112.99799991607668
0.8610000991821292	58.72999992951754	66.43200015544892
0.7019999170303339	63.77200007110834	72.63600014686581
1.6290000200271617	67.17600016951558	70.98000004440546
1.7780000305175767	60.94399990916247	100.21399924635887
0.6699998855590813	62.23799993544815	69.26600015759469
0.16000000476837284	61.02199999868868	74.59000001028173
0.32900001525878825	61.77400000810622	97.73199974030251
0.025000052452088584	57.80000018179414	68.41200004503132
0.9219999361038205	174.433998861164	285.629998778701
0.6710000276565539	67.9259999036789	76.3899998044968
0.33100007534027065	61.11200000286098	69.18399993419652
1.9029999637603776	66.92200012087821	72.94199982404707
5.306999955177306	62.15200010538096	69.39400003433225
-0.018999972343444593	58.51199974775315	70.30999993801116
1.3229999685287477	64.33999997615817	76.7900000715255
-0.6930001068115225	61.58399989843371	68.6679998028278
1.02499999523163	64.79399998962879	72.56600014448163
1.303000020980834	66.65799999713893	76.19800004228954
1.5119999980926504	65.5240000411868	138.89800050020213
2.207000002861023	71.24600000858308	66.65999995231626
0.29499993801117064	59.45799998998638	74.95199990034098
-0.19100004673004262	66.24399994373321	68.18599990665912
-0.6170000219345099	61.296000094413714	77.03399974897498
1.4280000400543218	70.59800002336506	81.63999979019174
0.7830000305175792	66.94800005912786	82.31800016403207
0.2160000133514405	75.65200016021737	64.76000010967257
0.5189999818801867	58.363999934196485	71.22400010585777
-0.1350000095367431	65.88599964618686	74.16400009393695
0.5719999980926516	62.09600011438135	68.84800005912784
1.648000001907349	72.40200013905758	79.3939998340606
0.31500009059905987	60.76800000667575	69.03199988365174
0.23400003910064726	69.71200017690664	66.71599998474123
1.13699999332428	61.19600011706348	65.45600015163423
0.8779999637603754	59.93999992311003	70.20800002485514
1.630999951362609	64.30599979162211	74.60799985885622
0.30600005149841325	60.787999882697996	79.39199998229745
-0.6359999608993534	62.797999935150145	67.82399997204543
0.6830001020431524	67.44600025177	71.4199998426438
8.743000140190125	64.62800007104869	70.93000002145769
2.0900000190734866	65.60999967813493	71.2479999983311
2.0870000171661367	63.256000056266735	66.75400020480154
1.506999912261964	78.48599997043604	86.64399999141705
0.41399994850158556	82.28999975949527	68.84999993681909
0.2759999752044675	58.573999971449346	68.41200010299681
0.5870000314712528	70.93600016742946	66.19399994373316
1.581000022888183	82.01800011396398	61.824000262022004
0.3899999475479132	61.97200008064503	68.83200000286101
1.104000062942506	72.14600006297216	71.69400022745135
1.536000061035157	60.46400007247921	67.3840000271797
1.0539999866485597	65.00600011587142	75.86400000572206
1.3169999837875368	68.37400010868903	76.15799998283387
1.2259999990463264	59.42399998977775	138.88799955517032
7.832999877929682	62.37999997615813	79.94799984604121
1.2049999666213989	62.77399988368153	69.5080002212525
1.276999979019165	61.226000248193714	67.96200000286105
-0.4140000152587882	63.822000038623756	72.58999977588654
1.5300000143051145	64.52599997937676	74.13599989220495
0.5980000209808364	61.411999974250776	89.81600012198105
1.3839999532699594	64.31999996900552	61.057999987602216
0.41199989318847624	68.12000004321337	81.47200001478195
0.018000049591064073	60.06999996244906	80.86400019288068
0.935999932289123	60.60399969339366	71.30999987602233
0.4390000152587894	62.82799982786183	72.12399993896481
4.033999996185302	63.022000074386554	76.23599979877471
1.4760000514984128	65.77600000143042	68.07199996948245
0.6770001125335703	64.81600009918215	72.80400004863736
0.5510001277923587	65.7240000498295	74.8880002176762
0.8110000038146962	90.73200049638746	68.71000003814694
0.6670001506805414	66.26000019982457	71.77800022035835
11.180000109672552	63.10999990895386	80.56200005531328
0.482999982833861	63.283999907225365	65.13599980115889
0.8180000782012952	63.63600000381469	73.13400023937223
-0.1300000524520861	59.73999994277952	64.10799990504975
0.9949999856948857	65.01799993962051	120.2480000481009
1.386000094413758	67.43599991083138	74.40199994206426
0.9360000801086413	65.23200008630751	81.6740001153946
1.1980000734329215	61.81999980688098	77.55599994927655
1.1650000476837155	64.75599982813003	74.49200001716615
1.4289999914169316	64.16400009155274	69.59200018167495
1.6669999980926509	61.64399995118377	69.15999998092661
1.1160000944137576	62.139999889433376	66.10400007009508
0.8369999599456787	85.03600007116786	117.69200001120568
1.7260000753402716	62.31799990892411	71.97199989676473
9.270000095367434	70.2600001335144	70.16399997040634
0.4880000925064075	63.810000169277075	70.87799993991858
-0.8590001249313338	71.41800005912779	77.19400004386905
0.07100005149841378	64.24599983692168	67.51799984931942
1.2990000963211064	61.63999993324281	72.18199992775914
0.04700006008148318	60.45000025689602	80.0260002851486
1.186999979019164	60.667999935150135	73.12400013446809
1.5640001296997061	68.2120000576972	75.39200011730199
0.8350000762939448	62.86999979138376	68.52200014114382
8.889000105857841	59.90800013035536	68.34600018024439
1.3290000820159917	70.18600001856683	72.11600011646745
2.801999993324282	69.07599978923801	71.6959998559952
1.9600000762939445	78.02999983787527	64.06800001621241
1.2910000181198111	63.10200003623959	74.89199995279309
1.3640000247955326	62.95800017833703	66.73599990844727
0.8510000562667848	69.791999950409	82.38400031685819
0.7720000696182248	63.23399987667802	73.31599999666209
8.906999907493589	65.17199990272523	70.16200019240377
0.960000028610229	59.61399999499318	65.42400008201598
0.8390000486373901	80.53199946120375	86.91399971246722
0.27399991035461335	59.412000051438824	94.09799998760221
0.7359999179840101	63.45599995136262	74.64400012493137
1.4950000238418593	63.80599984407423	68.81400004386894
2.2200000047683712	63.17399999141687	72.78999996423725
1.0660000658035258	74.21199996307487	73.43000024795526
5.451999955177304	65.31799988344312	74.19399988412857
0.7070000505447377	64.7619999332726	66.30200003981591
0.9880000448226915	61.81000003278251	75.0639999628067
0.7320000791549686	210.7219985255598	75.7699999475479
1.2099999809265125	72.34000000715261	72.92400004863735
3.375000066757201	64.63200000524522	76.94199992060653
0.6210000514984136	78.77399972394109	70.91199978351594
0.28099997043609715	71.52400010436781	64.51600003242486
0.24500003814697255	64.1100000238418	78.87199984550473
1.0329999971389765	63.772000026255824	69.04999995231626
1.7340000200271597	73.78599964380267	77.01999993920329
19.591000046730034	62.420000096559505	72.21400005489579
0.24000000953674377	76.84400015115743	75.56200024127965
0.43699994087219335	61.07600000053643	83.04599989295009
-0.24499989986419593	59.00599993348125	66.35800020173198
1.0710000085830698	64.73600008577114	72.63599998474123
-0.3310000705718994	74.57999989747996	86.24199963092804
0.5449999475479143	63.5220000982285	73.22999988317493
0.4439999914169319	61.2959999990463	67.73999993801111
0.5640000963211054	62.834000167846646	78.12399991154668
0.2269999217987054	65.93199998021123	76.43999992370604
-0.42499988079070916	61.133999902009904	67.40400006294249
0.8560000705718982	62.202000048160535	74.34400000572207
1.0620000028610228	61.7679998393357	64.4219998931885
1.2769999265670773	60.02600000306967	109.34200051039457
0.7660000705718991	62.133999981880194	60.18800010859962
1.2369999980926525	71.21199990987773	76.15599985539916
1.280000090599061	63.65999998688699	89.26600034713745
0.5449999475479129	59.16800000190734	69.674000120163
1.0120000362396235	57.719999936819086	73.71400004148477
-0.6499999570846565	62.389999825954405	89.5700001311302
1.1960000467300407	69.38400012731557	72.50399988174435
-0.5409999799728384	70.35800008416172	64.8200000762939
0.07200004100799574	69.25600008010865	142.3719998031854
1.2400000190734861	71.38600016117091	80.97800022602077
0.7990000581741344	67.94000018119809	73.70800000429155
2.19200008392334	62.63599989593028	70.55399997144941
2.0730000162124655	62.47600002765658	92.00400054454803
1.4090000629425057	75.35800024628635	70.71599987506863
-0.09599996089935386	63.713999961614654	63.02399990797042
0.4880000162124628	60.180000147968535	69.19399991065265
2.6909999752044684	68.79999967217445	71.45600009530783
-0.5110000896453858	59.286000142097436	70.39600011363626
0.5469999694824224	72.05200020790092	72.95999994084237
1.4120000314712506	71.57199994668363	76.24999988079071
0.9180000257492075	66.39999988436698	89.42999996989964
2.5570001220703142	66.91399999856945	95.38400043487552
11.779000153541574	66.50599997073407	80.5099998140335
2.1480000782012962	63.11800018593669	64.03800011634826
0.6809998178482064	81.23800006151188	62.960000004768375
1.26800003528595	65.49799985170365	76.4559999847413
2.373999948501587	63.305999882221215	68.00800008058538
-0.20199993133544894	63.974000144004755	86.62400004982948
2.9080001068115258	60.20200006246562	78.76800014495848
0.8169999504089343	59.74600010156629	65.2279999494552
0.2670000362396249	62.48400016307828	73.45600000858302
0.4020000743865968	61.85199998795985	69.99800000905991
14.955999822616583	94.43800039365894	86.99999979257586
2.2689999389648423	58.18999996185299	76.8340001690388
1.4100000095367426	58.589999876022304	72.80800013065338
1.544000029563902	67.12800010442724	90.55799983978272
0.6749999189376814	61.20400003314017	70.62199979305264
2.0319999504089354	61.460000034868706	74.1760000121594
2.0000000476837148	56.758000020980816	80.83399990141389
0.3880000162124639	57.42800007939337	64.04599997520448
1.3250000190734852	69.28399996638295	67.5259999036789
1.842999982833862	60.85200007438653	69.692000131607
1.7249999666213982	60.64000009059904	71.01000002861021
0.19600010871887158	74.45000001147383	64.22799987792966
0.44300001144409273	64.9020002603531	76.96800003051762
0.04599996089935172	65.07199979305267	64.49599994897838
0.9100000619888291	73.89600013971331	73.29000005960462
1.4309999990463265	73.64000007152563	74.752000002861
1.3959999513626107	67.21999969780445	80.64600035428992
1.2840000438690178	62.552000030279125	73.09600005388262
0.4460000896453853	63.36000010132791	73.56200006723401
0.948999996185303	62.454000132083856	86.6260002851486
1.9030000782012944	72.33199983298783	80.84599986553201
0.4499998998641981	61.29000005126	70.62600014686575
0.6580000209808361	63.024000124931334	71.57199993848802
0.9100000143051145	60.822000043392116	67.51399975970382
1.226999969482421	57.461999852657335	77.23800015211103
0.7340000295639028	68.98999995887276	70.6280000209808
0.36899990558624357	64.51400024890901	78.41999980926511
1.1759999847412104	63.702000098228474	74.26199985980982
0.2169998741149915	64.91199994564053	82.77199982643133
1.5400000858306901	65.20800002470611	113.8260005289316
1.9440001010894783	61.867999958991994	72.98600030601024
1.152999987602234	60.93199989318847	72.93999990224829
