0.9950000143051136	69.23199972093101	72.54400003016002
48.82299932956693	78.608000240326	72.07600017905233
1.3630000972747807	60.87199979662899	74.6719998788834
0.32200004100799495	62.00799991518259	69.52199999630452
31.6750003194809	61.469999839663515	68.50199996709827
0.5889998483657837	78.44799989461892	75.6260003376007
0.42599998474121037	61.00400003433227	77.90800002798443
-0.47599993705749405	64.02399983972313	64.69199992656706
42.60900029182431	54.826000025272414	67.0540000236034
10.597999968528747	75.1780000090599	112.46000016808505
135.9799992322922	69.98800018787385	68.92399989992376
1.290999960899352	62.31600005149843	70.13999987125399
0.18600001811981154	60.26600013151764	65.11800004005431
1.086999988555908	64.63199980035422	82.32400033473965
5.32499999046326	69.50200063228603	63.984000020027125
75.69799988269811	65.40000009536745	72.28400033950804
-0.7919998884201053	77.70400029778476	74.97800004601476
24.558999972343457	83.2780003595351	69.56000002384185
0.07699998855590924	64.33400025486941	73.96999971464282
16.70399993896485	61.50399998664856	68.62000014781945
23.156000113487238	59.80199991032481	133.21999978020793
73.98100042819979	65.35399981975556	68.57600028038021
32.12700011253356	79.78399976909152	68.36199979305265
114.14000046253211	97.20999967738976	66.72199976921078
0.8070000028610221	64.39000027656554	82.05800028800962
1.5120000457763678	66.38199996501211	79.91199989318851
8.54599997520447	76.20400015532978	73.35000020980834
55.662999973297104	63.009999997615786	74.50999997615818
87.91500015258787	57.20800013542177	66.27800007343285
6.448000030517575	66.15199989795681	72.27000016152857
4.783000049591072	62.14800014778974	71.26400012373927
144.94100035190579	65.85599991112947	70.49000013113019
0.7919999122619625	58.18400000095368	72.83200005292886
185.0889991688728	71.17999989598995	68.58399995327001
19.33300018310547	62.994000167846686	85.08200037956237
40.03500030517578	67.41800007343288	80.93800002574923
23.338999953269948	63.28399990797043	78.80399977326394
101.85799995288252	72.49599995255473	95.18799976348886
10.505000090599061	63.31599994421005	71.68399995207778
0.5299999809265148	73.10199999928467	81.92399979591372
20.005999627113322	69.02800002872938	68.15599991679193
82.18300031661995	61.456000104844584	69.5600000572204
52.283000025749224	60.439999964982256	73.20799990653994
147.87999992370607	64.64000010371207	73.56600024700155
132.58799990177158	67.14999985456465	67.82800014019013
24.178000497817997	58.76200000762942	67.62400012493133
20.67499967575074	70.43199967831367	71.9199997472763
1.062999873161315	63.24000000178816	71.53599992513658
227.58399872303016	61.79999990463248	75.08800010681152
206.19499910354617	68.7680000424385	71.64400009632116
32.72699983596802	61.243999876677954	86.45799974918368
94.24700123786924	64.01799985647203	73.64599993228919
8.05999993801117	59.209999935626925	67.9720001542568
124.52799845218665	62.567999978065494	66.54600035428996
59.46799982547758	59.17200004577638	89.91000007152573
95.46500033378605	58.69599996089931	68.37799980729817
70.04500023365019	75.19399984270338	71.56000019550318
86.018000922203	68.988000061512	69.58599989533421
18.832999796867377	63.012000095844236	68.15599980443716
307.86799698352837	84.65399966001502	66.73799997687333
61.60599983215335	64.61199997544288	66.57199991226197
0.42300007820129476	64.60199998855593	73.23200022339816
175.68000005960465	64.57599988296627	87.44999999046318
31.239000120162956	61.638000122308746	76.54400007247929
53.04000019550323	71.87599986076356	67.39000002384184
30.746000256538395	61.02200026035309	68.2199999757111
0.1329999780654907	62.11599997878069	65.98599994659418
0.061000008583068185	66.04800020694728	69.75200021088129
35.54699981689454	62.28400021433829	69.05000017166135
25.899000129699697	64.46400004863736	66.67600003480908
49.59500004768372	60.04799996495245	92.10400045990941
153.87299925327292	83.02200021028516	66.85599985599518
86.11800069764257	60.25000006154185	71.92400000095364
123.46899953365325	90.11000003814691	81.19599996089939
24.054999766349788	59.060000102073026	88.90800047159193
0.7550000476837169	77.72600001230836	69.11800006389619
78.94800023555759	64.90400011539464	69.79799999237062
19.80599978446961	60.341999973058705	67.06399980783465
0.5639999818801876	71.58999984979633	64.94400010466578
9.707999968528751	102.36199990183113	86.45400023460375
71.44600025653843	76.74800009012216	71.56799992561338
142.396999335289	64.3880001592636	66.72799998760219
1.017000098228455	69.16199995517727	76.03599991992121
121.40300015449516	62.82600005149845	79.3339999476075
-0.16899997234344527	62.0979999566078	74.6580001306534
1.5380000209808342	63.439999918937644	78.30199996232987
60.760999727249164	68.68999999448657	86.37999976545576
0.8659999465942385	68.23400006800887	73.36199995040893
-0.2059999227523803	60.773999874591794	74.58800009727481
39.155000066757175	60.555999968498895	97.80599952518932
58.48499995231629	65.73599980562923	70.95400009989737
1.1110000562667846	65.9080000324547	116.31799984216694
44.53300028800965	61.012000226974536	72.32200006961828
22.76099985599517	62.85200016736985	78.06400010108948
1.3169999456405637	59.362000083923334	67.49200012683865
0.6510000658035279	60.16200004532929	64.64400001049034
50.40200017690657	67.99600024282931	68.52799999475481
15.392000007629393	62.968000017404506	68.56799987077716
28.537000169754048	60.986000015735634	82.9359998750687
1.533000049591065	83.06800001785153	93.33200032114985
1.1529999065399181	60.71600003480903	70.61800007820133
32.05700012207031	63.568000013828296	72.96399998188018
8.724000039100641	59.3659998387099	67.99200003504745
98.42900001049047	80.15599966049189	77.16400006324047
0.9440000295639044	77.1920005178451	77.04200014352799
2.209000020027161	63.843999977111814	77.4439998531341
16.052000079154976	64.98800002753732	76.40200018227101
1.5690000104904158	64.31399969100956	70.97799984931947
-0.2749998903274528	63.954000228643416	61.43599999427794
0.5900000572204601	71.37399955034248	67.43800005674363
33.618000154495235	62.570000000000014	75.15199959367524
4.108000082969668	50.80000003173944	57.98200002580883
0.7579999494552603	66.98199996054177	71.35999994367356
1.1829999971389755	62.67600030899043	95.09200040489439
83.13099963665007	131.6740001219511	70.51399991422892
63.10400001049043	56.8439999485016	66.62999999284744
95.50999931335451	109.34000096440315	65.50799998283394
91.15099989414215	73.45599998325113	72.95800024032593
0.1380000019073493	57.45200005531313	85.3900000095368
44.07599997043608	65.70799992203713	67.77000007152562
0.6479999113082895	64.45400054454807	83.82400007247922
0.3370000696182265	62.48600003048774	68.44800017476075
1.1910000324249264	61.23999988749617	87.05399960935121
0.957000002861024	60.67399979829778	76.01399979949005
199.56399877786632	68.94199980467553	69.78799978256218
28.093000068664555	66.51399988889698	69.43199987053863
752.3679934549331	62.12199995040889	89.12599996566783
0.26799999713897765	65.89400025129315	142.76199978873126
103.19900031566615	75.2979995989799	98.50400018215187
17.756000056266785	60.65000012993812	82.36800047919156
198.5099985170365	60.55200011253363	105.57399986743918
1.1449999380111693	63.40600014090537	72.35600006699565
24.80399975299835	61.997999830245945	73.60400008916851
17.798000288009643	61.84399983316658	67.37799992084506
18.050000104904175	59.75199997901918	68.10400002568957
27.153000111579892	62.65400004863735	69.27599996566775
36.330999946594254	66.84399985194207	70.49800000190741
83.70399985313408	62.64599998176096	70.87599993705756
0.48700005531311125	61.956000065803465	72.53000022888179
16.457000045776365	64.81200003623955	74.42600006580355
36.35900015830991	71.33400014400479	69.31799996912478
130.73500050067904	63.964000111222276	102.69999946594244
0.032999916076659405	57.80399987503882	73.99799989879126
23.7069999551773	100.47200015306477	75.53199974104766
6.880000104904173	62.19599982738493	70.10999992370596
0.16400005817413302	71.423999683857	72.78400023818017
1.0040000295639042	59.96000008702284	84.81399999141685
0.05999992847442592	58.1700000211597	78.76400010585789
0.02399997234344486	67.83000002384193	70.09599977016451
71.30699984073637	77.02400002002707	94.06399965763099
-0.24500002384185793	61.35200000762935	69.99199995994562
35.25000059127809	65.84600007414818	68.5839998722076
7.0639999532699616	60.8779998397827	69.56000017881397
71.02800004363054	67.29999993324286	71.7180002260208
61.866000061035166	55.41600013256072	69.24400020658976
226.85099888801562	61.73599998474119	92.04399967193605
-0.5089999294281021	60.60800006866454	71.92399997711188
1.3030000400543227	60.70000010013583	74.97800003051756
2.8710000562667854	98.69800025820729	79.59600019633764
38.59099990844725	68.33799975454808	69.9659999208152
55.96499991416932	60.76800010085101	88.796000084877
0.3020000362396251	69.26400025844579	72.278000086546
0.4910000467300424	64.86999979496004	71.35400005817414
117.08500025391577	62.093999973535496	63.30399990081786
0.47000000476837056	58.95400003552437	73.64600018978122
0.805000038146972	67.25199984669676	158.8779999166726
12.651999864578253	54.65400009065864	63.98000005722046
103.65500090837477	70.80799994945517	67.65799993276592
-0.13500001430511346	66.75600005090234	73.79800007462494
196.5419989776612	62.29999994993213	72.91400022149088
1.1320000171661373	69.63199992656703	80.59600009441381
4.6380000686645495	60.8880000324547	69.22200015068051
66.97299952030178	61.97599998235698	74.94200012683868
74.83299958229068	66.5879999279976	70.72200029313571
0.6070000314712529	66.86799992322923	77.51599999070167
103.30900052070618	60.42799993768331	74.45200042724605
1.448999958038329	71.55200020536773	74.4900002385676
0.5269998741149888	64.5640002417564	74.86200006008143
84.30599922180177	61.30400000214581	80.83399991035468
24.750000267028806	87.89200009465205	73.25800021171571
56.15699989795683	64.13000005155799	80.74399988651285
131.0619997239112	67.08399993360042	68.91000005722047
17.213999981880196	64.51599976062775	74.81200000762945
33.85400011062624	74.60999994277951	72.91799992084506
0.7760000228881837	64.66199987411494	80.91200009346012
60.20500008106233	62.653999863564906	69.44800002053378
207.2189977999033	61.955999934375264	80.22399996280667
0.16400001049041688	93.70799965977676	68.84599986553188
-0.5690000820159926	61.2859998178482	76.88399990200996
31.184999876022328	71.48200009346006	74.13999986171726
31.477000155448902	72.76999986171721	76.25599998921155
0.7520000267028819	60.61199997022745	67.19599989891054
45.18399972915651	59.00599986284966	65.9839999991655
0.14099995136260898	65.75600016355513	73.99000018417838
0.9310000467300414	64.43599991276858	69.86600008428094
-0.32500000000000107	63.505999746322644	69.74000004768381
1.0140000247955328	61.69199990510939	69.53000007629393
25.136999816894527	59.528000160753706	86.38600034356124
27.149999947547904	61.277999932765965	64.14799995899199
325.71999764919303	68.06600004002449	68.65799995422358
0.48999998569488545	63.150000107288314	92.8840003418923
24.85599983215333	62.06599991559982	85.39400018036362
0.5729999732971205	74.90199995756151	76.93999999999996
1.334999961853027	59.145999968051974	75.84999999046326
33.3599998855591	63.11999998226767	72.28200026512143
43.38599990844726	69.66600025415418	73.39800017118453
0.27199998855590873	86.44000021636482	73.08000022172934
1.250000023841856	65.13800023317333	71.749999871254
33.545000233650235	66.41199987649921	74.11800010263927
-0.10800001621246332	66.40200004816045	64.8879998874664
-0.13800012588501004	67.78000006243576	80.22399983406066
49.874999451637265	56.72400010585788	68.57999989747998
146.89400036334982	64.56799982666968	78.19000018447646
12.29299997806549	62.64600012272597	71.70000035285946
104.28799932003022	67.91799989223477	69.7940000894665
0.39899994850158615	60.58200010776524	64.82600008040667
6.56299993515015	70.55399983406068	76.39199978947646
44.461999745368956	67.94400020360948	71.55000000238414
43.35499991893769	78.68200004056101	68.2059999680519
50.71199985027312	60.68999981403345	73.79399993777277
40.18399989604949	67.59400009840729	67.33200006008144
0.30000007629394504	66.46800005197527	71.50800027847289
59.5419997549057	61.29200004458429	65.12399993509048
21.742999925613415	65.99800015211108	71.10599991083146
6.643999991416931	65.64800002336501	68.72200007915498
0.9740000438690188	60.582000026702914	113.60799911543731
44.18999983787533	66.53400005936615	75.25199986413124
33.69600000858307	68.90400027990343	74.7100000250339
34.141000061035164	70.37600004673	69.49400015354155
188.26599827528005	64.34600012063981	68.1219998526573
29.987999782562255	60.658000040501356	101.28599957212798
46.26899977207184	62.85200009465217	68.67600004106762
19.36700002193452	61.98599994227293	65.28999999523164
62.54599994182584	67.47199999570842	73.57200002312652
51.22199975490566	62.25399996995923	69.20599979877464
7.331000156402586	59.95200021266933	65.35399999901652
88.78099955201152	80.15800004616389	64.13799977540967
138.77899917960167	64.52399997726083	69.62800009489058
13.745999994277952	61.600000143051105	115.87200015068042
57.932000155448925	66.50999985456464	64.45399982929233
20.213000254631034	71.6500002431869	72.54799961566928
32.523000030517586	66.69800010561939	69.8959997904301
38.79599962234499	63.669999995231684	67.02599985599514
20.24900001525879	67.08399973511702	98.15199929475783
0.8089999198913562	64.96400027036663	98.59400055229656
21.78300018787384	68.50400005936623	105.48399985849863
0.4220000505447386	61.86799968332055	72.63799997329713
106.65600004673007	62.31400007843969	68.00999996542932
0.31200008869171203	84.76199989974495	71.02400018692018
296.1379986143111	72.49200028419496	72.2900002288819
0.16400004863739093	63.94799982279539	68.0479999780655
0.9690001392364508	68.16599980786442	78.5459998762608
20.40200007438659	63.25199991762633	69.44800004959107
0.08800002098083404	61.52799992799757	84.08200001388788
62.75100002765654	60.57400003373621	67.17400019168852
0.07799979686737178	65.53599989652632	95.78200053215025
0.9849999761581406	65.34200013160705	78.28999995708467
-0.0680001354217538	61.53799965083601	77.30800002098078
0.6569999742507932	61.53600022613999	76.75999998807913
-0.19300001621246382	65.72400003433235	72.86800034046176
1.3180000352859507	61.060000035762805	72.72400031447405
-0.5280000209808359	61.32000012159348	70.4120000576973
126.77200017452243	67.6639999341965	94.6040003228188
0.1839999723434451	72.92399998188017	76.38999978065496
28.66400026321411	87.88999933958067	73.62000021696089
0.029999961853027533	62.540000112056696	85.19399982452387
145.21099920749683	69.36400004148477	71.62999998569495
89.89599978446965	63.486000033170015	76.16199996143564
237.65599953651426	62.48800018161535	71.09199976444242
-0.08600004673004139	63.495999873876535	65.97400003254414
76.47999970436092	72.83399963349102	81.58200002193448
0.18899992942810037	59.18999987870447	67.58399999856948
49.84500019073485	61.66800004720684	63.87000002503393
107.27999993562696	57.785999948382354	65.27000001430511
82.91300074577335	65.53000025153163	65.80600025653833
12.975000009536744	66.74999995112414	67.80399999260904
0.40700006484985474	64.9479998874664	71.18999995231623
-0.26100005149841193	65.55000003814695	66.20999993085856
72.05000054359435	65.63600000739096	70.66200000762935
184.2999984693526	61.53799975872042	67.00599990010257
0.6619999742507926	61.69600021481516	69.82999989032749
29.325000061988817	61.380000063180866	69.0239999310673
68.59300031304362	53.26200017049909	60.30199994206425
0.18099996566772475	61.715999953746824	61.87599990516904
0.27199986934661785	61.22200005799529	74.38199993610387
1.485999937057496	59.129999871253894	68.64399999380109
237.87399816393864	66.4659999155997	69.76399990081788
3.371999964714051	75.56999989226459	76.97400019645701
108.58299968719484	71.4140001544356	70.18000015065068
48.564000148773154	57.92200008258223	72.07199987411495
21.72000007629394	80.99399980291719	68.6739999127388
0.7829999589920053	59.53400020480161	72.46399976536627
84.20900063514705	63.540000049769894	69.3979999256134
-0.48100011348724436	81.73600012496105	74.42799992635852
0.24200005531310925	59.94799995422359	55.29199995815753
156.50400094985963	68.71199964761738	67.14799988344319
3.1050000476837134	61.115999942272886	64.6879999858141
98.9170003032684	71.83600022792811	72.8959999322891
-0.4319999980926511	66.68000012293452	71.0699998390674
2.0719999980926516	63.27599974066019	95.03400013446809
-0.24300006866455173	58.67599997282026	64.53599983215332
25.3230001926422	82.33000005006788	68.31999984472984
66.46400085449217	68.21800019264218	72.6499998044968
10.786000137329095	67.4639999938011	81.65800002500411
22.7539997434616	57.89199972078209	73.15799993410704
34.164999961853034	59.49400013923644	75.05399985909466
32.26499999046327	64.57999989032744	70.15200010061268
4.542000045776371	69.82800006866452	70.30600021481513
-0.18600008964538448	71.07199997529392	125.72599933803085
61.6949998474121	67.87799967527384	74.16600001096725
-0.1299999380111696	61.69200000941754	68.53999988049272
48.39300012588501	60.62800009429457	111.65000010490421
68.534000043869	70.3920000267028	100.77199997425078
25.753999967575062	66.43199985265731	76.87200015544884
0.3400000333786013	82.07800027251237	83.99200030088427
0.6709999370574953	65.74999995231634	81.79599971294402
-0.1520000553131098	68.1139998567105	79.13400005340576
1.4050001192092914	79.33000003337861	84.82800012588496
13.027999949455257	72.80599985241892	77.73999973297128
27.192000088691703	57.9680001461506	76.41800000190732
23.467999892234797	61.33200003862375	87.07599997043603
0.8240000104904174	65.18400009974837	79.99000018358225
0.2909999942779543	78.71399966537948	101.84200006812812
0.251000037193298	78.80599985688936	114.27800046786675
-0.22500001430511427	72.03999978691333	72.19000012636191
0.24100001335144097	59.54799994945522	92.84600035011763
33.781999907493585	61.238000063896195	72.66199982076886
0.2549998950958256	61.467999989986374	71.99599999904626
14.12700005531311	60.18199989795685	68.81399988412855
1.6110000038146963	78.17200004398822	78.70999995231644
132.90899983882898	57.34399996802209	64.37600003242495
23.320000157356272	61.5739998292923	68.83599993228918
5.639999957084651	61.663999922275536	86.40800009295344
-0.15100006103515654	67.20199990347027	70.23400013923643
1.3500000381469728	63.171999983787515	69.64200000524528
0.7519999980926528	67.16399989247324	69.69599974781266
0.4809999561309829	78.15800019085401	95.70599990844714
5.9060000038147	59.673999900817876	89.42800003528589
0.4319999217987054	64.96799987688662	69.38999999284748
0.25699999332428025	62.725999898314484	67.79999990463263
0.937999982833862	64.44799986600874	68.88800005435944
0.3509999132156374	57.79199992507695	83.90199986457827
1.5770000457763669	74.95399997472761	89.15400026544921
37.857000079154965	67.01999997735025	71.64799980878827
0.4949998855590827	63.86399973481889	69.76199996232988
52.20099998950958	63.370000043213366	73.50600018024448
1.1920000410079958	65.7360000133514	72.51199987649912
18.370000138282773	65.51600006580348	72.60400013089173
19.25599995613099	69.24999995827672	64.15600003004073
-0.15000009536743164	62.81799983263014	68.50200006484985
0.18699993610382037	61.700000005960455	72.92000028848649
17.00899991512299	59.64600005626678	67.21600014686584
5.884000120162961	60.14399980247026	74.51200018122798
0.3499999523162829	67.30599979341031	70.13200001522905
0.17600007057190056	92.85600028395648	131.80799965530633
7.896999988555912	60.08599996566767	73.45800006270403
0.2980000543594346	83.03400027275069	93.36600017547606
32.73800024032593	64.22399986028675	66.03799999475476
10.008000068664554	66.32199989750977	69.50200017750261
57.713000950813274	62.31399997234342	81.75199990272513
1.0069999885559089	72.42199971541757	98.91800025463112
7.015999851226802	62.581999831199646	71.99799991250038
0.7589999866485592	70.68200046002866	79.85600008428092
55.66999950408936	61.58199980258946	70.65800008773797
31.341000285148617	70.24599977195263	72.94599989533421
83.12200099945065	84.93999995157115	72.59600017666816
1.7120001125335687	95.63399983406069	82.0680000090599
10.397999916076664	62.65399986743927	68.53799974441529
0.07099999427795481	77.20999985456477	147.6739996771514
19.390999917984008	61.555999928414884	71.11000037550923
12.290999989509581	64.71999961853028	72.1680001342297
147.9479992532731	65.79399960950015	74.01199997901918
0.04800004005432031	58.52399998471141	74.8899998998642
76.2469999027252	70.51999989867214	76.18200015783307
0.7439999818801888	63.72999988079067	72.6019999027252
22.429999995231636	61.20999996781346	65.92000002145762
14.051999902725223	65.52600009322167	69.00800003632904
13.455999855995177	61.67600008100274	112.74399950981147
20.788999824523927	69.7180000129342	75.92799972772606
11.017000055313119	64.253999774456	69.3060000085831
45.06300021648404	63.831999981403335	67.24999987959862
0.3529999828338612	59.25400006532665	74.9539998698235
126.50899933099745	76.56399994492529	67.57800017952918
-0.09899998664855966	65.19800032615663	77.49399985551831
0.16600008010864373	63.2660000514984	78.81400031656025
86.75499943733213	65.50599997997281	72.03199985265732
0.29500003337860004	69.9400000414252	67.15800025463102
0.02700001239776484	58.681999740600574	79.04399995326995
26.77400001049042	67.31000003263354	69.62200018882749
2.0149999761581423	86.35600000858301	101.31399993896474
43.43600019931794	64.43600014716388	68.74199991285802
106.59299989223481	60.44799997031691	74.9180002605915
0.485999908447266	60.98800005912778	75.80200037121776
0.2879999303817741	64.32599997282024	68.83399992763992
0.35300000667572035	68.72999993383885	75.28600019812576
37.31099994182586	70.18800024420017	69.96199999213216
158.22699950695045	63.63800002932542	65.9260000038147
59.57599987983703	60.66400000572205	81.37600016772751
0.14999996662139778	60.80200001001355	87.20200021803379
60.37599957466127	58.53999993324281	129.8339989984036
21.027999849319457	63.89399993896485	129.40199919551608
1.4779999637603773	59.960000023394805	68.19599980831148
134.52899968624112	66.40399975299833	70.75199997544284
4.441000080108638	65.54200002491476	64.5959998476505
33.858000073432926	61.99400008678437	70.16199984967712
0.6520000362396251	64.8979998373985	75.97999981462956
61.93499939918519	60.46799993991855	71.80800007253882
28.866000061035155	70.73000009298319	68.69399996042247
160.5169987912477	66.17199998021128	71.26000022292135
1.620999927520752	68.26799964189522	75.05199996948238
45.12099999427798	71.29400017976754	79.1980002117158
0.4769999647140501	73.25400009870525	67.37200000524513
11.256999921798707	73.47399992227548	68.0759998393059
101.69500034332277	63.29999977231024	81.1780001437664
97.1289997309446	62.60200008794659	74.37599998950955
1.6619999885559067	63.47800005465744	68.78399992227554
0.6400000476837167	64.12799993038175	71.54200005292893
-0.3009999561309802	64.8619999368488	68.14000017881393
-0.21099998474121032	67.62000010728843	76.90399993062022
118.29299969673151	62.0640001010895	71.78800024032591
124.60700005054474	70.18200020313257	75.49000023275612
136.68699969291683	68.67199990272516	70.90999990686772
1.3019999647140514	63.51000008285046	77.98399998188013
67.75999994277954	56.09000011280179	97.96000049948698
21.740999979972834	61.14599982023235	73.68800002574916
0.08099989891052325	61.25800015807149	76.73400013923641
1.1409999227523817	62.15800008893013	74.34600007772448
34.50100028038025	73.39199996948238	70.9320001840591
0.873000116348267	62.2279998755455	67.03799994617697
-0.1680000495910646	57.77199998423458	80.26399993568661
328.38799756050133	63.66399990558631	69.80599987506864
25.627000384330746	63.24000006943941	82.02199985980985
34.50199969768522	67.09200021505359	72.56400023192164
20.41700000286104	83.60199996829027	67.0819998931885
54.23999996662142	62.565999894142145	72.48600024506447
15.235999879837033	72.26200002670285	143.49199973940839
68.41199989318851	67.04600009441367	67.06400001525878
0.24899998188018677	69.07400024175647	72.650000052452
14.006000084877009	70.84399987220763	72.94599990487099
9.724999914169304	64.40999987602234	75.4819999761879
39.77999998569487	71.46399965807797	108.08199975892896
0.08399994850158779	60.36000004887579	66.17799978017811
127.24700021743772	58.74399992272261	67.49799995660781
42.228000311851524	62.28999987840655	77.7679999613761
1.3650000143051142	68.38600017070769	82.4239996242524
35.40399987220764	66.38999996587629	69.82999979302288
0.6340000391006473	61.99599999904635	64.55000009179118
85.99400014400477	73.60999985158439	73.12799993515019
1.177000007629394	61.21000008106225	74.38200027465821
83.66300001144407	85.29200009584419	74.9219998788834
226.10899762153625	59.948000023961036	82.33000008106234
17.426999936103815	68.16800000369548	72.48400012493131
245.0859987330437	82.42999994754794	78.27000005483622
0.6910000801086428	64.29199990481133	71.61999990463252
83.08100063800806	64.42600015163424	63.9919998884201
37.41500014781956	59.681999945640534	69.84400009512896
96.48300002455713	57.6880002629757	67.27200003504745
1.8250000715255736	61.054000124931356	69.55200027704247
81.2060007381439	58.6140000224114	66.30199992179867
0.19800004959106565	71.31400008678428	72.7660000252724
17.496000080108647	68.6720002698898	79.3059997892379
1.027000031471251	64.74800013616682	81.83000018596636
20.947000031471248	59.42799990892412	72.21799998357895
4.996999969482424	77.46199973434206	78.47599983930596
82.14999853610988	59.10399991452693	265.4399984674155
120.09899969100951	80.83199998378748	73.53800001621256
84.65199966430666	71.88200013160703	68.80999976545573
39.29200017929078	59.854000029563856	67.69600022315974
51.19900004386901	71.45999981403351	93.20800003767022
15.633000068664549	63.17799999713897	72.56800017356873
0.031000027656555722	63.634000014066686	73.00599970519546
-0.2480000209808345	72.49599986374383	70.51799993038178
1.3259999752044669	58.28000009417535	79.94200015068057
135.5080006694794	118.61600072935217	66.60000021934508
92.56100051879882	67.64399980425839	67.00199986606836
95.12699996948244	62.727999867349844	65.45999987363813
232.01399798870077	60.68800015211106	70.66000003337864
55.53300055027008	62.511999864578264	67.52000002145762
105.63899997234344	70.70200005695226	65.99200002193457
40.35699964523316	57.070000129938144	77.26200046300887
0.9079999828338631	59.64400010943408	69.68399987697606
73.62399996757505	57.6700000786781	66.54599996566773
0.244999976158141	64.06400004416703	76.55800011396404
43.71000021457673	65.50199989795688	73.29600009918212
178.66899899721142	68.08599975198501	68.38600022673607
37.442999987602235	68.99199987411492	66.95600001692765
0.41199998855590814	65.71599984452129	80.31799974441527
0.015999884605407615	62.28600006341934	82.82999996900556
0.3640000104904183	69.86799980282782	99.84800000667568
141.27599893569942	60.29000003844498	70.46600019454957
0.7699999380111691	61.72799996614458	67.520000038147
25.642000193595898	70.42799975752828	70.20200012207036
1.3090000152587902	71.55400007203232	82.69599992752077
-0.7450000667572019	67.0240001726151	86.86600019276135
1.2879999208450315	61.6979998221993	79.44800006866463
-0.0019999408721920603	70.04800028443329	72.91199977278713
0.7840000009536738	59.25800013065336	73.99800019502644
10.001999855041506	60.11399995923039	65.48400016337638
1.1000000524520885	74.81399996042246	70.34600005626675
-0.9630000448226937	85.85000026434662	79.3480003976822
29.703999700546266	63.787999968528744	75.35199991762644
0.38100003242492625	61.05000009059905	72.66200034618372
1.6520000743865961	64.91200015842918	75.28199991703038
51.25399992465976	58.83800015211103	88.3900002840161
-0.30999987602234	71.09599969744669	74.22000011920927
153.5750001478195	65.2719999110699	74.05399971544738
55.74799951076506	62.788000073432876	67.82199984192842
110.12499933719631	75.0899998116493	85.27600028395656
0.007000041007995373	60.17199995398519	70.5139998948574
0.8889999628067021	59.081999900341025	70.80399984598155
54.870999932289095	67.1980001235008	72.90199988752599
29.329000067710872	93.63400046944618	115.190000077039
-0.3940000438690198	71.81599985837931	74.26000016689298
55.79299974441529	73.57599985122674	73.90799990653998
1.1929999446868909	57.1979998517036	68.35599991321563
7.903000025749206	63.60800003409384	67.25400027841329
202.12999985218053	66.39000019848339	70.3900000548363
1.2369999313354485	62.612000219821915	70.54999984741204
254.66199798583986	70.28400037765498	68.45200008869179
23.820000038146947	63.00400005340571	70.81599999666217
-0.4570000505447396	76.54600010156634	67.78400021553043
0.1579999923706047	73.95599993467327	64.49800014972686
13.539000210762023	74.76600005194544	77.4099996966124
11.403000178337097	73.28199985146522	80.58399984836578
0.17699997901916567	64.74799990594384	70.90800019741059
2.4680000925064096	62.90599985599515	66.69800016403195
266.07699820160883	62.407999963760396	73.2080000734329
0.2510000228881827	65.74799991130834	78.05999987125398
0.46699997425079426	76.47600026458494	84.51999990880486
51.27600008010867	69.9379997229576	72.48199959039682
1.035000085830688	64.6959997367859	72.06200011253358
42.72399990558622	62.540000102519954	68.64000008821496
147.069000005722	58.92200012385847	70.56800018787379
0.36200006008148133	61.15400007769464	65.08599989175792
14.817000107765205	58.84199981853364	81.79799991607663
0.0009999608993520454	57.441999928355244	79.2900000599026
20.176000204086304	69.29199977636337	80.2679999776185
18.94199993133545	68.4460001842677	64.92000005245205
0.611000084877013	62.54599993586544	62.36400010198356
8.62000004291534	78.94000010132788	71.03599972292777
152.29299860477443	57.44600003719322	69.15600004553795
-0.11399998664856002	63.5879999780655	84.24400039777159
17.777999849319457	81.2180000476539	70.26800015449527
168.88700046777726	62.01200010448699	72.13200008198615
1.5669999885559072	60.97800018623469	76.30600012779237
-0.6330000257492059	60.00600013971327	69.4560001468658
38.0760000991821	59.84999993562698	66.41000009536741
57.4190003967285	62.17000014305106	87.73800013065342
263.0649976444245	63.01999978542329	66.90799985885624
59.6709999704361	68.75200004339221	75.47400006771082
-0.1799999952316283	68.27200016200544	83.10200001955032
17.29499988079072	73.93400005817405	68.94800021380186
56.00500022411347	58.32000010043378	93.41999977827078
4.1310000371932984	62.40599999427798	71.0340000414848
29.707000465393058	56.26200004577636	68.86199987411503
26.789999752044697	63.31199978768828	73.64000013634565
27.554000225067124	63.813999979496046	76.51799956977374
44.193999853134144	76.58399981021878	72.8480000185967
-0.8879999494552611	71.92000016450879	72.79800004005428
0.5260000896453856	64.8880001543462	68.90399994090198
117.85399992227552	66.45600019767878	67.83999994754787
41.48899996757508	66.81999987304206	67.36400004386905
0.9130000066757205	61.790000021457644	69.40200016736983
81.52199907302858	65.61600007295611	65.22600011765958
0.7589999866485586	67.72600015163417	81.78000011205683
0.21000007152557407	57.39199973106387	68.09400022983554
1.0339999151229846	63.37800004243847	77.49800002336501
21.976000251770024	57.85600011825565	72.96999985694882
17.305999722480774	63.70399992465972	71.91400012493133
1.6150000047683717	64.42599995613094	76.08200002670287
15.12600012779236	66.04800007402892	66.51800008535385
9.678999872207637	58.36199977755548	78.49400003910067
16.6050001001358	64.23200026512148	71.64799994945524
34.086999902725225	66.70200017452242	96.17000003457076
223.50199790954585	61.68799999237059	71.82000012874606
21.32700009346008	89.36800000905998	68.58800004243855
73.55999979972839	81.61200023934241	68.70600001811982
0.47499995231628456	65.54199996113773	61.88800018310547
93.87999903202054	65.15800036191932	71.4459999775887
208.8240009593964	67.93999994397159	75.02000008344646
0.2890000343322761	59.81999984741208	68.84400004178285
0.19399995326995734	89.94399994373323	169.99799903109675
44.980000081062336	78.67799953281876	100.00800006076692
0.40800006866455163	63.557999792694986	68.43799986839291
89.47099993228915	63.0800002074242	63.92800007820126
6.459000072479248	80.55199965775012	72.0759999573231
102.66200043678282	61.55600006103518	95.58199963569649
205.25199988365182	59.01599995672698	72.42400023937226
17.300999865531914	68.42600023180252	74.99999965310101
121.32999967485665	65.4400001120567	67.97200004100799
50.68600027084351	60.66800004228952	81.46200000166893
281.44899827241903	61.65600009202958	76.93400002479548
11.452000069618231	68.48200004339218	82.3240002782643
93.02600006103513	61.52999992609027	82.1700005519391
9.331000151634214	60.460000051558055	69.79000006318087
0.7370000457763667	68.86600019454957	73.00599977970123
89.07699992656711	76.31999989032745	75.98400000810626
20.257000288963308	60.99400016218426	68.28200009584413
116.20399908065788	63.36999983310698	71.16599983334538
1.0599998950958254	73.65599955320359	78.54999990344047
0.9800000286102292	66.5560001468658	90.3120000863076
73.74700010299685	63.810000074505716	71.12199995040895
31.638000202178944	59.98800000369545	92.49800048828128
33.32299997806547	61.246000004410696	72.77399988174439
0.2199999618530279	63.13800017714498	107.54000014305122
73.5730001831055	58.760000102519975	98.1579998761415
13.150000190734865	67.48399964809418	73.91399979114532
100.24200027942652	60.92599989503621	68.28599996685978
0.45099996566772466	64.24000017493964	68.7380002260208
117.23600008964536	84.29999989747995	72.88600011706356
0.4479999971389782	64.01800008416171	90.70799995988605
-0.30499998092651404	82.54600025176997	66.94999994754791
-0.30500004291534377	70.22200002908703	62.026000010967216
14.15700009822846	76.30200023412698	68.20800011277201
43.92300064563756	63.57000017404557	92.39399945735939
33.15000027179719	58.61200013160708	77.520000371933
110.42799951076513	63.97400001198054	73.12400007218123
89.73399963855745	59.93600010275841	72.88600010335445
32.64600015640258	64.91199978828429	71.98600007772441
11.774999890327454	65.14000007152558	63.18599989414214
27.16800024986267	56.24000011205675	74.0339996635914
16.204000077247613	63.47400002002717	69.47600013613703
-0.03999997615814303	61.18200002193452	93.44400059401997
76.61000040531155	61.524000207483795	71.2620001423359
29.63699983596802	64.71199998140337	73.27999989509581
0.5889999151229866	61.289999969005606	68.72600017547602
31.716999630928044	64.70599995970726	76.15599997043608
108.23800015568732	58.31799992322921	66.98200005531307
54.07599990844726	78.40400021791459	72.93799986481662
0.08399990081787086	76.57600020885468	79.01599996566769
6.005999903678896	61.15400000929826	73.34199994564052
-0.4509998798370367	61.63000002622602	80.71000019550331
132.71699989795692	60.66600025281308	68.15399997472761
92.61499910712243	62.65200003147121	83.19400008797642
126.07100058555598	58.68999992847444	61.80000009536741
0.6310000419616687	62.15999999523164	70.90400024890901
25.19899981975556	66.85200001358982	69.54799983501435
24.203999986648558	67.98000012040134	68.67799999356266
0.040999941825865874	64.85400020360947	78.52999994754782
184.80599985167393	64.44400009989738	67.87400003433235
0.4970000123977646	66.1500001502037	65.5119999122619
0.9890000915527348	68.29600024819375	82.96200027704238
2.058999929428101	70.3479998779297	65.8180000269413
97.20600021839142	60.979999828338606	68.3580001926422
294.7749971628189	240.60399817511427	221.88599957585336
103.43300010681155	66.11400006771088	89.16200024843215
12.770000064373022	63.318000136613826	66.9060002040863
14.229999990463256	62.93200014829638	73.47400018692008
235.10899852752686	64.49600006103512	72.14999999672175
-0.9809999227523821	57.093999981284156	71.50399985313418
143.41799951910966	70.86999991089105	70.18999994039534
0.10800002574920681	70.29000008106235	81.43199979305255
0.025000071525573073	68.36000002145768	68.51200026512149
76.87700002670285	62.849999949932105	78.19600002765661
1.6910000276565544	66.15599998548629	77.71199973106391
1.442000055313111	63.276000092029534	72.95400012403732
52.33400058269501	82.91600057885054	67.65200006246569
13.390000009536738	92.6439996013046	69.56399997353557
40.861999945640584	63.51199962139129	87.40399981498712
1.0660000038146973	66.45199995994571	66.91000002861017
1.5629999589920038	70.27799994707102	81.4159999656677
-0.2880000114440922	58.36799993038174	76.2760001841187
0.046999964714049214	72.30200002431857	68.41999979019161
15.513999867439274	63.42199981629848	94.09600033372647
42.349999971389764	78.67199986457818	65.13399987220767
0.8879999923706042	66.90199997127058	76.10200010105969
48.18299985885621	76.29400028184055	74.59800012439494
280.8489989662169	105.93600007459507	183.4799989783762
1.002000036239625	75.4420001082122	69.85800013065345
432.0819948291778	65.67799974024298	73.90599997475744
28.24300004959106	72.0779997730255	66.63400025963782
29.179999866485606	67.13399988770485	71.45000011444088
28.970999789237986	64.64999993652098	101.69600017070759
130.69700079917902	60.77199997901913	72.24000017642973
33.2600000047684	57.67600007236002	64.79000009536745
149.22299890518175	93.45200003266332	73.17200013041494
116.85899951577184	72.79199977576734	79.43599977970118
1.3750000858306883	70.98200006008148	90.14200024008747
0.8260000658035267	72.52800012692806	68.25000010877841
0.24300008773803747	76.09800017654896	96.97199941575526
0.8799999094009395	66.86800000667567	65.63400015354156
91.27399887561799	60.733999914228924	70.54999987512822
100.2630002975464	81.18799995422364	75.72199986010786
0.8519999027252213	62.04600012302398	81.42600023746492
102.50800047874456	64.78599996984	69.5660002994537
18.11200006008148	64.29999997436997	74.81799998998648
287.2239973855019	85.55000009894373	70.2819999980927
2.9499999809265116	64.83400002360345	76.08599995136261
0.3080000209808338	75.26199966788292	133.31399993717673
134.98399905204764	61.32000001341105	66.24000006675723
0.16699996948242107	60.14799996137626	80.34400024175652
-0.3330000019073481	69.1500004163384	66.76199987888332
125.12999961853029	60.05000006318093	69.8899999547005
21.4959998703003	58.77399989366533	78.77999950408937
159.18399934768678	62.32399997711176	79.6400000143051
175.8989993357658	63.66399999141691	88.06799999117844
144.90499859333036	65.43800004243845	75.47000004053116
89.4979996776581	63.018000147342704	68.50000009655955
178.45499944925317	62.24200015902518	66.76000002384188
-0.04600004196166914	64.29200004994873	68.31800020933153
340.5249978685378	71.60199996232991	66.2300000667572
231.49099892139435	60.61999995112419	92.61600010871881
81.48700031757363	61.0340000677109	66.00199994564059
0.24700005054473742	61.68000007137652	76.41600001335144
23.94300007820128	87.17800002336494	66.71399976491924
-0.04700008392333976	56.526000087559225	70.59800000101328
44.02800025463106	60.78200003445147	69.9800002098083
0.1949999475479124	62.708000125289004	56.641999997496555
91.0699998426438	83.06799982070913	82.7960001182556
19.174999961853032	89.9159996443986	75.82800013780599
44.730999617576614	80.50999996900553	75.52600008413198
-0.4100000667572017	56.31799986600878	63.26000013828278
4.1569999933242805	61.02400010526183	69.02399990081791
77.38400001525882	73.42999970436094	171.44599874734897
0.5500000715255727	59.501999939680076	68.97600010216226
73.88800011634822	66.98199995994568	80.491999861002
148.99600102424625	67.60199978947638	75.48000007152561
69.78200012207031	61.219999939203234	67.4020001327991
0.43100009918212856	216.6579989168047	157.11999944135528
108.35499896198512	62.663999931812256	66.71799998998635
38.76900010585785	62.98399996042248	66.57200005054472
33.659000139236454	61.052000017166186	73.71799981951706
16.320000090599063	60.355999963581596	67.85799983024594
33.64699980735781	57.79600005090237	72.17399990081778
38.896999998092674	59.94400008201594	70.5620000743866
51.430999855995175	70.61199993610379	74.16800009250645
-0.13099988937377935	58.859999763965625	63.34800009727477
135.21800015687944	65.6419999358058	68.7099998283385
34.03400001049042	64.76600005581979	62.736000123023956
0.0370000600814827	58.77600008085364	73.3100000405311
0.3370001029968274	70.91999995633957	93.38999965399505
-0.07100007534027118	58.86599985957145	99.60599991559977
5.277999830245975	83.46600018858906	79.13800003290184
-0.727999958992004	62.959999976158166	88.4179996299744
0.15299988269805948	65.95400015830994	63.36199995368723
89.9059992742538	63.166000061035135	75.53200018644323
33.79200020313265	67.76399976596234	77.31000005245198
12.850999999046328	86.15600038975482	89.38199990004301
7.214000024795532	66.53799981042741	76.7580000185966
25.727999958991997	78.3759998351336	93.89600029706966
35.13899989128111	65.81200008705257	74.36400024190542
0.4729999446868902	77.88200023055072	70.5260000514984
247.66299942374224	66.17800019979477	70.57999995231634
70.58899960517887	65.93600011110298	72.10200011491764
139.79799878597254	57.734000090956656	71.99399999916552
119.37599971771245	64.16399999767545	70.24599982261662
103.67799941062927	70.06200025916091	71.33799966335299
-0.12899991035461467	64.38800014495853	74.67200003892182
94.72899995326995	63.231999878585334	69.9100000229478
0.21899993896484438	67.71599977493284	102.36599959701289
0.10100011825561443	60.77200011014945	79.80000050008302
7.897999954223637	62.599999919533744	82.52399983167646
105.53599956870079	143.0239996269346	126.82200100332494
71.19100002288818	63.3320001375676	83.56399969577784
74.80399965763094	62.096000070124866	80.74600037097929
19.50300001621246	66.58400004342197	81.18200010001668
77.40800047397619	60.31199973940846	70.30400013446804
1.002999906539916	78.06600023984915	92.35400022551431
47.62400008678437	65.83399992346757	105.67200004100809
8.687000002861017	58.390000000596004	68.19400003433226
128.23100024759765	66.30199995115402	74.89800026774408
138.18399989843365	59.78999999523163	69.93999980151655
-0.1829999589920043	61.5240001329779	117.23199991464622
96.3239996242523	63.511999990344044	69.27200010538107
115.39199923038484	59.300000026822055	67.54200021386148
-0.25000002384185727	60.32800018742675	68.75800007343288
1.2499999666213981	64.02799987912167	65.54800003051754
52.841999564170834	67.34799988031388	71.49599980920553
116.90799889087681	68.67599994093175	68.31400004386899
0.631999964714051	64.67800012588498	74.13600018262866
14.147000255584713	71.30599992275232	67.55199984699492
1.0599999713897705	64.04800040423873	74.54200022891166
-0.6320001268386845	67.76400001615286	77.57999993443491
1.0660000085830674	78.31600024014705	89.1780001664162
90.13700070381161	71.25400029718871	85.45599974632259
0.22800002098083522	95.75199968516829	87.09199968338001
132.60699960947025	57.667999911308314	68.88200023651117
86.44499951362612	106.41199926301842	69.86999993801118
33.00499992370605	64.03000004768373	76.3280000984668
107.74499967098238	93.94999939575791	64.40600008964536
59.07200019836427	100.41999952793137	123.86199975967409
-0.3989999961853037	61.094000000953656	67.56199983596797
0.4940001296997071	68.49400003314015	70.5440001054108
0.2070000457763661	63.1099999600649	134.70400025159134
12.750000076293942	52.12199995994563	64.86799990653988
0.4780001640319831	98.65600005894893	72.12000015258788
28.707999892234806	66.48600020915268	72.6000000238418
2.0030000114440933	80.30600001990801	106.71800011634828
-0.45099997043609596	66.8160000193119	77.33999990463259
0.19699992656707824	59.29199999332427	69.52799980401993
1.5399999570846545	57.616000062227286	85.15800026655194
0.5180000019073486	63.719999811649316	77.75999981403346
5.592000021934509	66.64000011473892	66.0560001444817
18.453000283241266	141.59799936532974	120.97200029373167
94.4219998788834	58.77199985265731	64.82200007915499
0.010000019073487538	65.55400014281278	67.29600008249281
8.052000136375424	75.00399966955187	72.68399993062023
1478.951981663704	53.43199982434517	50.17999986886979
1.371000094413758	81.17200007319448	74.895999970436
51.7240000963211	59.26600004985927	70.02400014400477
9.678000125885012	58.66000026941294	69.09600008726112
133.8509998750686	67.73200020790095	87.31199998512864
31.464000039100657	67.75600004121661	71.07799982786179
1478.7359816122037	54.47399942398068	50.955999286621804
1.1760000038146976	62.977999815940855	89.94600004911412
137.56899977684023	63.210000042915375	66.07200016975403
37.20099978446963	65.6020002841949	82.19800014734261
32.36899993896485	61.10199988245961	70.22799997210502
118.77499984383586	62.01599982976911	69.1160001134873
23.842999887466434	63.7020001669228	84.47600052833556
1.2120000362396233	63.087999771833374	90.3419999945164
1.2950000858306892	60.551999936103826	71.71599994182586
21.633000144958498	72.58000004172321	88.41200014591216
16.19100015163422	74.8460002183914	70.11400004386901
0.12599993705749551	66.1280001203716	81.16999988555911
62.971999669075	64.93200013160707	87.62000015258785
38.503000192642226	100.74800019934771	86.33000042915347
0.3500000429153444	58.12400005221367	70.41400010585784
73.62899967074395	67.56199997857212	65.9400000882149
49.15799977302549	63.37599986940625	136.07199989587062
1.39600001811981	74.15199987888339	79.78799984931949
8.024999871253964	64.43799983501428	72.13799983024595
0.9649999666214	58.80600002050398	72.43200009822851
49.632000193595864	63.25600002527233	65.48399994969373
52.99500029087064	83.44199950695034	74.25600002765643
-0.44499997138977176	65.7480004024506	75.76999992713333
1.4880001163482663	66.8700001430511	80.28599996805188
17.44799988746643	64.93799989223483	79.03799984931942
-0.07900006771087552	59.61199985682966	81.36999995991582
54.112000207901005	59.7179999876022	66.05200007200237
0.8109999847412099	67.55600012302396	73.72600015521053
181.00500010490404	65.61600010126828	74.1600000429154
0.203999948501587	66.95400003358722	64.21200007200247
203.93099947452552	63.2600000730157	66.74200001657006
-0.30700004577636864	62.16999986469745	68.98199997186664
41.04300021648405	69.43800044476983	75.96199998855596
-1.2550000286102292	58.37599995136266	71.44399997234343
-0.8770000648498542	66.10400003314018	75.76599990606304
282.60799804210666	69.08200034737588	69.84399998068814
44.22699971675877	63.82800010561946	73.37799994468676
41.25199982166291	58.724000295400614	70.9400002008676
-0.2690000534057607	72.18000007629395	65.21400015354153
0.49399993896484423	62.6320000846684	75.01599976018072
26.440000052452096	57.84400002181524	71.50600010395058
0.46700000286102217	62.25799980103966	73.95600008964546
-0.4720000314712535	63.294000004529934	72.66000015020374
-0.5249999809265146	84.92800027161827	121.1020004498959
181.89299869686377	69.14000015497207	76.89400032043464
44.96700003147126	68.77399977207183	78.228000048995
16.315000147819525	62.35199968159202	67.72200020790096
60.69900062561036	67.91800008088352	66.07799977302547
53.14399995803835	60.047999973297145	85.97200046375394
44.57099978923797	62.21399996921421	68.19400000333786
203.27199842378494	65.86800003468994	84.39200052112334
283.8559989118579	72.12399994373321	69.88800000190736
64.30800113677977	58.50799992263316	70.7379999125004
6.8630000734329215	60.72400006845587	72.2500000190735
94.84800069332123	165.01999978646626	74.82200014531611
0.8940000104904187	66.147999997139	69.76800006985668
40.30200012207031	59.90400010734795	68.68400000095363
1.6309999465942375	65.30399989306925	73.9680003452301
0.6560000514984117	73.32600007057192	73.22599986433984
-0.25200008869171225	68.74800000667575	69.02400000095362
-0.5029999685287471	63.310000055432276	64.81000002861022
15.547000098228459	62.059999763965536	84.70400002196433
3.2650001573562624	64.02199997931723	72.05399976253507
38.67500007629391	61.989999897479954	109.92599945709105
20.430000061988835	67.93799980282786	73.8520001554489
43.15300013542171	69.13600017845624	88.01399996757496
0.0850000190734851	96.73199947923418	63.61400024414066
58.06399988651276	66.00200004681945	68.77199987411504
133.49699970960617	60.39599983453745	71.79399975180623
22.60199986457825	77.15199966698886	70.85400007009505
2.090000009536745	65.61200016051538	66.13000015258783
55.920999944210045	62.932000191062706	68.37799990177149
71.18999967575074	64.81600025743249	118.40999998092653
14.03200001716614	58.4899998784065	73.88800005942589
60.55899994373328	67.2600001049042	68.71400015830989
21.034000082015986	59.726000097989996	67.25200014516709
6.70900004386902	62.22199990749358	64.9700001296401
154.99299914360037	69.64399983763697	75.52400009632107
1.4509999656677228	65.36800004959107	90.7000001883506
93.30600058078767	58.69400006473064	67.8160001540184
21.120999927520764	66.28400002956393	82.87000011444093
221.92399884700768	68.65800026297566	85.12800018906586
0.8860000419616688	68.7500000280142	67.50400011062621
87.73799962997438	62.17600000023845	75.00999983310697
378.04699635982513	63.816000002622594	99.50399976253505
144.0600007295609	64.25400030910971	68.66399987459182
11.601999993324279	64.45600001335144	85.60999972581858
0.5189999818801888	59.05800010085107	69.1759999132156
0.12499999999999964	62.6999999833107	66.67200016021725
0.2109999895095813	65.45600009799003	81.38400002241144
-0.4100000190734874	64.44400003775952	77.69999999672177
1.47700008392334	85.77600007370114	69.23599969312548
40.00500008583069	70.23399989366528	65.51000002861012
0.268999977111817	67.98399987936018	90.31600049972535
67.10600008726124	67.59800002247098	64.56200006484987
4.6090000724792475	65.45599990725525	74.43799973487852
0.6109998273849496	65.41999992012978	75.88399985209104
1.055999937057495	68.28199987083671	70.71800012826915
0.5850000286102295	65.35400016307827	66.50200010299677
1.11900002002716	73.19599989354607	70.6459999203682
35.525999717712445	63.687999849319446	77.80800004482268
0.690000000000001	60.114000060707326	72.36400009393692
91.29100012779239	63.90400015190238	70.94200004339217
16.19600004196167	106.66000014424328	77.56200009822848
127.0829995171726	59.927999920844975	74.54400009632117
25.420000233650203	64.44199983358386	70.38399997711181
24.39100004196167	69.07600027322769	71.93600016593935
84.42999975681306	60.665999991893784	68.74399992465972
-0.44199999332427886	61.5480000114441	72.38800021171575
0.7710000514984118	60.09199987053869	81.67399981975551
15.386000227928156	64.77000004932283	70.10599981069564
9.356999826431277	66.60400023460387	71.17800008341669
61.765000209808335	58.03200007200239	65.87800009727474
132.37299917697916	75.70800027415152	70.21599993109706
0.8930000972747809	62.53799998566504	75.36199995800855
18.14000016689301	63.814000191688514	68.67599985122676
0.7610000753402729	74.85600002348421	117.3020010346174
12.726000180244446	79.09799976348876	74.69200004488233
0.23200001716613652	67.73399994254112	64.21999993324275
-0.11099998474120984	70.53000024110075	75.72800009608271
126.08300051212309	69.2039998829365	71.45400006055829
1.3650001335144049	62.194000047445286	71.19800016403198
17.063999872207635	56.01200003325941	66.28600008249282
26.781999888420117	56.90400004982949	66.2920003080368
16.430999932289122	63.048000011444046	80.28800007343303
0.6279999542236328	62.26800002336505	69.70800004005426
21.596000175476068	62.858000051081135	75.96400011062616
70.02299979209899	61.97600004985932	68.61799997568131
0.5250000858306874	68.00200008869166	72.09200020790098
18.477000250816335	62.48799984693522	69.24800020217891
19.622999997138972	65.35200002908707	72.87600039124494
131.47500007629395	122.40400087147952	94.7280001211167
0.26699998855590906	69.43399987459183	79.29800034880637
45.19299997806551	62.52200009942047	74.69399998188017
120.34999965667724	93.97399990767244	74.28599974751465
91.32100041866305	64.41400004237889	68.35800010681155
51.88800015449519	59.36399995326993	70.04999986797574
32.87400032520293	67.84799999400973	69.25800006479031
67.91000001430511	59.43000004172322	69.83400012731552
2.540999937057495	64.67999978661537	72.15400020271534
7.037000102996823	85.43800008505582	72.56999964267008
4.825000042915345	61.017999768257155	66.9560003471374
427.8649981784822	66.87799988389023	71.50599985122682
59.23099963188171	62.148000023365	77.50400005340576
78.27200036525727	72.35000001788138	74.2939998936654
25.099999980926512	65.40999990701675	66.5639999496937
3.1260000228881832	65.71799975633623	70.03800006508826
217.3159993106127	62.31800006270414	71.3799998962879
0.8550000143051136	60.77399995923036	85.58799993038177
27.05399992465973	69.058000023812	70.90800023555754
0.38199998855590905	78.38200010061257	81.12800009250631
0.15399996280670278	64.00000018119813	68.8980000886321
173.08199940204625	57.94599997356537	69.76000022172927
57.86599987745283	65.54199975013732	81.97399996280672
1.3110000085830706	62.44000014305121	69.69799987792972
106.14999983787538	62.27200012445446	66.29800018191335
22.21299999713897	60.61999980568884	64.3180001115799
32.245999503135685	73.47000014126299	66.16399992942814
47.45500010490418	63.27599994838241	75.978000101447
0.3380000162124642	77.99400024175632	78.01000023603439
18.583000020980858	60.97999976158135	70.61000006526712
57.57099959611893	60.5400003486872	69.05800035357478
12.683000049591067	66.26999991178499	64.73399993419642
7.8430000400543225	67.66799996614452	69.51800008773805
-0.3769999074935924	64.89800021007657	60.91200011372565
148.5739990262687	65.2639999854565	81.4059999918938
16.548000273704524	58.88200005888939	67.24800007164478
0.15800001621246246	113.68200021460652	89.22799988269811
21.727000045776364	61.83799995809791	76.66200002476572
1.7120001173019401	63.086000120639795	69.31599999427792
1.7960000753402694	66.786000059247	87.96000019460922
51.57599979400633	70.55400027036664	71.27400008559226
17.841000118255614	65.970000026226	68.96600000381468
34.259000120162966	60.9259999883175	81.74199986457825
28.59899986743929	84.21399972736835	73.33399997711184
-0.01599999427795458	80.39000020682806	134.5580000829696
31.31700021266938	65.24200014173978	66.43000017404559
0.20999993324279673	67.85599977776404	93.567999869287
1.1669999647140514	56.937999961376164	72.27199997961512
68.90300088405607	70.08800001502034	94.35200007438668
35.29799995899202	72.87600014656783	67.62800008535388
0.34600003719329714	75.73800011202691	76.10600044727319
0.18299995899200328	78.2539995963872	76.11000011801714
52.40300004005434	60.55999994754788	67.69399999618527
0.4800000238418578	66.68400015354156	76.00399997234342
183.6169987952709	63.779999828338624	66.40400010108945
1.0380000162124643	63.36199989974488	63.67800003051757
0.39399998664856	56.96599979683753	69.75200003147128
57.18499996662138	61.312000031471285	75.48799998700616
46.16400018215177	78.22599987268451	76.84399991512299
10.092999935150154	63.54000017732381	66.54400007724765
55.33099943161011	56.79199998974794	90.63600029379128
116.92599970221512	58.53199975013739	86.91000024318697
410.0969962763787	60.26400005578992	75.72200013160703
