-0.008000125885008487	141.0439999718965	100.9580000305176
3.567999887466429	118.55400019705289	103.42599996089935
2.0999998855590825	107.19599990725506	102.38400007247927
7.19200005531311	112.85599975824354	104.99600010782487
52.27000008106231	112.46000044941906	109.77800011157994
12.528000011444096	104.89199988842013	100.60600030899049
8.21199996948242	128.28600014925001	102.29799990653997
13.399999999999999	112.44800002574915	105.55799992799746
0.5700000762939442	118.05600015953179	103.2680000019073
3.806000080108641	133.6699998366832	121.98600021362303
-0.4479999732971206	86.84200006857506	73.19799995705488
6.462000055313109	126.01800007581707	108.33800003051768
9.963999843597419	126.77799980282778	106.31400007247933
8.223999872207642	113.53599994659427	101.8700000190735
3.425999908447262	109.12399995923032	117.90600010871901
15.276000013351446	123.28000006437303	108.79600024223318
1.8599999046325673	120.79199982166291	101.1740000152588
2.553999795913699	147.50600015997853	104.60399981737152
-0.13000000000000123	109.75399972677229	105.97800036907195
26.315999898910505	123.44399974256758	103.95799999952318
0.9059997940063466	101.79000028491005	119.09399946451182
-0.3159998512268081	97.77600005820385	105.56200005054478
1.9440001583099356	127.01600005418058	110.14199994564058
-0.5899998760223383	111.85200029760593	112.30400009632102
26.962000036239623	116.18399958878749	105.87999986648565
1.2280000019073478	120.20800002947456	99.7200000333788
6.363999996185305	113.02999986156817	100.2839999198913
7.045999937057497	105.89400017499914	98.68999998569491
11.317999935150139	119.00800008445977	109.48400013446802
10.535999908447264	133.3440003636479	100.85400005817428
0.5679998779296879	123.24799979686738	104.14799999713901
35.8479997730255	121.37400017142299	104.13799997806545
1.0039999103546127	96.76000005915752	112.12999997615813
0.6399999237060529	99.54399988055219	103.98200016498575
2.164000205993653	116.33000014901158	98.52799982547751
1.1039999675750745	120.86600022792814	102.45600009560583
0.3479999542236334	107.2860000038147	111.40200014114376
51.3659999465942	114.66000004649148	106.77400016069407
0.969999933242798	174.2100004956126	99.9280000257492
12.582000002861024	66.99399998039007	68.89599995821715
0.906000089645387	115.31799988895642	97.9480001235009
5.900000019073486	101.91000002562998	101.77199995994572
6.011999959945683	138.39599944233896	106.52200026035318
1.272000026702881	114.03199999153611	101.70999991416927
11.703999900817879	113.7819997745753	124.15800000518571
4.488000030517575	96.8160000133513	110.31399973392502
3.229999990463258	157.5040007117391	157.4560002006592
7.316000089645387	104.3799996352195	108.05600000619887
1.5180000305175778	133.76600046709183	105.08600004196173
1.6200001430511466	127.58600006759157	105.0779998850822
2.1879997825622546	96.62799996376039	104.181999926567
18.004000120162978	126.4480000600218	118.40399965047848
23.940000152587892	124.10600037530054	109.26800018191344
1.8260000896453856	129.01199989557267	113.66000024497527
2.1020000743865968	137.62400043442844	113.64999968051903
0.8139999294281004	114.73399975597853	101.6400001335144
3.5420001697540315	112.3679998093843	104.97399994850154
5.447999935150143	128.3099999219178	102.56199959695331
-0.7660000324249265	117.97799984335904	110.5720001001657
0.2519999122619636	111.31800018340338	146.28999975919731
0.43800023078918443	105.82999992847441	98.44200009346001
6.1019999027252245	132.3619996529817	158.83200057536362
13.121999826431285	134.58000000596041	106.70000004768359
3.6800000381469715	108.07999997854238	99.5900000274181
83.0599989891052	219.77399903267602	262.82799894526613
9.771999731063834	109.59999981522553	105.55400003671647
8.830000190734875	112.74599981307985	106.15999990463254
1.7160000991821285	130.7100003276766	110.94600002050403
4.409999990463257	116.60400012135497	102.23399990797047
1.2319999122619614	120.22599993854746	102.92600005149848
1.0279999542236313	108.29400010779489	99.0140001372992
4.159999980926516	128.67799959182736	111.27599991858006
1.5319999885559066	153.16399968504896	119.32599987462163
14.564000158309947	146.77200060725198	119.44599978446956
2.186000003814696	127.48200010150677	131.32400010108964
0.679999895095826	119.57000052452089	115.90600039243691
14.93399983406067	108.56400034904485	117.66800026938313
9.480000152587891	114.7179998517036	110.37200044333957
-0.8800000286102296	132.76800000667578	97.5120000052453
3.323999996185303	112.22800011634826	105.45800007343286
8.596000118255622	130.6180004310608	125.99200026229032
5.2520001316070575	116.73399994522329	106.76599979683772
16.919999718666052	116.01399982601401	109.03399978637705
9.580000133514407	110.2860002213716	103.94799998283379
0.7980001163482668	112.03199992179879	106.28199989795687
12.840000019073493	112.2679998034239	107.28200033187868
10.396000137329102	109.66199980497353	112.85400004863735
0.3260000419616688	127.77400049656615	107.04399996280661
8.47200003623962	107.37800009250627	107.57400040149695
1.199999828338622	112.95199987053877	102.81600007534017
11.687999897003177	111.62600041985498	105.29400002002726
39.150000142157054	140.3920001816751	103.442000027895
0.5539999389648435	138.0940001869201	134.8659998393058
67.62999956607814	110.40399968937024	97.69399996280673
-0.14200006484985517	104.84199990466217	101.81799993515017
13.42799990653992	120.40200026348242	109.50599999427793
22.871999855041498	244.99399867057778	191.42800015777334
2.418000078201296	125.48599975287917	100.30800016880045
2.2280000495910643	133.75200017869471	117.97999936103814
15.762000055313113	114.03400015354134	109.90200019836429
5.696000061035157	115.26399991065257	102.00399990081775
20.056000118255625	137.5159998643399	108.307999944687
-0.05799988746643196	116.04799997270113	115.43000006914143
0.19800017356872668	119.53399991035455	116.72599998712542
16.295999698638926	105.9660002005099	108.04400009542707
5.466000051498414	159.36400010287764	101.98599986076354
12.717999877929685	120.07200043201452	98.3660001139342
2.2680001258850107	134.6399998307229	120.43400005817408
1.7099999332427989	113.0079999434947	104.4339997816086
0.7800000286102301	115.51000021666286	115.56799969196321
-19.377999887466416	117.55000003814693	102.2960000658036
-0.7619998931884778	111.78000016689296	102.5520000338555
0.3740000724792499	145.11200005531308	109.95799985647203
13.371999979019158	134.44200040459637	104.24000000759965
2.968000154495237	119.56199954986563	99.62000015139579
5.110000123977661	100.22000011056656	107.63800030529495
8.018000001907346	130.6160000216962	105.66399995088585
2.12000005722046	130.43400041699397	106.67399989411236
-0.12799997329711985	114.67600013375284	104.04200002908719
28.358000097274797	128.37200025856487	107.68799994468685
1.6759999084472668	153.11600041151058	105.76199988365181
18.53600026130677	130.27000021815294	110.57199986457816
0.5020001125335699	107.90599975198515	101.38399998664852
-29.007999639511116	116.03599998474124	104.13600011825562
4.217999830245972	145.8659996604918	112.03399988174435
4.5939998912811255	166.01199973896152	110.8380000114441
1.176000175476075	124.54799997046587	118.75400014877327
4.028000211715699	94.52799983933568	103.77000012397758
-0.5399999523162837	158.73999934926596	106.06799985229968
3.110000247955321	130.71599947512146	109.8600001049042
2.1679999828338627	98.08999981880179	102.83799999952313
4.8940001106262185	107.00000005438919	104.44400023937226
1.7500000190734872	107.65999988436705	106.77800010681146
16.822000007629395	121.34200011968602	105.38200015664106
6.879999885559081	119.81199980214238	99.88800010681156
1.2059999942779547	111.60599961102015	102.30400029182434
5.842000045776366	156.14200001284482	103.02600001573569
5.316000070571895	145.13999969720814	101.09800012350088
1.4840000152587887	151.0659997212886	104.69200007915492
2.328000011444091	92.11600015565757	107.46800021171572
2.930000009536746	121.89599952310314	117.9740000706912
9.929999885559084	120.03800067648288	106.7379998676478
-0.6740001583099349	118.48799979239693	103.53399995565428
2.9040000247955335	112.52000003337851	130.7120006513596
7.169999942779543	116.95999933481212	110.36800021052365
2.434000043869019	156.0920005068184	105.99200040817266
65.25400060653688	110.00399994254101	105.16599991679188
21.637999863624586	87.90599957421432	68.10399991556989
-0.20600002288818392	123.33000013113015	99.59200006484987
8.992000045776365	148.7280009087921	147.54200016975375
4.115999975204467	122.15599996447558	102.81399991035464
-0.1500001430511472	122.1000002622605	101.03800021827217
0.12599998474120935	133.7640001125633	108.62800025463109
7.60799991607666	110.90799976468092	106.9160000105202
3.665999994277953	108.0879999639094	99.12400002479558
-0.31600007057190005	109.79400017619133	116.97199971199029
1.9739999389648424	123.69200040817258	101.88800017595288
3.428000049591064	118.01999977827073	103.1020000076293
6.236000127792357	106.99600003719311	100.40799998283387
59.78200022697452	126.62600006937974	117.59799993515018
1.333999938964845	114.43800020292412	120.43999979257585
30.589999961853028	188.51200002640473	117.32599991321565
3.208000154495239	116.49599980592717	98.73600020647051
1.1900000000000013	110.59000005483622	108.28000004887578
2.2060001277923584	111.80199988722806	104.59400000810622
-0.06399993896484468	115.0960002775491	122.73000028252594
3.4339997768402104	114.62199965536593	102.97000021055342
8.50199982643127	116.54200015902519	102.11999993324272
11.262000169754034	90.20799991846063	104.18000014305109
1.3360001182556158	114.94600013017664	104.37200004577642
4.680000095367439	115.25600021362305	101.21399996995922
5.254000148773189	128.4720000860096	100.77800023317336
18.459999999999997	134.817999780178	100.74800001144412
-0.07199989318847741	113.97199981689448	109.80799990653998
2.7220000457763684	215.53799934908753	140.49000040531163
2.4219999408721944	146.7860000562668	103.47399998933078
-0.8259999465942397	117.50000070124861	101.98399999856946
15.133999958038329	114.70600011587143	101.6460000038147
10.219999856948846	109.01999973654739	125.5199997985364
7.247999868392948	119.65800027251235	107.42800007581727
2.5319999599456806	119.00000001907347	103.80400007247935
1.4080001068115222	137.42399952322234	109.06600000381466
2.170000038146975	112.40800031065933	104.53799985885628
14.439999999999998	107.28400006413456	102.34799995660781
5.228000078201293	106.79600006863467	107.04600011199726
6.623999910354613	108.73799982786174	117.81399989366531
1.0100000858306875	107.68400017738338	124.03400013208393
1.1419999694824214	108.51999970719231	104.0499999320507
12.15599987030029	134.09999984502778	128.40799990653994
4.755999956130982	124.43599981307983	108.17199985504146
1.3999998664855942	87.40799985408778	102.36600001454359
-0.7679999828338616	107.44400023505086	98.26399988412864
2.7320000171661354	128.67799989104267	105.84800002574929
31.932000036239632	109.58400008440009	99.36000011444101
0.7119998741149908	99.16999996364116	106.44600024938568
1.1079998016357429	108.24799990296351	101.67600019931801
2.390000028610229	136.11600028991705	122.87199981689453
5.742000007629393	127.94199979245661	104.67000007629386
1.552000102996828	116.19799950882783	101.41999957129359
0.9099999999999995	121.32399953633542	103.72999994516374
3.730000057220454	104.1799999730289	105.0980000972748
5.812000055313112	163.85200035691278	104.03799997895946
18.24999989509585	147.18999977603565	104.05200006485002
50.41399963110683	132.89000025033948	134.73200014591217
-0.5159999656677229	113.83000024795537	98.77200017452255
0.8920000648498546	154.02799951821532	108.77400035858135
4.797999992370606	105.26400006651868	99.28199984550473
7.9940003108978255	145.88400077283373	104.51799986839288
-0.003999958038331655	112.9720000094175	103.11400010108953
1.0400000953674307	119.11800044894227	106.80199980258939
1.0359999084472644	117.25200030207625	106.35799979925152
3.373999757766722	112.14600003719328	102.0360000610352
0.0020000362396224956	109.34599954187874	99.8700000762939
8.018000097274777	107.91799990653993	102.32799993038164
-0.15200007438659516	121.30800025224681	108.01800034284584
0.7579999732971178	104.87399975061403	101.6680002403259
7.4460001468658445	144.8319996750357	113.32000017166152
0.7280002307891851	120.62000003993515	110.66200001716605
1.4899999999999982	92.11599998950966	99.81399997711183
3.8599999999999977	117.68799973726267	117.36800039768218
1.7060000324249296	137.24400038644671	98.79800011634846
1.9520000362396244	137.1179999411106	104.85199990794077
2.668000135421755	106.36799981117257	104.16800004482275
8.338000082969662	121.26000013053408	104.08000018596647
0.8360001945495601	167.37799971863618	101.4440000724792
1.8259999275207515	115.86599995613103	108.00399992942799
7.9140000152587895	99.69399988651271	101.82000011444086
4.85400001525879	133.42000066757203	108.09800003409384
15.155999908447258	100.76399997591972	117.44399999380107
18.364000139236452	120.29999975591899	104.76600010395053
5.008000020980836	119.77600009471173	104.74800015926367
1.2080001449584938	120.74000022292132	102.77599988460545
5.054000024795531	123.07799970865251	106.72800004005427
14.362000102996822	112.79999975144857	105.41199984550484
0.39600009918213	141.25000026464457	108.1860001468658
0.7480000782012945	120.2179999613762	100.94799994468696
10.636000051498412	155.22800012469278	101.06600011587132
6.428000164031983	113.24599968731411	112.19800030350693
30.758000178337095	143.56399998188022	105.54800015449511
2.5719998550415024	93.5739998841285	115.84200033009056
2.3660000038146998	134.07000029668217	107.17399973154053
4.37200008392334	107.72199981212607	99.17399999618526
-0.03200001716613804	114.06399998575438	103.02200013160696
3.603999929428103	115.42000080108649	102.23200005292907
1.0859998893737797	117.95800020158293	101.28400019809604
-0.38800007820129523	125.4619999647141	106.59000014305111
1.9680000972747815	129.94199986696245	99.84799976468094
1.4520001697540266	115.15399997308837	108.62399991393086
2.5059999561309825	114.14000034570682	102.5939997673036
8.305999898910526	108.08400015592562	107.6520000505447
1.3439999198913575	111.67400040507333	108.74600016593952
4.5139999866485585	135.79800052464	116.16200007438661
-3.0540000438690176	114.35000003039835	118.7479999876024
-0.9560002136230457	122.09000023484208	100.71199990987775
0.9619998550415033	120.95199983119954	103.73600000619876
8.016000146865832	135.30800025135272	143.45399976968764
-1.5499998378753657	125.45600006699567	107.1760000401736
18.586000051498416	124.29800005763774	100.766000123024
17.294000091552725	155.6220002710822	103.60799995660771
2.562000036239626	131.16400005772712	110.20799995422372
13.3379999923706	101.89400012969955	102.39199985027304
1.4120000076293941	126.54799974977963	113.47000010967245
5.408000164031984	130.7179996965824	101.05199999809268
-0.7300002002716051	115.74799974262723	101.12800007343293
10.688000020980832	114.00799987077707	106.49199985027313
12.880000047683714	126.8299999001622	102.3280000448227
1.4780000019073491	117.69600005939598	105.95200018882747
2.3239999580383284	112.46999960184094	104.45200022220618
1.3100001144409181	117.05399991214271	132.9139998382331
2.4400001049041733	132.30800062894812	107.22600010156629
0.2140000629425044	110.1080000352858	101.87000020503991
1.5059999942779556	110.09600014209755	115.47799987673747
3.0799999904632562	119.09200034618374	109.81200006961822
3.564000072479253	156.87799973875283	99.85599989414214
6.869999933242797	119.0059999036789	106.22000015378012
2.647999935150148	102.47200009301302	110.3039998789131
0.2659997367858883	113.12399996280679	107.10199990749369
-0.8940001201629617	138.37800002634523	104.40200005292876
1.7560000038146968	120.12399943828576	106.78400013923648
2.3100001525878886	115.92599983930565	97.62400000095369
13.467999887466426	182.08399939060178	100.48200028419494
2.8880000591278057	131.62199972361324	110.29000021934522
0.5019999599456774	214.9279996706545	112.99000036239622
15.857999897003182	117.93400002360335	117.18199993133543
3.115999908447266	118.02000000953677	102.46599984765048
1.6399998855590827	113.58599972024552	102.71399982929228
6.268000164031982	109.14200023651124	115.5720000989735
3.896000146865848	113.60399995431298	104.40000000953687
4.120000123977664	131.81600020408615	118.50600018262855
2.903999891281132	119.46600072339164	99.60599995613093
16.344000091552726	151.09800096988675	105.27399994850154
3.19799988746643	121.41799964487548	105.78599996805187
-1.5579998970031754	109.47599992275238	100.32399994373318
1.24200011253357	118.66399982362982	106.23999993443483
0.610000085830689	123.1260001567005	105.74800000190734
-0.9419998550415059	104.60799982547749	99.87400008961549
1.3840000057220445	109.41800034195177	133.16000025629992
1.5580000305175774	106.77200040832149	109.69999984145173
7.632000112533568	121.99199988633417	104.70600003004066
3.595999927520752	120.14600001215936	112.36600018262861
1.5579997825622562	116.75199992656705	101.32200007796288
8.445999917984008	154.7719999742508	167.91200064659094
3.748000116348264	118.69199995547531	103.09600008964536
4.566000118255616	127.22400006651885	106.78999998807912
8.304000082015996	116.55199994415045	105.8540001344682
5.83999989509583	92.56399993658073	113.6460000801086
7.073999958038327	111.78600002765644	104.84000011920931
0.05399992942810116	118.00799998819821	112.83600002527228
1.4080001068115233	114.35200024247168	102.58600004673013
12.280000038146962	122.80800022721283	116.95600004196164
19.01799986839294	116.9879995858669	104.15999982833863
1.952000064849852	108.85799984872324	103.28599997639662
1.6480000114440922	121.06000061810016	110.28999982357027
8.826000080108637	121.35600013613684	107.61199996709824
6.006000003814698	112.68399995923039	100.16200008869161
1.9479998588561989	105.7359996698796	103.46999992609031
2.347999982833864	118.5039998579026	113.25199987411503
9.751999845504757	227.12399856820704	141.23599928215145
25.527999677658087	119.80200016975387	102.49399995326996
2.268000040054319	117.51800066709517	100.43199988245973
6.631999845504761	113.2000001151859	101.79599975585944
56.432000045776356	115.7360000228881	108.50000006675711
1.2660001754760757	97.13199990987766	104.2539999413491
1.9120000171661384	179.94000000804644	105.60399997144938
2.984000043869016	114.5120005118846	107.7659999167919
5.155999765396118	157.83399962097405	101.8240001678467
1.6299998855590827	124.16399996280677	118.787999958992
1.596000051498415	158.28200003623968	112.3419997024536
16.75599993705748	116.84399981021883	120.39400005340583
9.66399991035462	117.32599982410669	105.67599993705747
2.7440000438690184	149.8239991751313	103.96999996423743
3.2760000610351567	111.03799986004823	109.28800007581714
2.0140000152587882	108.43600011348724	102.2180000734328
1.6300001621246327	157.78399958789342	110.96799989700311
5.187999906539921	113.68799996972079	108.30999994754787
1.5680001068115224	134.71799920439727	120.72600016593934
0.690000066757203	107.57999983966342	106.2480000495911
0.9480001068115238	124.17199971482155	104.77599998474108
2.392000093460085	102.38200022518629	114.64999991416934
11.200000047683702	113.21400014400481	105.36599987030031
2.5020000457763665	121.12600013136863	98.22200013637547
1.5679999637603763	106.83600011825553	102.19799986600871
0.575999975204469	137.83599982053045	97.60200006365771
6.62800006866455	109.98200014546497	103.13799999713893
4.213999900817871	122.8479998111726	128.20400016307835
1.591999940872195	109.49400000736117	110.52800005435932
6.4660001373291	116.76599990367886	108.96199994087223
1.0380000209808353	140.77600021839112	136.8139999337495
1.4940000152587898	110.94000013113015	104.05999995708471
1.1119999980926525	109.52400006294243	100.58000005722053
10.570000171661384	139.8719996532797	119.34400048136712
43.476000328063975	108.25200000643723	114.52000005722051
3.789999895095828	121.08000046938653	131.27000004291546
3.249999923706055	114.28399976193896	102.14999990582459
0.6720000457763685	115.56200033098447	104.93400005340571
1.0319999885559097	142.93799958765513	103.79400010108941
7.728000144958498	116.77599989891061	103.303999824524
0.3519999027252181	109.13399996638294	100.84399996519096
0.5039999961853034	127.6700002801419	104.00400013446816
4.724000034332283	111.62800007939342	105.13000032186508
1.2680000972747818	141.3199998712539	110.71200006961817
0.037999935150144916	112.2479997250438	116.53600011944768
-0.30599988937378025	119.96800018072125	113.71999994039533
1.6999999618530293	152.99800046175682	99.27999993324295
0.861999940872191	123.40800002157691	107.29199981212614
0.08200011253356976	116.95600034356127	102.74200021266932
10.715999946594232	145.97600017189978	113.6560001057386
3.547999897003175	109.76000017642956	102.17400027751933
14.466000099182125	112.00199970245355	106.30000017762188
1.3000000667572011	112.68400000572213	130.6299999189376
8.0460000705719	103.76600028514855	102.99400018692016
6.210000019073491	105.87599992930896	106.55600004494187
2.9640000915527316	167.83999862372875	102.68599990844733
2.527999963760375	133.83200031518936	112.58800005197527
6.6039999294281	154.121999681592	103.38599999189368
8.736000051498413	111.83000009298328	104.97600001335151
2.7220000839233425	113.54000007033343	110.27399982452393
0.8499999618530274	136.3879999566078	101.88799989938742
34.04600016593931	105.89399991244085	99.03399994373306
4.877999982833862	103.26400002121925	103.60200003623974
2.618000097274783	163.66200044020988	109.42000008106237
1.51400001525879	104.80000017046927	103.34400018930442
2.6040001678466775	130.81999970793723	104.09200015366076
1.3919999504089338	132.9979999838769	104.32400016784682
25.933999986648562	105.0460000169276	103.38599984169008
13.058000030517583	109.04200005576025	109.68600026249882
23.389999885559074	137.8320002457499	96.7380000972746
22.319999780654907	113.86600025296214	112.65999990224829
9.062000026702878	127.15799972057344	105.89199983596811
8.293999958038327	109.38199976116415	115.09000006198882
4.230000171661381	125.83599981904031	111.66199991226198
4.695999927520752	113.70400036990645	102.10600004672995
154.55599937915804	173.35399942815312	173.55199995592233
3.30799997329712	112.39600007176399	98.13599995136262
2.775999946594237	103.405999788046	123.75000013828283
0.18800006866455035	120.4219995808602	100.79400011539458
6.910000171661375	121.4159997123481	102.47399999797344
2.8439999675750722	106.95600011825553	103.58000008583066
18.38599982261656	126.60800021424897	103.50999995231619
1.5280001926422107	110.01800009489047	115.6539998960495
2.959999952316285	114.92000012591491	104.36399991035466
-0.0980000019073471	123.68000016033636	106.50799995422358
2.2000000858306894	117.06799997091288	119.12600019574165
7.231999979019161	119.12200021609667	102.5439999592304
-1.6180000114440927	134.41800049781796	110.54599988937377
2.209999952316281	114.61199980109946	113.99199994802467
4.6699998950958195	111.23000000849362	103.40400022029874
0.6899999427795391	136.80599990367904	111.95400028705602
0.47399997711181685	108.23399971932172	99.05400001049037
6.372000064849852	114.96600027799603	104.67199997901925
4.851999883651729	111.37199965953826	176.92800015926355
2.4720000076293935	123.07799985885643	107.44199997305873
1.6020000171661384	105.41200045466418	104.72599989891056
3.52399990081787	145.46599966868743	106.19400001049044
0.025999965667725274	171.55800011545404	103.40800014257442
2.251999969482419	107.58999984860417	105.51400007009497
0.5479998588561998	119.32800030827526	103.11800000906008
2.910000104904176	148.5819995439052	120.68800025939949
18.370000066757207	115.85000009626144	113.33000040054334
2.3220000267028804	102.83200029030436	104.73599999427799
2.752000007629395	116.00999986231342	105.46799987077708
1.4920000648498548	104.94200006574393	139.66599979996684
1.092000074386599	130.58599948167796	112.86800016701216
0.7400000238418575	107.31400049105285	97.04199992239468
3.7559999465942395	112.36999994710094	103.06000009417538
21.317999925613407	110.40600003242496	103.80600012779233
0.7819998645782454	124.00999970853327	110.98600021839144
5.503999891281124	110.7719999215006	138.57600029587755
-0.2740000915527346	106.51599983811366	106.42199991226207
37.8840000152588	106.41799992173907	98.41600009441366
3.4439999866485618	110.64800038576105	105.72800020217895
1.7319999504089383	113.03200023889524	111.36399992644787
0.064000082015991	130.39599974870683	103.15200003862373
10.833999919891358	109.21199986934654	114.98200031280538
11.070000057220453	130.75600020468235	100.50800006866454
2.7720000267028815	119.7759995305538	103.85600020363923
1.6600000000000013	118.20400001004349	104.57800002336504
6.334000034332277	114.70799991369255	102.80600004434585
1.5199999237060544	141.20399984955785	112.86800003051748
4.635999965667724	117.21200013637542	110.58999992370612
0.9380000019073464	125.39799909353256	96.70199984550472
28.923999814987173	124.31800006091599	100.18400009632096
12.04200006484985	110.6740002322197	108.06200015544903
9.525999956130983	111.2000001430511	121.73999985814103
2.1500000381469726	121.23399994850166	105.08199991703042
0.8399999237060534	107.71400017261506	104.99199991345397
1.814000034332273	116.77799957305186	88.54400012254712
1.0620000743865976	114.96800008833414	114.99599977016437
0.7400000476837165	114.21800039052951	120.62000049591062
52.301999874114976	129.57800034344194	102.66600009441377
1.4299999427795396	113.23000037372117	101.66600014626987
16.47599989891053	114.56000025779012	103.39799976348874
73.26200023174287	92.86799957871423	73.97999999642362
0.9979998874664303	93.67999998524786	105.94400022625919
1.621999835968019	117.58800011396416	102.86999983310702
11.619999933242811	112.0699998980759	108.54999979495992
9.321999750137326	125.74400026798243	106.2039998149873
1.085999937057496	124.79400005131961	103.76999989032747
3.9599999237060524	123.87200015068058	99.37000002861028
15.902000064849855	111.20799996137622	139.22000015735614
-0.24599996566772314	136.5199991182982	99.66799998879429
20.87599981307984	173.93800027221437	103.01799989223464
3.5540000534057605	98.17000002384174	104.51000002861026
3.181999969482421	129.1920000883938	112.58999996662139
2.19199987411499	133.63200011551385	108.63800015926363
8.538000040054321	97.69599987149232	103.12800002574915
1.7060000133514381	137.22799977496265	101.70400013804448
0.7700002384185785	104.54800032228239	104.20800007641314
2.0459999847412105	106.55200019031771	102.94200015544891
1.5060001182556149	119.35999976634983	104.71600035667421
1.381999969482422	125.95800042003387	103.82599994659432
4.6119998931884725	112.86599982619292	106.2299999904633
4.210000143051149	110.90599996685972	107.85599993973977
0.44800005912780716	119.85600006461121	95.28600016400203
6.885999975204464	107.87199999675148	101.93600014686581
0.6259999275207523	152.50799992933867	100.97800017356883
8.205999994277956	101.78999986946577	101.49000015974056
8.630000095367432	112.61799958705896	102.85000009059912
18.158000040054322	110.26799996614457	98.79599988162526
2.08200005531311	107.79400044530617	100.39800020217896
5.0839999389648405	131.2699998402597	103.11800004482274
11.44000005722046	110.06399977922429	126.1579994797707
4.253999881744387	102.25599998533721	102.17399987220767
1.5179999351501452	121.24799991130823	103.47200005054482
3.8020000743865996	124.11999980926508	106.76999997973444
-23.888000221252458	116.13999962806695	124.52000036895281
14.40000031471253	114.15400030195717	110.73000007152565
2.1239999961853053	116.98999996185297	105.69200009346018
11.437999877929686	112.02800001010287	108.4059998178483
0.5519999885559067	115.06000042796131	99.35200003862394
3.1820000267028807	106.71200001120569	106.08400002598759
11.464000148773195	114.6899998387694	101.02600020408629
1.7159999656677234	95.13599991798398	101.79199988365161
-2.2859999561309805	109.55800006747242	108.36200009703641
15.124000015258787	106.38600003957751	120.6380000162123
-0.5620002841949459	125.8660003109276	103.71200013399125
23.85000019073488	114.3339998416602	102.07400014877324
1.596000089645385	127.64400015354148	113.43800014495847
1.4359999942779555	104.06000006198866	101.97200014114372
2.436000032424927	108.09199991166581	112.13800016939652
2.531999959945678	111.72800008088366	107.10000011682521
8.2260000038147	122.23199964761743	103.73800000309943
0.6519999217987069	134.95000062882892	102.52200005561112
2.571999931335449	110.51799980640412	111.86799988031389
2.2219998168945305	125.28199963942174	104.44800011157984
17.10400010108948	111.51599999606604	106.53600007534025
1.681999921798706	133.9779998469352	106.09400018692023
0.2440001010894765	101.22799998044958	140.89400058269504
1.4620001411437995	122.81200021892788	99.2319999313355
2.70999981880188	112.67400041341776	107.11199979305273
8.719999914169303	120.734000171721	120.68199996262794
0.5999999237060553	96.86200006335974	110.13399999856956
0.19600003242492556	106.96599980175479	103.00200007438673
1.4840000820159904	125.99199959143982	103.7720000457764
2.48200001716614	112.23800032079235	110.92399993300435
2.1960000801086434	135.10600056290608	103.36200008869174
2.701999797821047	129.73200021028532	106.48799994468685
5.162000007629395	113.59599963456394	109.39199995517734
5.956000041961668	134.97599983751766	99.23800003051748
5.558000326156613	108.88399952769282	111.00600023031235
0.39400006294250506	106.53000015974058	122.94999982118604
1.3160000514984138	116.850000475347	114.48600022792813
0.4079999732971198	105.59599976778033	103.51000009536735
1.6480001163482683	141.05800029993034	110.15799993932256
0.919999933242799	114.1260002855956	110.17599984169011
4.290000076293943	126.76999976932997	100.89600010395057
4.113999938964844	122.34599953532222	121.01000020802014
-24.750000314712526	124.14000049173826	104.81800003439186
1.0999999809265144	143.4539991363883	106.7419999670983
-0.46800008773803486	110.64199984908105	102.28199999332433
-0.2719999980926511	114.99200032189492	102.98200015142554
1.389999895095825	106.35200016170735	113.00200021743777
14.230000047683722	134.22800069287405	117.16399981975559
1.4199998378753653	105.78000024676307	101.92399997234345
3.2400000858306908	112.57200025796888	101.00799976348884
16.523999853134153	167.39000071048721	113.49000000476849
-0.09199989318847807	155.11399933934214	128.47600013256067
3.7500001239776615	106.64799994662411	105.77199994087229
41.80000022888186	117.36600049018858	110.86400015354165
4.295999956130982	117.08400028944007	101.69400008201595
0.6779999828338633	121.1160001850127	104.23800011396409
0.3240001583099376	143.14599998638033	103.29799987554551
1.55200002670288	115.0659997797013	101.61800011754043
2.682000150680543	155.41399955391856	106.62999978363517
-0.4799997615814223	119.02600006818773	107.91600033521661
0.8460000038146959	120.20000003293148	105.85599987983713
1.126000032424928	148.17600018262868	110.56200012207022
2.073999948501585	125.59599939897653	102.96400011539465
0.800000267028809	118.8060003381968	108.06800001621237
0.26999995231628476	112.70800001978874	102.42399984836578
2.0220000934600812	142.09600034326292	113.60600015878684
1.6720000267028798	158.38800051212306	134.29800008684387
19.071999998092657	109.68399998128402	104.74199995338914
15.32600010871887	120.54200014233588	111.04999999046325
1.534000177383422	105.1880001413822	100.65799996376036
2.1359998321533196	127.95000042438504	118.16399987936026
1.6659999561309806	111.77799971297385	101.3139999294281
2.076000041961668	108.59799969047313	102.13799997091293
1.6859999084472657	120.36999953985227	98.64599997997279
8.282000122070311	134.32600035369384	104.0040002286435
2.7080000591278064	116.17800018742669	108.92000001311308
1.6639999485015873	116.56199984312062	108.68399983316672
4.616000137329103	165.2019999834894	100.7180000925064
10.346000137329105	171.558000152111	106.8159998905659
0.32800004005432054	132.2320002651214	99.6120000934602
0.19600008010864267	145.92800009250644	112.97999986171737
2.7699999523162835	111.92000019460923	102.3080001282692
8.780000104904174	115.48199991703024	102.56400012135508
-1.3040000152587887	116.41800019264214	110.65600000619895
9.896000366210943	124.26800008565176	105.298000216484
11.186000099182127	149.4479996997116	124.41199998855599
9.493999996185304	118.13000032797444	101.18200005531317
0.936000061035158	109.88800002187473	99.79400014877316
0.28399990081786963	113.30000004768372	102.61799989938737
1.282000064849855	126.52199998855578	100.17800021171577
2.9159998989105214	120.84200025558451	99.08399975538272
-0.557999982833862	114.04999994516375	105.18400007724757
1.3540000152587879	121.77800022944804	101.7400001490116
0.49799993515014646	107.76599973082527	101.68399990081787
13.634000072479257	126.77200031563649	102.05799996852879
0.2099999046325668	137.1760001838206	113.92199979305268
15.21400036811829	116.62999998614174	106.81599995374678
2.394000072479248	124.67999952912328	102.00600021362308
3.8259999656677257	130.8339996691048	110.0119998359681
3.113999910354614	117.16199987649907	108.39200003862375
0.5059999847412114	106.89600011050695	103.38600002288808
7.634000139236449	108.83200017258525	100.81400010108939
1.3120001316070549	133.75800019025795	121.2240000000597
1.5139998817443852	148.37199963092817	104.3620001316071
1.028000020980834	157.03799943178905	124.86800050735471
19.20600001335143	152.43199960708608	104.20200000762942
42.764000101089465	126.57200098589065	108.91400014638903
15.527999839782705	109.27200013637541	102.94800001621236
3.509999961853028	108.5339998722075	102.23199998378757
2.0800000762939463	133.84000047951932	96.23400025486937
-1.3360000038146962	92.41399988859881	103.47599986746913
13.828000264167786	121.8920001626015	110.19400018692025
8.259999952316285	134.91200017809874	107.20999991416932
4.866000185012818	121.96999959588044	103.66000012874599
1.8020000839233397	119.19799982428533	114.22600018143655
0.4879999542236323	134.30399935722343	109.10800019264221
7.863999996185305	162.71599993377933	99.5700001335144
3.9999998378753663	142.17400001779194	103.81800034999843
4.150000009536743	146.5220005226137	103.18000009655955
2.113999977111816	110.0500000357628	123.26999994277968
11.060000162124638	114.5660004001854	103.81599998474117
5.770000162124632	106.2320000076294	102.25999996185297
0.5639999675750742	120.21799971103661	105.64800011634838
1.1460000514984134	113.64000008493662	106.03800025939948
6.842000217437747	155.06799999475479	101.34199995040896
1.5900000572204567	117.36799996450539	117.29199994087224
4.419999990463256	169.10000002473575	128.79799973011015
0.008000144958497404	114.99800014555451	101.46000004291537
0.03199997901916654	118.92999952763323	112.59800000667562
-1.3900001335144063	140.7459995482862	102.45800005391243
2.1900001430511487	121.44400017619122	105.01200002670288
-0.46199995994567844	108.164000058174	99.69800004869688
5.9939998626709	110.90999999165533	103.40800028800967
77.68600005149837	132.58200021386148	109.71600023269656
-0.9239998626708983	109.31999969720837	102.34400003433224
3.2379999732971187	110.3620001530648	119.48200001716614
4.130000095367432	122.21400006353853	102.39600009918232
3.1380001068115257	127.42000023603438	106.06800010442733
1.6059999370574964	121.43600023984902	104.73800011157985
7.330000028610233	139.15599946886297	102.13399991214274
0.46599995613098055	121.31799977540965	103.83800001859665
1.0780001354217539	115.88799970746034	103.11800011634834
15.694000091552729	117.65599970683452	103.3080000698566
2.6320000934600856	159.25799975424997	109.22999975681307
-0.20200001716613664	115.14800065875053	110.28000006198879
6.254000015258786	118.30799992650748	106.9999997615815
-1.557999963760378	118.51000048279764	108.02200019359584
11.187999935150149	110.59800015449525	103.25800004482262
4.658000030517577	112.89799989700306	105.08999998390685
0.7420000648498524	122.18399986147874	101.71199997276061
0.7999999523162854	108.50800000667581	110.02199996292585
12.525999937057506	124.86599993854747	101.4279999399184
20.899999952316275	115.16799938052887	105.54800035476686
0.29399994850158545	111.01800031900397	134.40200011253347
4.365999879837031	116.63600016593928	102.08399979948997
0.6279999923706044	124.57000013113026	96.13399993121617
17.16000004768372	125.06000027805567	105.79000000953663
2.1439998912811284	112.50000022381549	108.07000010490415
3.3080000591278083	115.21400010347352	108.8159999971092
37.14000000000002	105.49199978113177	107.34199997425078
-1.6439999580383304	110.22200016975397	100.91399999618542
9.130000085830693	111.78399979054934	120.06000030040735
1.0080000019073494	134.7779999713599	101.97399984836584
3.317999954223632	142.607999589443	105.86400024414054
15.248000154495239	142.95200029641396	113.50600020647053
3.6059998798370376	107.29799990415566	104.66600007057187
21.532000007629403	111.47599965512755	102.10799985885618
1.5719999408721945	203.33999832004287	104.30999998092652
3.7500001049041742	123.8420000854135	133.2560004854202
1.5540000152587903	114.43600016266117	107.50200004100797
1.1839999389648415	128.138000268638	119.54000006914146
1.150000047683717	123.88599944591512	111.16800001144405
14.699999914169315	110.10200023770335	106.3799999332427
2.8900003051757825	111.24799991101023	102.59400004863728
13.878000059127809	120.84399992227547	108.52999999284745
-0.5739999675750752	113.4560000777245	105.09599984169009
7.77800009727478	114.2100002837181	105.39200011014944
1.7319999599456768	113.8940000639855	103.25199994564055
0.5559999942779538	91.28800000354653	109.12399993360047
8.0760000705719	108.39999994635595	104.36600020647049
6.054000005722048	119.56999997615792	102.34399995803827
9.069999980926514	109.88000032827249	103.56000009775155
10.405999965667714	119.55799986839286	102.39400013923643
13.005999937057489	117.62599998295302	103.30799999833101
3.0720000648498527	110.9680002570151	101.14800005912781
1.2400001049041744	120.13199983358383	110.62000008344657
3.4980000114440917	128.60999976873399	101.24000001907362
7.647999897003167	129.5980002175271	106.38999993085848
1.4839999866485603	115.50000000119218	103.63399991989125
2.224000139236453	104.44600003242479	102.54000017166149
1.7000000190734874	122.82199980258926	102.18200024038545
4.233999967575075	115.50399979710576	101.54599993467323
0.820000047683717	112.38599957957857	117.041999936104
2.7779998970031716	129.1100003802777	104.48400004863738
3.65000002861023	119.4819995474816	101.72999994754798
0.9779999160766609	117.14200029075154	105.79799979686739
0.7580001163482684	120.31200020939109	102.28200009465216
6.688000154495238	109.1420002555847	102.53399998039006
14.445999994277964	97.76000003457062	117.74400038003924
1.5320000743865967	101.27799988746635	101.83799995899204
6.364000158309934	114.90799966931351	109.07800003051766
7.990000009536746	113.24999992564304	105.96400014042857
3.099999952316284	141.9159996703269	112.85999973744167
3.4380000400543196	119.90200015187261	104.35399978637687
6.113999948501588	148.9780001859366	102.85799996852872
8.940000257492052	168.76199967458837	106.49800001621239
4.221999979019168	129.52799968242655	102.29399994850154
8.09200003623962	163.41399980425828	110.9740000534058
1.7639999675750715	213.40199883222562	140.36199956893944
0.06400004386901877	129.36799952149383	105.02600007653233
5.2059998703002925	118.15599966406815	103.74800001859654
3.7299999713897676	124.21200040668239	104.73599990844728
4.319999990463259	114.15999997779734	109.44400018811237
0.07399984359741124	104.61199987411484	111.48400028467182
37.53400007247925	118.4859998926521	109.26200026512137
2.907999954223631	124.90599979609244	103.4400002145768
3.1939998722076433	108.52600022435196	98.71599997520454
4.746000156402587	124.17999990224841	121.39600019410244
0.19999999999999898	109.88200011923911	132.58799976348874
2.434000158309936	107.87400008201587	102.21599987506862
-0.48799995422363107	123.71199982404708	103.70599999755613
32.688000030517564	112.18999975398182	105.90199985980988
5.480000019073486	118.80999972701062	101.74400001466273
4.593999967575074	122.4180004143715	108.08399993181234
9.149999866485595	126.75999984413382	106.27800020694737
1.6060000514984125	110.84600022092454	110.43599996805183
15.085999717712399	114.57800023913383	116.24000013351433
-2.299999895095826	147.65800028532746	135.7299998167158
23.988000040054317	117.97400015950198	115.0879997164012
1.309999933242798	102.92199976280331	105.50199985265728
0.013999929428101132	132.7119993203879	112.8119998550416
3.1919999790191644	118.11599993735553	103.11599991321569
4.329999933242799	111.37599991232155	138.18599975347524
1.8620000743865965	189.17399995088562	94.25399989604938
2.7319999790191636	121.25800005912764	118.54800027489658
1.2779999542236333	125.76799976527674	105.99999998688709
1.372000074386597	118.01800006270412	107.51000015735625
4.468000030517575	127.26199980199333	102.95600003719335
4.140000219345092	124.25599997758862	100.52600006341935
0.2660000228881847	116.63399979949003	103.35599984169012
-0.3440000915527343	115.56400011613962	102.03799998283368
0.6659999084472665	167.10599967062467	102.62800010487436
0.12999993324279877	123.00799962520598	103.82600004196165
1.934000139236451	219.46199885845192	117.8019999337196
1.6039999485015866	183.77400057807566	134.15800041198722
2.2399998474121086	121.05799989104271	106.74600003719335
3.219999837875367	102.65599990606296	99.89199992179861
3.870000200271607	110.28800025880334	106.23199999332428
1.163999843597414	120.34800021529202	110.06000010728847
1.3399999809265133	118.44000036001196	102.11800016880035
-21.472000312805193	111.99200034379965	106.75200027942657
-0.5539999008178697	116.75799967765805	103.73800011157991
-0.5340002918243405	124.23600007772451	126.7640000963212
4.444000062942507	105.33199987649914	103.0759999179839
46.49400011062623	145.02799988955243	112.12600002288823
3.706000108718871	120.34999967813484	103.61399984836585
-0.7460000038146966	110.71399998903267	113.57400026321407
4.728000049591067	120.8480002987385	105.03800023511064
23.145999794006336	122.71799952507013	118.3299997711183
0.0299998950958249	119.06600008726113	101.02200010776524
3.0260001277923583	131.09599971890447	109.86199982166282
-0.7299999999999995	124.30400042802087	125.32799985706815
2.001999959945678	116.01400001049048	102.51400003433228
0.10999995231628515	161.9599999603627	105.5759998130798
5.385999860763553	110.07799980282782	100.45999993801122
2.842000017166137	118.41600021004663	107.95800009250642
102.0139989376069	139.3739998412131	146.80599948406228
3.198000202178954	115.36800021886813	121.86200035572048
11.803999958038323	174.67599941253653	104.19000010013588
0.7820000171661364	115.12999998122453	101.1780000770092
11.0079999923706	112.12000019788736	110.41000011444086
1.9120001029968265	115.48400012493123	103.11400005161758
14.371999912261959	113.33200009107571	122.50600007057187
4.667999982833862	118.08200006008133	107.68600010633482
1.0259999656677223	124.29400023281565	110.67000000000014
-0.8680001068115232	110.70600003242478	102.80400012016297
21.007999906539922	126.73200022414333	108.00000012397773
2.191999969482422	127.86999950319534	103.86799993470325
0.7460000324249274	119.09400046318771	107.78600007295604
1.4679999732971187	108.36199998795986	105.6720000141859
0.8360000514984114	100.18199995994563	113.00400018215177
3.6559999465942385	97.1679998660088	99.80600012302399
3.4739998340606677	111.722000041008	102.14399996757521
69.78799943447116	125.81199973300093	103.88000000476842
0.7939999198913559	112.04399989217522	119.0340004348756
1.2360000610351551	123.94399959564194	107.4680000978708
0.37599999427795294	132.39199956893913	108.87599997043614
-0.09200011253356982	114.35999966636294	102.93600007057178
-1.4899998760223385	123.85799935698498	102.04399998515842
1.5180001068115219	119.83400016307816	117.07800008535389
2.2639999294280995	131.48199995398514	111.10200008869178
7.512000102996824	116.05799973368632	101.7659999704361
2.4140000820159884	106.38200016736985	104.4099998909236
1.8840001869201675	107.34399974539876	105.17999999046314
21.636000261306748	164.8000013978777	116.54800004005425
29.043999748229986	122.5759998393058	101.40199982166288
9.244000015258795	115.4519999840857	114.48200023412696
13.39800004005432	126.94599956035614	104.71600000381467
12.233999891281135	118.31399980381133	108.38599975109103
2.2760000514984147	107.07600006580336	106.24399991393076
1.8460001564025894	107.34200004413725	109.63400005817415
-16.11599968910217	130.3860001760723	103.36999982357027
6.511999902725215	108.55600010871883	111.94200016260157
2.1279999446868896	119.44599998772145	108.33999975681304
0.038000011444092395	110.54600000664598	103.92600010395059
-0.4919999599456776	148.99200014188864	100.70600013494487
-1.7299998474121094	95.72599992394449	105.26000016689301
1.4140000820159906	115.98600006461146	132.82800022125232
2.155999994277954	116.88799994885912	100.72800021886827
4.5039998531341565	109.5840000545977	110.43600011825572
6.3779999828338605	128.98999983072275	106.36600003242494
2.10199998855591	106.862000104934	103.85799994468682
6.929999790191653	109.67799988746634	121.55800003767017
9.727999963760379	131.979999986887	106.78400015831005
3.286000118255617	119.54399971365925	106.52799995422356
13.523999958038342	118.0880000734329	105.99799999952319
1.3419998645782456	137.21799969792374	108.7179998350144
-0.08599995613098205	132.646000842452	110.84600028038024
3.5040000247955345	137.09800050854673	103.19799987554538
1.7040001583099362	128.07800010442742	113.74199957370753
0.863999891281128	115.32999984741201	113.32200020521883
0.1960001945495594	104.9500001287459	110.03799997881055
15.062000093460094	127.68599933430552	117.00399995446196
1.330000019073489	114.17399966955192	110.89599995851515
8.429999914169318	123.36799972385163	105.27800005435951
0.35799990653991565	137.42400003284203	101.14399974822993
1.6639998626708976	111.84400008797651	110.95000019550322
2.4940000534057605	108.39400001764287	109.64599996566771
6.52600004196167	128.73400051176546	103.98799984216683
23.57600030899047	131.41599946022038	111.06800036087634
1.7400000667572018	135.8860009440782	103.47000000596037
5.923999881744383	161.9440007884799	102.81799975872048
7.50400009155274	117.02600032567966	104.90199985980985
4.828000001907347	110.74199974060065	111.15799994349486
2.6119998645782476	119.70399935245516	121.35599997282034
1.177999954223632	108.76800001382821	107.21799984276298
7.457999992370602	126.45799996286618	102.96999973297122
2.5099999427795416	173.94399928182347	103.32000009417521
12.808000001907345	115.41200030326844	110.99400017738353
2.5660000133514416	133.11399978876116	104.99199991896745
4.596000003814696	107.08999972760677	141.92199989318863
4.194000129699706	116.43399997890003	104.14999999523177
2.7660000038146966	113.04800014376627	110.51400008201597
11.058000078201294	129.19600006118398	106.4419998836517
1.7339999008178717	107.16199977278711	104.51400014877314
0.7900001239776616	118.55399956941596	99.50800015926349
5.637999935150147	129.25399990677835	106.71200004100795
1.3620000648498538	131.95800007462506	109.21799992203721
2.5760000228881816	94.48799990236768	106.64400003433217
5.107999982833863	104.00200008392338	114.72399981021894
-0.7460000896453872	117.46399953782563	109.91000007629401
2.0520001697540287	116.95799994885917	105.97999981880204
1.8000000667572038	146.5200000682473	111.70999997556207
11.379999809265135	111.3360000251234	100.74399994537244
-0.9640000629425033	114.08200013965366	102.95800002574927
6.234000082015987	118.21399993598463	106.74999999523155
0.6059999561309825	112.88800018995995	101.37999997615822
0.8240002632141125	112.99400002896786	105.2400000858307
2.0540000915527337	140.6139993584156	95.33600010633474
9.428000049591072	98.80200029134744	111.18400010108951
54.79200018882749	114.07199974656092	107.61200007975104
0.9999997997283948	141.68600010573874	109.47399986505515
-0.015999889373780548	119.673999903202	110.7180001479388
0.7760000038146959	123.02399985432604	109.97999995708464
2.071999931335448	115.78200026795281	122.32599997401235
189.78199866458777	118.18999996125709	105.11600006580358
27.10799983024598	120.41600007891661	106.54399992108345
0.9099999523162848	108.72000013351442	120.0699999630452
4.9880001068115245	119.88200013697154	104.66999969244002
12.11400004386902	147.11799993067976	100.6040000391006
-0.08000003814697523	216.12399969205276	104.11199976921078
1.7660000705718988	123.0260000889003	109.28799994379276
2.604000005722047	138.27000028610226	116.81399990081799
2.77399995803833	109.80400033473957	108.49200009346009
3.0260000228881823	132.95200018197298	104.4420000648499
5.839999933242795	110.2580002176762	121.4100002479553
20.345999879837034	119.53800016880027	107.6180000305176
-0.5899999141693134	107.67000007390962	108.2019999313354
1.4680000400543232	197.00799950718888	128.66200029611593
4.848000097274774	115.89199988484376	104.55000009536748
-0.04000008583068857	111.00199995398518	103.00600004553797
0.3439999771118165	115.52800007462501	104.86600031733516
0.6800000286102291	115.0779998123645	106.47399994447824
0.6339999008178707	126.34800049617876	138.62800019025806
1.7000001049041737	124.18400034546839	100.70200006961828
2.9979998874664324	116.3859999972582	106.96800008773802
21.32799990177153	108.72399997591972	106.98799980640405
-1.7239999961853028	114.07799999952316	105.63799998342986
13.536000041961668	152.93599993452438	106.26199988842016
1.3280000400543204	133.9919997119902	103.74000017166138
3.4779999160766613	113.10600011512634	105.00799996376037
5.360000123977657	121.16000011816632	111.88599990844733
17.858000049591062	119.51600017547601	100.461999964714
3.539999828338622	120.13400034189223	107.80599988460534
4.058000164031984	106.5260000114142	114.6859998345376
4.26199998855591	112.19000015735625	103.8659999990463
0.7500000762939465	126.46399994432927	107.28000015735638
1.9820000076293927	118.849999883324	106.46800026893614
36.7520002365112	132.23199998199928	126.19000000774857
1.7979999637603779	113.78599994420989	109.14000009059902
50.87999964714053	110.8580002522468	113.02200011730203
0.6259999084472669	136.8280002436043	102.79800001621246
6.690000076293948	104.75599997997278	104.01600001096725
1.6519999027252217	120.76800029799331	146.40399955660115
4.835999956130985	114.43599993348116	106.42800008773804
45.32199990272526	121.65199987858529	120.94400015354164
0.6019998931884768	104.47399989128104	118.09000031948086
7.6760000038147	115.82400017499924	107.92599997997286
10.85800022125244	121.5840002185106	108.12400018215175
2.602000017166138	120.99799958229052	106.52599996089918
6.178000040054322	126.86799948811532	104.39000005722038
3.897999877929689	110.39399997085329	106.82599993705755
0.6639998817443836	110.18200027704239	135.48199979394678
-0.6259998607635487	110.06200007915497	107.66999981880187
1.8620000076293963	111.80599978834385	102.61399999022483
2.9160000896453826	119.05600007534011	105.67999989509585
27.306000041961656	128.34600034043197	104.72800010874872
0.5620000171661388	116.206000200808	106.42000020980849
1.548000059127806	106.02799986958502	105.29200027942657
6.411999874114991	113.14800031542784	100.2320000505447
1.7540001392364502	132.8539998702706	107.74799994111056
-0.14399995803832866	115.1480002710224	103.31000004768383
-0.4620000267028809	110.65599995806816	100.87000015258798
1.9020000219345072	109.25999977946269	103.11000004291529
4.238000030517575	125.54399972081168	122.44200022697451
11.700000009536735	106.0120000509917	102.71800016880036
2.544000034332271	132.7919998651744	104.46199985504143
4.237999935150149	117.44800028681762	105.453999876976
0.8980000209808335	121.89800015926367	103.06999997615814
7.075999956130985	145.72599993661032	103.9580000734329
2.2280001544952395	107.54400002717966	106.15399995803827
3.9420000553131063	118.33599981069564	103.85400028228759
2.8220001411437976	112.18600030452005	105.00199998378747
1.616000080108643	129.4380000329018	102.26399995327004
0.06400012969970849	106.00399966835963	104.12799984931955
3.1459999561309804	110.06199980869874	113.27999964043505
9.212000017166137	119.3480000823735	109.40200021266948
1.0879999351501481	118.97000001192096	106.0720000219344
14.661999845504752	107.61800001531829	105.2560001105071
1.3480000877380363	108.95800025463105	101.61600021362301
8.596000146865848	135.6499996069075	107.75600009918212
5.484000139236445	114.07799960851669	103.74000008583064
0.1359998989105239	108.57600001335148	107.42000012636181
22.708000178337088	115.98400004625317	107.23000008106222
1.4040000534057604	101.265999982953	100.82200001716613
2.09600010871887	170.20600099861585	105.20400000572198
-22.780000295639045	212.397999920398	104.10999974727636
10.110000238418579	116.9020005810261	104.36599990844725
0.94800000190735	140.2300003516674	106.35200010776519
2.98800001144409	104.60600020930171	102.97799993038174
3.9480000400543225	113.15800003200764	112.14800015449521
45.07799957275391	129.0179999382793	106.93599984169003
3.371999959945678	112.52200004577615	104.02200011014928
0.4920000743865984	118.01199986457836	105.98000001430509
3.988000020980836	177.7420001165568	117.11600006103524
1.3180000019073472	153.7239999905228	117.49800027847299
3.4000000095367446	138.08200015068044	115.13800001859668
3.2639999675750726	116.80000020965925	110.3320001006126
-0.5179999923706049	105.20000000476826	104.54600016117087
-0.9520001316070554	117.28800022602087	100.42399994254107
4.723999996185304	139.75399948611852	107.8359999668599
0.734000120162964	129.9039995193481	100.49599994659431
-0.7900001049041742	100.69400013446803	119.52200010776515
4.805999832153314	132.85799975395187	100.38400003433235
34.00599987030029	114.27800025880326	158.81600033938884
-0.1839999294281015	130.88799961328507	106.1499999737739
2.047999897003174	115.6020002526044	115.12599997282022
7.861999988555904	108.81599948406217	115.36999993085853
-0.19600001335144096	120.62399963974941	105.0799999427797
2.1900001239776614	116.50799971431488	106.98400011062611
10.467999858856203	151.85800001382816	110.28599996566771
70.81199965476992	115.8400002978743	113.24400000870229
15.581999988555902	143.10000019073487	115.37199994385247
3.3179998779296844	130.7999999308587	100.4860000133516
37.37799967765807	106.05399989604949	105.25999980449677
0.7059999942779535	131.60799975752843	106.78799981594076
-0.22400018692016568	117.97000046968469	132.0860002660752
1.6839999771118168	112.53799958184362	109.92800026893616
10.390000028610224	174.397999842614	100.59800008177757
1.7439999485015862	120.18800001710655	110.39400016784667
16.761999979019166	136.3600001813471	116.2960000538826
0.31000013351440503	123.45600034058089	109.28399994850155
15.590000076293949	123.08600043207414	102.89399999529135
0.14000012397766004	121.67399971961966	108.24400005340586
0.6060002326965312	105.1339996707439	103.3220000386239
2.4240001010894794	105.99999992251398	102.57000017166142
1.4599999332427993	127.9219997978211	112.85600002974273
14.346000003814694	109.35800013422948	104.60600017189974
1.097999963760376	116.72599974870684	113.3920000982285
2.472000112533568	127.35200011253343	102.86799988269794
47.71200025558469	197.32199918925764	127.08000027298921
9.770000114440913	120.1059996080398	111.48599981784808
10.876000022888176	113.52199984863407	123.93799990057951
-0.7120000362396249	103.91600009083734	105.80599992468952
1.24000002861023	124.88400051876889	110.44200005531319
0.44199997901916604	123.67000030487775	119.62800024509438
6.907999906539921	120.81600031733525	109.90000019147989
1.0759999752044678	117.39199989154933	107.10000007629387
8.86399998664857	120.69400032669309	129.39200001716603
2.8039998912811335	113.68599983409048	108.95399988651293
2.3099999141693095	134.2559997963905	104.8160001301765
4.161999998092652	119.54800027847274	106.18599993467336
18.910000286102303	113.09199980020517	108.31199994087211
0.5799997329711905	112.47600001245728	100.66599995136262
1.4080000782012931	121.11400005534274	104.07999995946878
36.45599995613098	150.8640001749992	102.35600014686585
4.146000022888185	116.31799999415864	102.20000014021986
52.14199985504153	215.9199991202355	177.8700010108947
1.4159997558593767	119.20999966740597	100.7720001858474
1.5439999866485585	117.17799993515017	100.68000013828275
11.89799997329712	119.77400034040207	109.9099998760224
