0.5429999780654899	63.18199991852047	64.83200003862376
1.295999989509582	62.387999806404096	69.24400004386906
0.7209998846054078	146.9120001387596	74.94800004482276
0.2980000543594354	63.1440000510216	97.14799963518972
1.963000087738037	62.52199996471398	66.41200006127355
1.3550000524520867	79.83599990323188	80.23800014019007
0.5190000247955312	73.62800024703145	106.34600006759177
1.3699999475479134	66.47999993771307	109.55199964046484
1.2420000839233396	72.80599996283648	67.42999989986428
0.7689999771118172	59.15599996387957	71.7280001544952
-0.312000050544739	70.684000173211	68.73799982488156
0.7580000352859497	63.44399978160852	64.30600014448169
0.33299998760223365	59.58800003558401	74.84599991559979
-0.21199984550475967	65.0240003168583	78.70800002276896
0.2799999761581433	61.25399975061415	84.65000035405161
0.6340000057220467	61.521999980956245	69.22199998378748
1.155999956130982	61.214000002145724	70.28800015926355
1.9229999732971186	59.96599993228915	64.30599995970725
0.7820000171661381	65.185999956727	70.93399992942804
1.033000001907349	65.2239998860657	66.47799984455109
0.486000099182129	62.3339999997616	71.65000029325478
1.5530001211166395	67.51800029754638	75.70600000411274
-0.04699998855590715	60.65000004574653	67.12599984169005
0.850000104904174	71.8539999882877	70.89600006341936
17.81999987602232	59.93199997186666	71.58200005054475
1.521999945640562	64.53200005933643	69.40600001811983
0.7760000038146969	58.49999986886982	63.78399987220759
0.17599996566772486	62.62599996447561	70.26199994087217
0.12600008964538512	63.15399989128112	84.14399971485147
0.5060000085830685	66.39200007677078	63.29799996972089
0.8390000009536752	66.0140002536774	76.75400041580194
1.303000063896178	60.75599989295006	78.2579999142885
0.9780000734329231	62.6160000181198	74.31000010013582
0.8579999542236315	67.84400023281573	66.30200015068053
-0.4680000686645521	61.62400008797644	67.31200009867544
0.2610000085830679	65.66400016382339	62.43800007581716
0.34199995994567917	61.09199986457823	70.94599990606305
0.3810000276565548	71.98600000888099	66.9340000352263
0.7740000534057614	96.49800031781189	89.38800024390216
0.9600001001358038	60.34400003254415	82.21399997279048
0.8090000009536754	87.58599982023239	73.25000010490419
0.7289999771118162	62.64800020337104	81.01399980127805
0.6060000228881839	66.90199975490566	65.07399979621172
0.877999920845031	76.3040000134706	68.49400009870523
0.4179999685287474	84.71400014817709	77.06399978160854
0.5280000495910636	58.75999999001622	70.3919997930527
0.5079999685287464	57.483999969959264	67.00000008106228
0.7350000667572009	131.90999999970188	164.21999905318015
9.808999977111814	59.79200001716611	81.93800002574922
0.28800005435943477	83.11000022530554	75.60800008386367
0.7149998998641958	61.598000232577256	73.15600019454949
1.5980002021789563	64.89399988293647	65.40400013923643
1.755000023841857	70.13799994945526	71.76999992847445
2.8319999837875383	64.93000014394525	83.43999966740611
0.38700000762939585	63.908000127077074	67.94200017929074
-0.03000005245208697	60.38399980545045	68.74800000071528
0.3180000400543202	61.36400002583864	72.32000011920931
1.1590000200271608	63.637999683618595	78.37599997282032
0.41300001621246446	63.76399999499319	69.5919999031723
0.4299998950958261	58.9999997963011	92.83199960470199
-0.34099993705749454	67.7519999885559	66.69600017309187
0.5250000715255752	66.61599996060137	66.41999984025959
0.9210000228881836	61.05000007808213	80.54200000762943
0.4600001764297491	76.29400025665751	73.5320001888275
-0.1649999856948854	61.66200001910327	71.43600015282622
-0.06000010490417464	55.22800001144409	69.58400000333785
1.158999905586244	63.62600009649993	70.66999987125395
0.8109999704360954	64.69599968314175	64.7700000429153
0.9339999389648429	59.248000130653296	66.68399994373321
1.65800003528595	64.50799992755053	72.96800001144393
0.6360000610351568	59.59800007343294	68.67199994087223
1.1500001144409184	81.95200004816058	70.07000001430512
3.165000109672549	61.423999868631405	67.94399987220758
2.1159998512268072	65.77800008296967	109.90800022721288
1.3419999647140501	67.55600003242493	67.32799989700317
0.6900000524520883	70.6740001672506	100.43000010654336
0.37499995231628386	64.13999994039538	68.84599990367889
0.7120000076293956	59.26400016307829	93.85799986004828
0.20499987125396746	61.866000007390966	79.75199979722498
0.3509999799728407	61.546000018715795	62.09600022614002
2.11500006198883	66.1740001016855	69.21600008249283
0.11400003433227429	69.82400021672248	81.43599949598313
1.128999991416932	58.92200003266331	70.92999994277953
2.102000060081482	90.58399932801733	72.44800010919569
1.739000043869018	61.468000095486644	69.7819999408722
2.1159999513626104	73.77600004196171	91.86600000619899
1.320000066757203	62.71199991792439	71.74400016903884
1.0949999713897696	65.44400019362571	83.33800006866458
-0.17999997615814334	78.84600027441981	87.22600000143053
0.4770000267028812	62.03999984979629	74.2039998626708
1.1319999742507925	63.63799977302552	65.20600009948012
1.1649999427795386	81.12599950790403	69.98199999332431
1.6900000286102306	62.91199999809262	71.97199990272524
9.330000038146977	60.63800009846689	73.08200001955035
1.2920000505447387	66.95199991464611	69.17200000762938
0.8390000295639028	67.46199987530711	68.22999984025952
-0.7229999971389776	58.76200003385542	65.74999996423719
0.16900001049041807	60.40599994063376	85.26199969768527
1.0370000123977667	66.11400015115734	63.02999994277955
-1.013000011444093	54.173999924659746	66.09200003147126
0.6039999723434454	62.82199980422853	81.79200040102009
0.22999997615814205	61.25199978590006	71.92800001621256
24.09000011444092	60.0260000514983	71.35400023460396
0.5850000047683727	58.22999988555911	68.81800012707704
7.797999963760374	65.18800002485517	73.8239999103545
1.6689999723434432	63.79400007247925	74.48600005552179
-0.46599998474120996	58.04799993515015	72.41599979877466
1.0260000038146975	68.03199998378747	71.41399973392481
0.05699996471405124	59.689999954700475	69.52600002765652
0.45100007057189834	64.35999996066087	50.74399995639921
-0.08100000858306916	66.5320000791549	51.36400005578998
0.15000007152557335	66.71200007915496	50.76600004673005
1.3799998998641962	61.810000143051106	50.92399998664857
-0.6610000514984148	61.39199991106984	50.11800005912775
1.1570000314712512	63.15600018218159	51.232000107169135
0.020999903678894604	63.934000059962266	51.53600011110307
-0.047999992370604525	61.35000021427873	52.601999999284715
0.44599994659423925	59.40799978494641	51.40999989762895
1.113999891281127	64.83400000274183	50.65400002866986
1.6239999532699572	67.32399995982642	53.120000014305134
1.6250000762939454	61.785999957323085	51.7299999523163
1.2320000171661372	60.530000115632966	51.87000008344654
-0.5550001621246344	57.75399971067905	51.30800005674362
0.6829999685287473	75.5460000753403	50.726000005155825
0.24600018024444587	122.18599972084175	52.40000003501775
1.9170000028610223	71.62800001204008	51.8339999477565
1.4369999217987044	87.71200007617469	51.7840000009537
0.26799992084503077	84.29600001215937	50.35400005817412
1.0120000457763665	63.90200022742151	51.323999981433175
1.3000001192092905	65.53600014924999	52.294000024199455
0.4040000200271595	67.03200001955022	51.80800009906288
7.443000054359437	65.56200003147123	52.54400001138448
0.16500009536743057	63.826000075936285	50.836000009179095
0.8160000419616682	65.34199999570839	51.702000113129586
-0.3129998922348019	59.93199995994571	49.515999943763
1.391000022888184	60.37999986946583	52.05800005555149
1.0510000276565548	78.70799994230255	50.27799994945526
1.2429999828338636	81.16600019931784	51.13200012087822
0.8629999542236334	58.947999957203784	50.63800002932552
1.4999999713897711	78.48400023072965	52.29199990496041
0.9879999399185188	97.67399980694044	51.788000001311296
1.3469999742507939	111.90400066182022	51.460000021457645
1.5280000543594363	67.632000067234	50.25000002533199
1.111000084877014	64.29000010013576	51.4080000734329
1.6720000123977654	68.84399987697593	52.07200001969931
0.7580000114440928	60.19800002127886	51.15799991667271
0.8150000524520874	58.93800009727475	51.597999964803456
0.9250000190734852	68.63599995017044	52.452000102996806
0.9770000457763668	59.23200013518336	50.00799994900823
0.595000009536742	70.91800006270402	50.99800012260674
-0.8429999685287479	65.80199978828425	51.04000003620985
8.268000164031985	70.61200011491769	51.465999956130965
4.262000093460079	62.88000013947494	51.262000114321715
0.6770000338554368	48.53999988794326	41.464000030159916
1.2270000267028804	73.33999995708461	52.030000054836236
-0.417999982833863	57.834000050574474	50.53800010681152
0.4630000019073482	84.6739999890327	51.39000009626153
1.1369999933242791	59.55400000035761	50.64000010490415
0.32899992465972877	63.15800004482273	51.31000000655659
0.23800000667572	59.88800019741056	51.286000093221645
1.853000049591064	76.42600004628302	52.044000069647964
0.33399998188018826	65.2359998697042	51.62599999979139
22.57300001859666	70.44599982261656	51.9459999899566
1.932999978065491	72.16600023090834	52.68600009098651
1.8590001392364512	58.46199998140336	52.0640000298619
0.29100006103515597	62.34400006771088	50.181999911069916
0.3270000696182237	65.17800010502341	51.13000003591183
0.4620000219345089	89.13399996936323	50.92800003290176
0.7180000257492066	71.68799975901838	51.112000015229
0.42699998855590826	63.13400016069412	51.03199999704954
1.2450000905990606	65.78000007152559	52.937999978065506
0.3560000324249256	65.98200005531311	51.99000012159348
0.7720000886917121	67.33599995732308	50.639999949932104
0.6080000925064097	66.92399986982348	52.29599998772146
0.7549999904632572	92.76600049734114	49.79400001674891
0.45199997425079247	63.295999948978384	51.3560000769794
1.5970000267028823	70.36599998712533	52.50999998450282
1.4410001039504998	61.59200005322697	52.24800005331637
0.47999994754791137	66.94599995672706	51.64199996232982
1.3910000610351556	81.7219994580745	69.29599986970426
0.41600006103515763	60.43000018119816	63.36800023078914
-0.11500011920928961	52.0540001153946	49.19800006389614
0.39400001049041705	66.54600003480913	59.35999999523163
0.30000010967254664	61.054000098705274	55.807999992370576
0.8229999637603768	84.01399994522338	58.97399997234341
0.9410000658035274	89.63599971577528	74.20200034618378
1.1770000314712517	78.86000011205667	64.0540000581741
0.3959999418258664	65.36000020772211	59.80799995422368
0.5140000343322765	66.60800024032586	60.09599999427797
0.3710000181198129	59.14999999046323	61.64999997138979
0.9760000896453866	66.50599982857703	58.315999991893754
0.5169999456405646	64.66399989843366	58.927999954223644
-0.6209998941421511	66.6259999275207	57.64199997186667
0.385999989509583	64.89200011968617	60.622000150680535
1.9399999856948866	61.496000144928665	60.646000032424915
0.09799993991851726	59.533999986648546	57.908000006675735
0.520000019073486	67.45400001406664	59.010000061988805
0.33999990940093866	63.64000021934508	57.79999997854234
1.2500000572204604	65.815999764204	57.708000040650326
1.0299999427795408	66.57000027596956	72.54599997237328
1.1899998998641967	81.69399987459188	68.02200003623965
1.6049998855590815	100.55000019669534	60.08599984645847
0.09999994754791279	62.75800022795795	57.61400001168252
-0.02700007915496786	77.12200018584733	59.24399986803532
0.6720000076293957	65.5600001680851	57.11600017830732
0.03799994945526006	59.90600001215936	56.915999927520765
2.0770000743865964	67.86800014734264	72.30400019645694
0.16699991703033348	56.43600010842083	57.316000025272395
0.6049999332427974	65.80200018212194	55.18199997901916
0.4529999351501475	111.18599989652624	61.04399990513925
1.3359998798370345	98.45600020930165	62.00999992370605
0.5200000047683712	57.84999988749624	55.92599991798396
1.1259999275207504	63.49000016689294	50.76400017023083
1.023000025749205	76.17400070339441	53.01199993580583
0.8660000324249256	64.85400014400483	51.11200008034706
0.30899995803833036	65.74999990925201	51.278000114560186
0.7509999847412098	68.12400003209714	53.010000069439435
-0.2849999999999995	68.53999977201218	50.550000070631526
1.7659999752044682	63.07599994421001	52.35600017666809
0.5590000391006472	62.32999995827673	51.367999966740676
0.5049999904632555	64.44799998834726	52.12999997749926
1.7220000553131087	71.81200020551677	52.05000007227064
0.18599992275238064	77.4279999232292	52.02800008118154
0.21200002670288134	61.53000004410748	51.40599992021919
1.0139999485015867	95.33599962621928	51.56000008821485
0.7770001220703129	62.36200003623959	51.69999997377396
-0.27199995994567766	62.26399978637695	50.708000055849524
0.9339999532699583	65.9299999642372	52.414000108838025
0.8939999008178713	65.27599991321561	51.278000044077686
1.2159999799728396	62.35800002098084	51.72800007164477
0.6760000228881833	63.04000019133086	52.333999965339906
-0.2220000171661376	70.20200043082238	51.15800001770252
0.6150000286102285	64.4099999344349	51.645999914407746
1.3979999685287474	66.60000009506936	51.736000022888156
0.7049999904632568	73.40800018191332	51.87600003004081
-0.23900005340576294	64.39600003957744	51.66400002002723
1.6580000305175784	76.07400031089779	52.17200000852344
0.7680000686645503	75.00599987864491	51.6600001144409
0.31700011730194116	63.310000249147414	50.8599999181926
1.235000123977662	75.74599960371859	52.170000038445
0.8470000219345091	61.30000009536748	51.33199999094011
1.0960000085830681	56.67399992585179	50.84000002145768
1.322999958992004	64.9559997472167	51.41000014543535
0.42400001049041836	70.59400033652786	51.36200006604189
1.2030000925064095	65.13800010412932	51.742000019550346
1.519000029563903	65.61399985432622	52.880000104457146
0.5759999990463258	66.70800011396412	51.8420000565052
1.7439999914169313	90.14599996089952	52.73800014495848
0.42899995803833046	61.88000007629395	51.82200004205109
0.41100010395049985	68.92799998223785	51.13999993056053
0.6129999589920055	62.24599994659417	51.37599999994042
0.9989999771118174	66.42399986356494	52.08200000047684
0.8290000009536748	63.779999890327446	51.36200000882148
0.36099993705749545	69.43999978423116	51.9699999725819
7.666000018119816	66.05200007438665	52.711999926269
0.5019999647140496	66.27599993109705	50.65199979990722
-0.4219999694824217	62.96200009703627	52.34199999511243
1.8589999771118153	79.21799995064731	53.00799999475475
-0.07799998760223364	61.556000039577526	51.85200010299678
2.892000079154968	80.96399994045494	57.082000064849844
8.215999879837034	60.77399989604954	51.86999997615815
0.725000038146973	66.94799981743095	51.03799989551307
0.18000006675720093	56.533999986648546	50.78199998140334
-0.2300000667572012	73.29000038623809	51.289999948441995
1.3440000820159903	79.17800006791954	52.492000016421116
1.225999970436096	86.6839998626709	52.23000001132489
0.18700001716613796	63.71000007033352	51.19399993538861
-0.12100002288818255	58.7359998655319	51.240000011473924
-1.5579999589920066	66.84400016024713	51.772000064849884
0.607999892234803	59.567999902218595	48.123999832868584
0.38900007247924884	62.77600009441378	52.09399996280668
0.19700006008148116	58.89800019860269	51.77600003167985
1.301000056266784	69.43799986481669	51.90199991524216
5.43399999141693	58.758000233173384	50.71599994510413
0.3180000448226931	71.55399994850154	52.02400017932059
-0.25000001907348574	62.2079999661446	51.64999996900556
1.0330000305175795	69.33000016212463	53.22800008147947
1.3490001106262224	63.5999999153614	53.32999989688393
1.5349999046325677	64.4240001964569	52.06400009453296
0.9560000514984134	74.07199989438061	52.810000134706506
1.555999975204468	63.15000006198883	52.327999987602226
0.47099999427795397	62.42400017738339	51.23599999129773
31.21499990135432	70.29600006699559	52.98200008034707
1.1460000562667858	65.21599998474125	51.990000009387764
13.655000290870667	58.22600004434591	52.86000000953675
1.136999921798707	60.50200004816057	50.96999996185303
1.615999965667726	126.8840003710986	53.41000005543226
0.17299991130828737	69.39799993753427	53.042000086307524
1.1229999446868888	60.114000041484836	51.694000074565395
0.2819999980926522	63.88200011849397	52.66200006425381
0.9200000381469733	62.559999828338604	52.09599996387961
1.6339999485015853	61.621999993324316	53.41199999183413
0.49999996185302653	68.69200002431867	52.29199991479517
-0.2399999666213985	69.59199994161719	51.55200011491775
0.4380000400543208	71.0019999074936	51.0320000210404
1.5790000772476198	62.48999982714652	52.33599985927346
1.4869999647140508	64.5300001335144	52.59000002726908
0.7069999217987067	62.60600000500676	53.607999913692446
0.9599998998641966	77.39200032517307	51.60399997428057
0.155000009536742	63.260000131130184	53.10400000125166
1.5980001068115233	60.06000005722044	55.08800004541876
0.39999991893768433	66.77400014638901	52.96600010871892
2.1000000095367444	65.76999994277953	53.79000000953675
0.8709999895095812	81.92800017356878	53.620000081062344
0.9219999933242802	63.107999811172455	52.692000006735356
1.606000084877013	85.83200000166899	64.34400004506114
0.16700004100799437	63.94400006964806	54.873999943137164
9.76500000953675	59.77799985587593	55.60999998807907
0.8310000753402709	74.89600016146902	54.73200003296133
1.6530000448226916	69.20600010395052	57.4480001735687
1.4119999313354499	73.33200034022333	51.95199991866947
1.1420000219345086	66.57200004130596	53.15800014495844
0.4099999952316278	65.11000001206989	52.66800001442434
-0.0810000038146985	61.56199994087216	51.45599996328351
1.0330000209808348	73.44000004410742	52.76799984663727
-0.0029999446868900874	63.780000258088144	51.669999992847465
-0.3789999628067033	70.8700000250339	52.0700001573562
1.7459999990463253	62.66600007534025	51.16400004267692
0.5220000123977656	73.03599997282028	52.02800002694123
0.6820001029968252	66.49400014519686	52.04600006222721
-0.3330000019073492	73.7619999177753	51.583999934196456
1.0770000362396244	65.20800011634827	52.93399994283915
0.042999997138976453	63.96799983039505	52.492000051140785
12.955000176429749	75.87600009679791	51.654000042080916
0.24599994182586668	62.28800034523005	52.209999973773996
2.3210000276565554	60.47000014856458	51.16000008523465
0.4040000581741341	62.36600010871885	52.380000024735914
10.257999911308286	64.47200022220609	51.432000130713035
0.3150000715255748	56.55799987196921	51.61200000047681
8.839000005722045	63.017999944686835	51.99600003242493
0.9960001087188716	80.89999996662144	52.072000024318676
0.19599997997283863	71.96199970781801	51.50199998378751
0.8809999847412107	63.54399993047115	51.35199996188284
1.2040000009536735	71.7600002765655	52.048000033497836
0.24200000286102138	60.97800008893011	50.49800002098084
0.30499985218048026	64.30199974298479	50.5100000247359
1.1619999313354488	59.09799990296355	51.678000030070564
0.16000011444091924	60.28199982643134	50.139999977648266
8.476999926567078	59.17399994134905	51.16799996376035
0.25999999046325717	63.16399995133275	51.692000136971494
4.685000004768371	61.7380000662804	52.18599999979141
9.012999958991989	64.84800009533771	51.32800002798438
1.222999949455262	62.292000205516786	52.686000095307826
0.6179999637603767	61.0280000805855	51.23800006151195
1.2709999656677262	66.09400028675792	52.977999912500394
0.5700001049041749	62.902000002861	52.92200007557867
-0.3899998903274525	76.53400037765505	51.45400001049041
6.996999940872192	62.06799989223478	51.620000076293906
0.6840000963211047	63.78800010442737	51.862000028193
1.0480000638961786	64.52200001597404	52.67999997094274
3.5799999570846563	65.77999993562702	53.55000002562999
0.5989999532699585	62.91199991166589	52.526000023484194
0.41100006580352827	61.71799997612832	50.81400002717971
0.8220000505447379	75.80999992966653	51.89199999600649
1.3370000982284542	67.7520000374317	53.59399996519088
0.08900005817413283	63.51999995708466	51.70600007906558
2.161999921798708	58.58199976503849	52.53599996089938
-0.5699999904632576	76.33999959528441	50.83799992084503
0.9589999961853032	63.54600000500674	53.134000007361166
1.2440000009536742	59.30400015830995	53.124000004082895
2.231000046730042	65.22400010824201	53.86800005629657
0.024999985694884406	63.51400004297496	51.954000063389486
0.6340000534057618	72.84200018882753	52.42199990272522
0.4699999046325694	73.38000019788738	53.661999963521986
0.574999914169311	67.85599988937376	53.00800011664626
0.8900000810623161	72.91999975681298	51.872000108212184
0.48499996662139766	70.4740001034736	51.648000000417184
0.27700000286102305	68.69199997901912	52.26999996572733
-0.21400001525878945	60.92600004553799	51.10600005745886
0.09500011444091917	100.4500004655122	51.612000036239614
1.4509999036788945	63.616000103950505	52.23200005292899
0.7519999647140492	82.53800007343284	52.223999954462094
1.26200005054474	63.244000023603405	50.345999997854264
1.1679999780654895	67.12400023460383	52.551999952346094
1.2879999446868902	82.97400024920705	52.22400003939868
0.7740000009536754	68.12999997615808	53.34799991190434
29.023999778032316	61.803999970257266	51.494000043272955
0.2820000219345093	61.588000007271766	51.03400003552435
0.967999916076659	71.74800004899497	53.59999999105927
2.098000011444093	69.7659999793768	52.253999962806716
0.28000002384185674	63.501999688148544	51.343999977707824
0.7160000848770139	69.40999991536135	52.37999995231627
1.5799999046325681	62.82000018239022	52.45000003099441
-0.11299999713897652	67.90000009059901	51.8340000295639
0.25400002002716116	65.95799990087745	51.48200004935261
0.034000110626219736	73.7979999256134	51.598000056445564
0.3610000419616688	75.14000009536747	51.85200002908709
0.6260000610351562	73.82800028681747	51.102000085115456
0.778000006675719	76.59799984455107	51.85000009775165
0.6489999914169323	62.34200001195074	52.1000000457466
0.8080000019073498	82.76799988985066	51.44200002670286
18.279000086784368	107.83199981808666	50.76800004124645
0.707999982833862	59.49199999451639	50.92000008657572
1.3599999570846555	61.927999614477145	52.976000102758434
0.867000021934509	65.13600003242492	52.56000001430509
1.3269999074935914	68.70800010919574	52.97200000405311
0.6869999551773076	62.864000000953645	52.186000075340225
0.18600000381469656	68.95200012683864	52.71400008350614
1.6260000228881843	64.54799993038172	51.14800016641617
-0.25700007438659733	69.63200024276972	53.02399995326997
0.6439999580383295	68.16399973690504	51.55799998164181
0.6930000543594363	64.5819999659061	52.70399997368456
1.5230000162124628	66.97799986124038	51.667999929189634
0.1420000267028802	67.69599996328355	51.92199999809266
1.6680000829696664	100.81799957036978	53.23999991089105
0.767000007629394	62.62600009441375	51.88800000131127
-0.035999903678894316	61.38400018095976	52.70800005197528
0.8900000524520885	96.75999990075822	51.76200008630755
0.18499995708465566	61.65599993631241	51.94000002056356
1.4239999961853007	70.87800017759199	54.194000011086494
1.1619999551773057	74.76400016859179	51.73399996757506
9.356000003814707	59.83999992609031	52.314000059366194
0.10899996757507358	66.35999989032737	51.43599997311835
0.5769999504089344	70.61000029802325	52.03600004076954
1.9379999017715455	71.92800004512065	53.64800006985665
0.054999942779540345	62.68600012332197	52.89000015616422
1.5570001220703131	83.30000013768671	53.190000051557995
1.967000017166139	66.49399973958728	53.522000031471244
1.0090000820159903	69.2239999273419	51.52399990081792
0.11699997901916381	69.41800012797114	51.09200005054476
1.084999980926513	79.50000009298326	51.67199997425084
0.384000029563903	70.57199983566993	51.22400008440014
0.8639999866485603	66.44000001072882	53.42600002050396
0.6950000381469736	65.79800020366905	51.03400004953145
1.3270000123977674	71.13399990841742	51.99600008487706
0.8840000391006472	62.770000138282775	51.981999962329915
1.0329999780654913	76.28999992445105	52.590000026226086
0.7809999799728395	65.05799998283388	52.41199998691679
1.2760000896453851	62.42599980145693	52.61399992659684
-0.6500001239776618	57.6619999985397	48.12600012898442
0.6900001525878908	61.27000026226039	51.79999996989961
-0.13099996566772584	62.307999861985415	51.0820000381768
1.2729999923706037	70.50200021028515	52.724000002294744
1.0480000734329238	79.80399974107749	51.3139999930561
-0.15000002861022937	65.81199984401468	51.23599989339709
0.14799999713897838	64.02399997591968	51.52800000652672
15.156000013351443	60.19200001940128	51.81400006562469
-0.8619999408721917	59.90000006437299	50.127999999523155
1.994000020027162	58.987999944686905	54.043999860286675
-0.6359999847412107	57.699999946653875	52.055999983549086
0.7699999380111701	74.92600013568993	51.61399990081785
0.6310000467300427	66.79799995899192	51.04799996256829
0.5609999847412109	60.44599995255472	51.37399996221064
0.5189999675750726	61.17599993705747	51.140000015497186
0.028000011444090523	62.107999792098994	51.84400006830688
-0.10799994945526047	81.22799991488453	52.392000103890936
0.7890000724792469	67.94799983263017	51.19200006574394
1.5709999608993535	70.7340000887214	53.49600005984301
0.17600006103515542	78.04199975728991	50.2659998357296
0.984000053405762	64.90999996423716	52.818000049889115
1.6830000305175796	138.42199924975628	50.89999999821186
-0.5449999904632568	57.57600006863471	51.23000002622606
0.41999990940093956	60.430000168979156	51.51599986255172
-0.29999986648559523	64.31200007677079	51.05799991086127
1.5450000095367433	70.20600005626672	52.65200011283157
0.3959999179840097	69.9379999762773	55.307999880611874
3.155000004768373	74.06199974060053	52.234000038504604
0.7290000152587881	65.68600022912021	52.1719999742508
0.285000138282777	70.2599998426437	51.361999990940106
0.990000000000001	71.68200023174283	51.686000083088906
1.6910001850128185	63.81000002741815	52.34000006884335
0.8650000333786019	86.46600023984904	51.48399995326996
1.4540000152587902	93.7500001895428	51.47200003206728
20.04400044679643	64.67799993038176	52.94799999713895
0.48100005149841446	75.96199985980981	52.69200002431869
0.2859999799728405	109.06200000524538	51.6980000969767
1.754000039100646	67.05999996185302	52.26199998915197
1.2739999675750737	75.88400008857252	51.97200011193749
0.8760001277923575	60.020000123977596	51.18599993899468
0.16299996376037634	70.13600014209742	51.54400006458169
2.0139999628067016	86.2560003471374	52.70400007262823
0.02399997234344471	67.39599991798406	51.21800001859667
0.977000017166138	63.50999999046329	51.61799996972086
-0.7350000143051143	70.22599983692169	51.49000003367664
1.0739999914169311	61.97400001406667	52.528000018596686
9.278999900817869	63.348000121116655	51.32199998497965
0.9810000610351565	63.700000016689266	51.330000055432336
2.4030000829696667	62.5420000132918	52.848000013828276
4.133000049591059	66.5280001783371	52.44200006544595
1.3649999856948847	64.12599993228916	51.96200004816055
1.4880000495910646	68.65999978542325	53.12000005841252
0.618999996185302	71.56399966955189	51.42999997138981
0.7940000104904166	64.84600008934736	51.521999936103825
-0.2960000133514391	61.85999998286362	50.87199994206429
1.9760000753402713	64.12200012922285	53.15799998760224
1.4480000162124627	89.91200003385536	53.084000006914124
0.18699996471405028	63.987999720573406	52.1900000810623
-0.16000002384185835	59.193999904394175	50.29599996015426
2.076000051498415	65.14399986267087	53.2399999940395
1.7499999952316285	64.03199985414741	52.97799992933871
0.5109999561309813	75.91400046646588	56.38199999809265
-0.5600000190734856	59.06200008869169	52.97799999117854
0.9519999790191658	63.74800008580089	52.73200003325936
0.9539999914169316	61.3839997473359	54.127999941110595
1.4589999818801878	66.36600003123286	55.61600005477667
-0.6290000104904173	61.743999980390065	52.11800004720686
0.3570000267028816	59.713999929428134	51.72000010728839
-0.18400001049041662	66.5579999232291	53.313999981880194
0.22000005245208862	62.889999732971134	53.13600002765653
0.816999983787537	61.077999923229235	54.90000002324579
6.999999895095824	73.80400001764293	53.409999970197624
-0.8909999847412116	62.89599971830848	53.41399993717669
-0.7239999628067028	62.03599987268452	53.79599998593328
0.5930000019073493	60.54400003761048	56.535999922752346
1.5069999408721924	59.980000045299526	52.57800012856721
0.6499999570846567	62.039999881386734	54.01000001311302
1.1110000371932995	62.41000001907341	52.52000004708761
0.7569999599456788	62.249999994039506	52.07000000715251
0.9489999771118162	75.38999996066092	54.830000060796706
-0.7520000505447391	63.02599999487397	52.3319999778271
0.6720000314712535	59.34400011777877	52.912000083923346
0.25600007534027047	62.962000056505175	53.78799985647203
1.260000042915343	80.73600009202958	56.17600004076952
0.7500000238418567	63.42200002551082	52.736000006198914
-0.1580000448226922	67.81199963092806	52.81000003993512
1.0489999818801867	71.71599975153802	65.60000027298928
0.5980000114440925	59.41999983072277	53.56800004959108
0.410999999046326	64.6179999789595	52.915999945998166
1.4100001001358042	71.82999995574352	52.847999985218074
0.5509999608993519	61.96799998074765	50.94199999853971
0.2810000944137566	65.66799992442128	51.77799996495245
6.5780000305175745	68.5439997434616	51.534000039547706
0.37100000858306753	72.43999976515767	52.675999996215104
2.1260000562667836	95.97400010943409	54.11599987983704
0.11300001621246417	62.144000225067096	51.125999983996124
12.166999926567076	83.82800036907186	51.025999965667744
-0.006000070571898549	64.28999997138972	51.66000003933903
0.19600001811981235	67.28199975907805	52.09400006085636
0.20199994564056487	71.0479998016357	51.185999863147714
1.0840000391006466	63.42799994707102	51.66199998214841
14.834999947547908	61.18999995231625	51.89999998420473
0.46300000667571994	63.097999876737596	51.470000052452086
-0.04700006961822569	64.64399993777273	50.64999998092651
0.9839999675750722	75.79600038528434	52.48199996948244
1.5449999904632579	59.62199989616865	52.19200008153916
0.7739999961853021	59.61200003862382	50.145999881923174
0.6099999999999993	69.99600026220078	52.25399996578692
1.0149999761581412	67.08599971175197	51.20400004908442
11.668999905586249	69.20399999022486	52.734000114053494
0.14600000381469835	59.14399986654517	51.19999998331067
0.012999949455260527	66.19999996900557	51.02200004875664
0.14099985599517909	62.408000297546415	51.8619999980927
1.366000065803527	63.09200006127355	52.94399991065264
-0.1260000467300427	57.61800003051763	51.095999960899384
1.0230000257492062	67.92400005102155	52.28799992084503
0.5720000791549679	63.9779997730255	51.86799998402597
0.44499999046325556	59.04400015830992	50.509999935626986
1.2009999608993531	64.82999988675114	51.43799998044968
0.7869999837875372	66.00599991902706	51.993999975174674
-0.2619999933242791	68.70599997878071	51.99200012162327
-0.015999979972838696	62.97599995136258	51.244000037908556
-0.2010000324249271	71.64400040268897	52.651999996900564
-0.1030000734329215	69.44800000309941	49.62799991130825
0.9300000429153443	85.38600013494488	52.34600004017355
0.5499999141693103	63.44399997353554	51.86800002694131
1.2199999427795423	75.03799979686738	52.77000008821485
10.680999956130977	62.62200016200541	52.01799994081259
-0.9309998703002936	65.64799991190431	50.88600008010863
0.7429999923706051	65.1380002379417	52.24400007247923
0.8649999094009388	64.5879998791218	52.37000004678965
1.429000058174133	60.14600010275835	52.20200006008146
0.8999999761581429	62.812000043392175	52.61800013706088
0.5870001411437986	64.37799999952313	51.92000000074507
0.6759999895095826	64.07800009131422	51.37400002002717
1.420999984741211	72.43200005888932	52.31999995157122
1.6549999761581422	69.95000003814688	52.77999993667009
0.7840000152587883	182.54399915173641	53.85800002008675
0.37599995613098103	64.00599990725522	52.884000007510224
1.9830001068115255	78.92399989724159	53.3479999500513
1.0569999408721915	63.44400013059377	52.3519999690354
2.0160000181198092	66.62800007343282	51.49400002822274
1.1379999876022342	65.41200004696846	52.5500000429153
0.3179999446868907	57.73600004911422	51.84600007146592
0.7069999265670788	65.23200015544889	51.659999912381124
-0.6410000610351564	70.03799995422365	51.018000068366504
1.221999998092651	63.989999976158146	52.961999939382075
-0.11600008487701496	69.8840001201629	50.55800006359814
0.2899999523162848	85.86600000157948	51.606000051498405
1.5249999523162823	71.47999988630409	50.462000099718594
0.32299993038177527	61.6059999442101	48.85000009536737
0.3680001115798939	67.54000011384483	50.676000041514634
-0.07800005435943577	60.928000005781676	51.10400000452994
1.010999970436097	59.294000049531505	52.703999950438735
0.06700004100799657	61.34799999207259	51.51000008106228
1.0629999446868912	64.05199963569635	51.53400000333781
0.41900003433227534	79.50400003433212	51.904000003337856
1.8090000343322754	68.27000017166135	51.79399996161461
1.4279999637603773	114.6859998810292	51.572000082731286
-0.552000036239623	61.63400007009507	50.97400002434853
-0.17700002193450923	60.121999950408856	51.7740000109375
0.6140001440048205	70.49399996280671	52.17800004303452
1.5449999856948848	70.246000019312	53.36800009131429
0.4089999246597282	83.58799983024588	51.31600004196167
0.02899994373321587	61.25400004863736	51.737999935001106
1.337000036239623	71.42199973583222	52.450000042021294
1.8030000591278095	66.70800011157986	53.243999955654104
10.842000126838677	79.20400017738342	53.22600002825262
1.528000130653381	66.57399988800286	51.69600011885173
1.2140000724792486	100.70400005280968	52.92199990898371
0.1520000648498545	71.91599983930584	51.32800001829862
1.2260000610351558	62.95599984884261	53.403999961614616
-0.5530000305175781	64.40800003945826	49.93399997726082
1.7830000352859496	69.2740000605583	52.7680000326037
1.8100000762939459	85.40600004434584	53.411999995708456
0.5710000610351568	112.81799940824502	52.400000024735924
0.8789999151229868	64.55000002384186	52.87799997091291
8.220000038146967	63.43999993085859	53.04800019741058
0.4969999837875369	62.15400003492835	50.66599997311826
0.7810000419616699	64.3859999370574	50.861999949216894
0.6970000219345086	65.31000005245197	51.949999982118605
0.784000115394593	63.524000061750385	50.53200009316209
1.189999895095825	56.74199995800851	50.670000017881435
0.9760000228881837	68.95599993765352	52.92000008299951
18.849999797344218	101.57400050401688	52.288000061959025
-0.18199991703033577	60.641999933719624	51.32400003910062
0.8950000905990604	66.1440002506971	51.75600011289119
0.21399991989135603	72.47800019383432	51.10200014352806
1.309999961853028	67.14800016164774	52.86799995183947
-0.645999975204469	71.10799978196613	49.76799998879432
-0.5560000085830687	104.58200065851209	51.4760001093149
0.6270000123977668	61.197999885976294	51.431999982297384
0.030000095367432856	60.580000032484534	51.83200004503136
1.081999912261964	70.91400000333785	51.175999958664185
1.4639999532699586	62.254000177383446	52.700000007599584
1.4129999876022346	62.60400012493139	52.643999900817846
15.021999840736376	80.13399998068803	51.482000095844235
16.009999971389785	85.26799986124038	51.50400009751322
-0.1739999914169306	69.41200007915499	52.30600006699568
1.7610000801086427	68.84200025558465	50.722000125944604
0.644999985694885	64.99399996802211	51.57799998164179
0.21499997615814254	63.32200009033075	50.70800003647804
1.6409999227523795	72.05000022485854	51.86200008869174
-0.34899993419647296	74.4639998316764	50.876000038385435
0.5300000858306875	62.05999980062246	50.604000004827924
-0.39100003242492687	61.7300000572205	51.45200003415346
0.6559999656677256	150.45399911999712	52.671999967098195
0.6989999532699588	61.24200009629131	52.97799998089668
-1.7889999198913564	60.023999886512726	49.96799991726871
0.11800000190734798	64.35999996960159	51.0739999639988
0.7090000391006478	60.01199993848801	51.648000074028964
0.9499999570846561	68.6640004758537	51.44600011751058
0.255999989509583	64.91199984073637	51.072000019550295
0.6880001735687257	85.79600043684248	53.13200010240078
0.07299996852874623	63.08200008511547	50.78200006797911
1.172999997138977	73.45800005346527	52.49200002312659
2.5210000085830693	112.65399993181235	52.56199997410175
0.593000006675719	62.427999949455234	52.346000087410125
0.8660000276565566	62.20399993613366	53.31200011074544
0.880999941825867	69.4080000460148	52.80800009131433
1.0660000658035271	64.08000005245208	52.13000010848046
-0.01999984741210968	62.64200013875954	51.54399997889996
1.2130000019073475	62.821999953985255	51.22799996495252
0.05399991512298482	64.63999977111816	50.986000144928624
0.39400004386901766	89.3999995556474	51.31599999755622
-0.16099992275238095	61.315999867916105	51.188000014275296
2.187000041007996	64.82000012397766	52.29000011682513
1.0809999895095823	67.96999990940095	52.117999960184086
1.5880000543594357	64.74999989032742	52.35599986553196
0.29000007152557333	71.80799978375434	51.49799990296362
-0.40499999523162894	62.59000002935531	51.39599998414515
1.004999895095824	71.02599997818476	52.55799998566505
41.60600030422211	70.4359998108446	53.04200005933639
0.5470000886917106	61.05599983692173	52.150000040531125
-0.6740000104904169	56.02400011420252	50.29999997168777
0.3780001163482677	61.63400013163685	52.23800003290176
0.7790000772476187	69.36600017786027	53.359999988228104
0.9209999942779542	66.16200011730186	51.441999962925856
-0.2040000677108759	56.379999888539295	51.486000075340264
0.46099998474121084	59.173999824523904	51.81999997228384
0.0590000152587894	60.456000186949964	51.09799995705488
1.192000074386596	62.99800007864828	53.0520000934601
0.7199999618530268	57.14600001573564	51.5860000491142
1.6010000848770134	78.71800020903352	51.77600002765657
-0.030999913215636443	73.60599997803558	50.87199993610381
1.385999989509583	94.98999989181759	52.36600001484155
2.1569999170303356	74.56000014305113	52.70200010180478
1.7290000724792487	61.240000009536686	52.828000066280374
0.8349999952316273	157.51999979019166	52.99800003677605
0.5430000114440907	62.85199980258938	51.79400007367133
1.5889999771118164	62.53799988761545	53.356000047475085
1.8830000257492052	63.80799973994493	53.16400001227855
8.625000119209279	82.5340002560615	53.01200014308097
-0.3139999771118157	59.81200006783009	49.25000005364417
0.1739999341964728	61.85199989318844	51.59200002267958
1.3419999217987058	63.60599999427795	52.99600003436206
0.9129999828338629	77.45799984455111	52.64999996706842
-0.018000044822692882	65.6600000023842	51.394000009596375
1.0719999265670765	75.63999979376794	51.19600001335142
0.6180000829696667	63.152000045776376	51.20599994570017
0.06900002956390504	74.56400028824808	51.41800013542174
1.1019999980926527	72.29399998664854	51.1720000049472
1.1740000391006478	80.51599997878075	52.937999955415705
0.31500004768371526	59.32200009822845	50.810000021457675
0.5180001735687262	69.37400000452986	53.162000104188884
0.35599983692169285	84.58200058102601	51.78999995753169
10.450000028610233	61.488000161647776	52.72000009834763
1.2780000162124634	64.19799988508224	52.71000004455444
-0.3550000429153451	67.38799996569746	51.22400002956391
0.2070001125335688	64.81600006461146	50.91600001424548
0.7100000190734859	60.055999910831424	52.03799997985359
1.1610000658035275	66.1079997247457	51.73400008976461
-0.18000004768371594	89.99999991893759	52.160000026673096
1.9560001516342174	69.7179999375343	51.52799996197226
0.8039999675750735	60.21400009304279	50.84199996232984
0.37600009918212846	58.577999887466405	51.309999990165274
0.05800002098083437	70.81800012111663	51.685999934524304
0.9640000486373895	64.50200002074243	51.929999936521035
1.0810000276565557	58.14000001072884	50.91600010216237
0.2619999265670767	122.57000012874619	51.31200002953408
0.07699999809265094	89.32400040984145	50.81600005149842
14.288000173568728	73.26400011181819	51.306000076383356
0.44600001811981177	71.41999980211254	50.71000010475518
1.274999938011169	73.7759998446703	51.81999999046325
-0.3119999408721916	70.90800014495844	51.38799997806553
0.8970000648498544	66.18800013065332	52.461999908983685
1.2959999942779536	77.70199971824886	53.6299999421835
1.6080000209808358	67.36599990129473	52.528000106811554
1.2689999961853045	64.28399994492537	52.52199993610378
-0.4420000314712533	71.27599982023231	51.02999990880489
1.483999986648561	60.10199999094009	52.82200011730189
0.7170000934600814	63.35400000452994	52.27799993991854
1.1520000886917114	70.75199984788888	52.527999957054845
0.8710000371932992	65.48600032538174	51.3000000283122
1.684000034332275	61.98400018692017	69.6820001411438
0.24600003242492577	61.25400007486339	71.57799997746939
-0.3139999437332168	66.4619998943806	78.29800002932551
0.6629999685287478	59.92799984574312	70.52400026798244
-0.8740000009536758	66.37599987745284	68.26999989509585
0.5169999074935926	60.264000110626256	79.5839998674393
0.46899993896484365	68.83799996852872	67.41199991703026
0.9580000638961792	59.220000022947815	65.19399998664852
1.7719998884201045	68.15400018930428	67.16600011348724
0.5219999027252205	67.7879999709129	75.46599983036512
0.10700003147125287	69.6920002412796	67.47599993944166
0.24600005149841436	70.27199991703029	62.237999794483166
29.441999928057193	64.91999997496605	65.95399996072052
1.4039999294280991	57.91399998068806	91.62199968814852
0.05200004577636823	57.8019999992848	70.69399977147575
1.2770000553131104	61.8040000081062	96.25200004696842
1.0880000829696657	86.92599962353707	66.62200025558462
-0.5949999761581436	58.91599991917608	64.66999972105026
1.2370000553131089	65.77800014972689	70.90999992370595
0.0010000514984121588	61.60400001466277	101.16199956655505
0.16700002193451058	68.01999999284743	67.99600034475324
0.8540000391006456	98.44999959468845	89.03399974226953
23.19399998664856	63.02599991321562	78.38800008714192
14.058000221252437	64.2319997882843	68.24799998164174
0.41999999046325803	68.93200008422136	65.52599995851513
0.5329999828338625	61.286000038087316	68.98999999329443
-0.009000077247620829	63.3420000505447	70.24399984121317
-0.8410000133514407	68.01999981880178	71.26200021624567
0.4180000448226919	68.76999988555909	66.94600005388251
1.1610000324249277	73.80399981021883	69.99400005102154
-0.4139999771118178	66.10199982762337	71.16799985408787
0.21300001621246276	66.48199993491166	70.81600010514254
1.0040000867843613	66.01400003552442	74.30399991706015
0.3039999437332149	72.64799990057952	73.07399984598163
-0.06600000858306762	61.46600020140402	70.12399999618529
0.12199995994567776	61.23000005677345	119.15199992358681
0.8939999961853031	64.13999981164935	70.63199997425072
0.2529999923706065	61.26400001764303	69.62800024032593
1.8209999847412102	69.23999983787532	71.34000014662745
4.463999915122985	81.226000418663	84.53999973326925
0.8690000104904176	66.22999995395544	68.69599984049793
0.8090000438690185	69.03400000691413	69.65599978446949
0.4570000886917108	62.41399989128111	92.35599995374677
0.39700009346008447	64.51799961805342	68.891999964118
1.106999878883361	82.31199982404706	86.19000037908557
1.0370000362396257	63.62400005891919	68.80199986934656
0.8639998769760132	78.83800005435948	64.3500000667572
1.3709999704360964	71.13200003817671	80.67199988365174
1.3760000419616703	68.0000000628829	74.05400019168853
1.798999996185302	60.779999896287904	68.34800009191034
0.29599997997283917	61.89000003129239	67.58199991226192
1.087999963760377	67.28599973440168	65.6420000171661
1.13499997138977	60.79800032377242	69.43799987077713
1.1029999780654913	86.10399981021872	80.85600003957748
0.12999994754791275	63.00600019812583	67.06400009870526
0.732999968528748	59.75000005111094	75.11000009059893
1.1159998655319219	63.35600009918206	77.56000002861032
0.8009999513626112	69.2299998348951	70.84000026226039
8.371999893188482	60.97199985995889	69.53600011348726
14.931999888420094	75.03599994570023	66.34399998188022
0.1400000286102287	75.01200021654368	67.65399993658059
0.5590000915527356	63.143999761342926	67.60400004386902
0.6470000505447395	63.45399987727405	111.06199999332424
1.654000058174133	66.5200001478195	69.33600001335142
1.5650000190734863	75.15400010824204	73.1760002613067
2.037000041007996	68.59600011825563	97.24600003838538
0.08599996089935334	69.46200030893083	86.08400049299
0.8969999551773071	62.69600010871881	74.39199991226195
1.2510000658035298	59.68599998474121	71.1399998822808
0.8180000448226941	67.75199998259545	141.77400008648613
0.6919999408721913	65.66199985504149	87.08599978879104
0.2700000000000009	58.305999901294705	70.30799991711964
2.4580000352859517	64.54999999165526	72.85999998569498
1.2420000028610219	60.36000011920932	70.46599999666213
0.5929999923706044	84.15000022172923	75.15399988651275
0.5199999856948858	71.25800002574923	70.09199970096346
0.5969999647140506	65.54800025701525	72.6840000867844
-0.46600002288818443	57.300000059604656	69.52400000691412
0.44600002765655494	60.503999902456975	67.40400015115742
0.27200001239776683	58.44599993944162	71.06200009346009
1.349000034332275	86.9799999079108	75.1859995603561
1.818000073432921	66.55400015592582	65.36400013044481
1.763999977111816	68.95399997949603	69.9160002428293
0.17500010967254717	64.32400002315642	68.13800007343296
0.8589999961853015	66.3219999599457	70.0700002813339
1.23500005722046	61.74399995326991	69.53200002551077
1.199999990463257	60.278000169247385	76.53400001049046
-0.8720000362396239	61.467999908924064	67.08599996566771
10.026999845504761	62.81799991101022	71.46399996757502
-0.0599999809265139	62.32799992993473	64.91600017070769
0.8159999656677233	61.865999919176126	66.91000008538363
0.6760000658035292	69.19799993515015	69.66599998474123
2.0010000944137563	71.20599990367887	76.61599975585932
1.8460000181198124	93.84000024318689	75.0819999837875
-0.4719999980926512	62.04800036191938	64.35199974536889
0.0909999513626111	63.90999995276327	65.00599993944168
-0.1300000905990603	60.52800011396401	75.94400018930426
2.2720000696182256	79.07999968975784	73.68800001382829
1.4519999980926503	63.4300000998377	68.16000006198877
0.6660001087188728	64.10799991056318	70.86200048208232
0.9359999513626109	64.63399969458577	67.14399995118379
0.45799999713897777	64.4099999308586	75.44999994039532
24.639000451564794	59.7840000742674	68.99199983596802
0.18800001621246384	60.994000067710886	67.50800006866447
1.139000086784361	61.13999982208013	67.40400008559232
1.4130000638961797	92.37599988073114	118.63199954390522
0.8819999885559089	100.18799944579598	89.52999971508974
0.891999921798706	61.309999952316225	67.75199993610386
0.1760000658035284	60.34399994775653	62.87399991273881
0.21700000762939597	64.89800017029046	94.86800001949071
0.026000027656555496	61.13399975284935	99.76799992561335
-0.7149998617172234	92.77999951988453	73.34600001573567
0.12500000953674353	58.80599995568395	83.05599982738494
0.4140000247955315	66.26200041055681	65.818000035286
0.39900007724761966	65.16800003528596	70.88599987030027
-0.09300004482269313	56.34999982118604	70.8280001223087
0.278999977111817	67.79599993631246	67.677999855876
0.9499999523162849	70.89599981307974	84.6299999475479
1.3790000009536736	68.3280000030994	70.89799977421764
2.202999949455261	69.54800006300209	73.029999974966
1.72500011920929	67.94200014546517	77.12000008106219
0.789000105857849	68.5360002064705	88.64999967575069
0.12900013446807818	69.50200025320058	65.82199983119962
-0.47899998188018816	61.567999968528724	76.03599972248085
0.8179999589920034	66.96599993705753	105.5319998383523
0.7789999341964727	62.27600019931794	71.94200001478185
8.750999903678908	74.73200002193445	79.9600000602006
0.3749999713897712	62.94000005602831	86.54599967479705
5.39500007152558	63.283999917507124	71.74799999833112
0.9859999799728393	66.47000009894371	74.15399998143296
0.515000009536744	90.48400022268298	90.47200005531312
0.6460000419616697	64.75999998807906	68.57599990189078
4.717999854087827	59.52200004100797	80.14200045585632
0.34499986171722363	65.42199976876374	66.33800026237955
0.3659999084472669	67.6019999933243	79.5579998207093
1.1169999361038199	62.00799992918966	71.5600000286103
1.3440000391006472	68.29999992966646	72.58999995887277
2.0270000362396248	62.15400005802515	75.07200008347628
1.648999981880187	123.97000027686363	185.85599936529965
1.0590000009536769	71.14000017881385	81.39800006106499
0.35000002861023005	61.2279999184609	72.58399971961984
0.2999999761581427	60.857999786436515	70.5419999313355
0.5380000638961794	73.64800013184544	82.15000014036889
0.5099999999999996	70.1560000538826	73.2860000181198
0.20600007534027143	61.52000019356608	91.56999992370598
0.8870000314712513	62.389999845027894	69.76399994611731
0.9130000543594352	71.25599978446958	74.68200015068045
0.7680000352859486	87.37399994373317	73.8439999985695
17.068999896049476	64.6660000228882	68.74000007033347
0.17500000000000032	61.446000089645395	66.18599991083143
0.9519999408721918	72.36399999439716	68.68000008344649
0.5600001144409188	65.60400017499921	72.42599998712538
13.238000040054308	59.30000000417237	69.93200003027916
0.3079999971389779	62.909999946355796	68.79800016880033
1.4220000648498523	63.665999802351	73.93399989128113
0.32999989986419576	82.35599998235698	71.86800028964873
2.3119998502731334	68.41400006085637	107.05999922901401
0.3349999475479136	62.88000008821486	74.78199969038363
0.3130000019073475	63.25399977922439	71.95000015065072
0.16600000381469707	70.4779998016357	81.49200008630756
1.2250000095367437	67.30999997705216	70.79000007152554
1.8899999761581434	64.3900001072883	70.2119999456406
1.7280000209808342	59.2040001225471	67.16800010740756
0.06899995326995835	59.40599996089933	68.83600020557637
0.9520000314712515	63.46599998593332	74.30799994945521
0.48199995994567885	66.94800011634824	68.93000022694473
0.36700002670288123	59.20800004601479	75.98200021743773
1.2299999618530282	58.94999999046323	66.08800004005435
1.2839999341964716	64.26000005722048	67.29599988013504
1.1219999694824212	62.59200023666025	72.32200000286097
0.6210000705718997	76.81199986696232	67.99399994730942
1.5689999771118173	56.55800013378265	85.15200032711033
-0.587000012397766	61.00400005340578	85.25999984741219
0.25900000572204707	69.67999998569483	63.10200007915501
7.958999900817868	71.23400019645686	76.76800004005428
0.9179999685287477	61.159999911785086	73.43399979159237
0.7800000476837156	60.274000116139625	74.75000000521541
0.819999976158141	95.92200000703325	73.47400002002715
0.8489999961853024	61.15000005364417	72.24000025272363
0.5880000591278088	60.028000061511996	71.95799974203115
-0.10799998283386367	64.74199984550471	65.42200005859135
0.09299999713897708	69.52999980449673	67.57400000214575
1.7810000228881826	65.95000007748611	70.20199992179873
1.5529999732971207	63.906000280380255	68.06999997615807
7.386999869346621	86.9540001130104	73.27599962115285
0.3220000362396236	68.0240000391006	74.60000000670554
1.110000166893004	66.9920001637935	67.16400014400486
2.1650001096725457	64.15599996089936	65.05599990487097
0.6979999876022347	61.14000000238419	74.90199989080429
0.2239999437332152	66.9879999236763	67.6300000190734
0.37500006675720093	74.54200024843219	70.57399968624112
1.7560000753402718	64.13999989986416	68.0779999053478
0.7000001335144043	66.33600018858904	74.8059998941422
1.5540000438690194	68.05200014352796	91.0440002498031
-0.15800004959106323	65.02000008821486	115.0039995798468
0.5589999580383307	65.67400025427341	71.41199975132938
0.542999987602235	74.91800001025204	67.70799988567833
0.6939999914169308	59.963999843597385	68.78000009775155
1.2630000972747817	58.94999989390364	76.0300002241135
1.0459999847412116	62.309999980926484	72.55199983835217
0.11399998664856062	56.05400010064234	69.47199991673226
1.6470000362396242	65.74599989175799	74.4439999389648
0.37200007915496686	66.41400012493136	92.42999988496297
1.602000021934509	88.91000007033351	71.45399988651275
1.035000057220459	67.17600006103514	68.41600006103518
0.8659999418258675	64.99400016784665	70.15399990439418
0.6330000019073474	69.01599986851217	64.40599999308593
1.4360000181198114	62.22799999952315	72.96400000572204
0.7860000276565534	63.53800003468992	67.94600010037422
1.2870000791549665	74.87799996614451	74.14199981212612
-0.30499992370605566	61.8299999892711	64.5960000801087
0.4229998874664316	57.18000007748602	78.55799976348875
1.1030000638961788	68.92200030803686	65.71399995565409
14.95799966812134	63.90999989032746	72.18199985504152
0.7700001049041743	73.91599981874225	74.1739998555183
1.8060000181198106	64.86800006687643	76.16000038146977
0.15099998474121143	80.5560003876686	81.77999968051911
1.6770000219345091	64.46799970626827	72.3740002930164
1.1029999828338626	60.92200021266937	68.85999989032743
1.0239999532699593	64.20000006914142	79.04799987375735
0.4580001068115245	61.19399994373322	67.97399990558625
1.318999938964843	115.9780001023412	81.32399997413157
1.0560000276565544	66.72199986100198	119.03399955630289
0.0039999628067020196	62.5679999876022	73.05999976277356
1.1399999761581414	68.83399987503888	74.42200013041497
0.4459998750686659	62.432000044584264	69.97799991130822
1.1599998998641965	62.602000222206115	66.54200008004904
-0.24399980068206942	69.0200001621246	72.90200006723406
1.1739999961853014	64.0100001055002	71.61800012052058
0.708999934196471	60.98399988174441	72.93600018739694
1.4079999685287465	70.22799999356266	76.93599966049192
-0.06400002956390279	64.90599982738495	104.5700003337861
0.868000078201293	62.30799999475479	74.01400004148482
1.547000017166138	58.38800003647803	75.36400001406663
1.1290000629425043	65.43399992585178	70.47400020450357
0.7340000295639031	65.7060000896454	81.16999983549117
0.9729999971389771	60.99200015962126	84.98600020527834
0.5040000724792472	62.16400012493133	73.15200005054474
1.2819999837875364	60.131999827623375	72.37799983501435
0.7819999599456785	62.48199999570841	96.27599972963331
1.1050001239776615	70.13599990606299	69.87600026845928
1.1880000019073496	60.294000064134536	77.57200022935866
0.9720000934600838	64.21999986171726	88.3039997625352
9.087999987602231	63.38199986577028	71.12200017809863
2.312000088691711	66.23199983000761	95.74199981927876
1.2200000381469722	66.43600042223927	71.72000012427561
12.547999939918515	61.44399986088274	86.02400044500833
1.0260000848770139	62.48000001549717	73.44799996018415
8.666000099182133	62.85800033926959	67.37000001907347
4.199999899864196	61.82200000822541	72.8920000076294
0.12899998188018874	64.24600011199718	75.79999990224836
-0.43799999713897697	58.968000055551535	71.05999992847447
1.0290000724792487	67.35999976158139	69.03599979042994
1.9470000267028822	67.77800018548963	79.46600000187755
0.8270000410079945	62.549999969005576	72.27399993300435
0.15900000095367567	63.23599980503319	89.50800007343294
-0.4860000419616691	62.20599976256486	70.29199995517735
1.807000060081483	80.20400010943406	69.09800003051757
0.7509999608993531	65.44600015044215	67.05600017607216
1.5740000295639038	72.41600009083753	73.76000006675723
1.1800001096725465	67.59000001072882	68.07399987697595
0.9020000123977647	64.81200009763236	118.79000035241243
2.137999973297121	65.47999976634976	73.89200003147121
-0.2200000190734857	76.15199985459446	73.97600008010866
0.4389999914169316	64.34799999743701	69.32800009489048
0.8479999113082879	104.52999957978726	76.0459997969866
0.9630000114440928	63.99799980163571	77.71399988412853
0.3429999113082877	63.789999885559105	75.74000010609623
2.1550000762939447	72.45400018453593	71.33200003623965
0.7799999237060563	61.037999966144504	70.89799993515022
