-0.5259999752044685	61.940000262856536	76.34400027394287
0.43400003433227596	70.73600002050398	63.56999996185301
5.5660000801086404	70.02599995613095	70.7359999561309
19.95200023651124	58.783999996185344	67.20599990993739
10.895999937057498	73.23200001001352	64.86799999237054
3.128000030517576	65.6760000514984	68.222000209093
1.1359999942779537	61.25200001239772	85.01599979639055
9.310000000000004	61.30799998283386	74.05800035476685
15.839999990463262	67.97799978673459	67.42399991512298
1.8760000324249264	71.73000010102992	65.61599998712542
1.7060001182556137	61.84199986219406	68.92400007441636
-0.21599996566772384	58.96600021898745	65.10999996483326
11.100000028610227	68.13399975776663	76.2139999520777
0.9119999408721916	59.431999989003	60.61600009754302
0.0020000171661370804	65.88200010299681	70.66199992671605
0.4539999961853037	63.363999810218836	68.91200005888936
8.833999824523922	64.18200025036926	65.40000012159344
-0.1580000019073489	72.0819996941089	72.50199985265739
1.458000116348267	74.87399993658055	72.4439999449253
0.2419998455047603	64.0080000063777	74.5660003662109
2.7999998855590786	63.880000179708034	72.85000012367966
0.9639999008178719	57.35599998250602	81.8500000229477
0.5620001029968275	77.99000000715247	66.77000001430505
1.5859999752044682	62.426000149846104	106.75600034475323
-0.21200008392334133	63.482000013589854	72.74399995803827
-0.1259999561309822	63.045999966859796	73.9439998954534
0.4719999790191643	54.60599990844727	68.99200018137685
0.12400000572204543	66.63600012779239	64.51200012207032
0.8880000114440929	59.185999845266394	66.63199993133537
3.164000101089476	60.73399970471854	69.55999988198278
2.538000001907348	67.65400016069417	68.12800007581714
2.986000003814701	68.21399977207187	73.21400016456845
1.0459999275207503	67.6700001001358	68.42199997901916
0.4539999198913565	67.68000006437299	67.27200001835828
1.0779999732971173	65.78999986916772	84.00800008773805
0.24999994277954193	57.99799991369246	67.29200003147119
1.4720000171661394	62.70199988275762	71.98799998581408
11.230000295639046	68.3520001876354	82.20400004386893
15.887999992370604	63.893999824523945	77.330000038147
-0.2119999790191641	73.44599993467328	67.09199983119962
0.32599997520446744	57.93999988675117	75.87800013780588
0.36400008201598966	63.94199986219408	75.15999979019168
0.25200000762939373	59.45999993845819	69.45200045824049
1.0019999122619614	56.17399991899732	65.3500001811981
0.45799998283386084	70.14200020074841	72.16199985891582
2.707999982833862	85.46599997937678	65.35799996376043
8.04400013923645	60.107999967932685	67.16199995100494
14.518000144958505	66.39800020933153	65.01999976068728
3.877999887466432	65.18399975776661	80.01200031727551
0.5480000019073502	70.44800021529196	82.31200001314288
0.5600000476837163	58.05799997523428	64.77399997711179
10.295999946594245	65.14200001716613	64.17400015592574
0.24999995231628291	60.12800022900104	66.44400004103778
1.318000030517579	60.89000005006785	76.25799998044974
3.6859999656677305	62.76999997317788	67.63200019836424
-0.38399990081787044	64.75199995040896	67.27999997615814
3.2139999008178712	62.30199984669685	66.52800005197524
69.82200053691862	62.4719998049736	70.08600013732911
1.620000095367431	62.98799993515021	87.57999993205071
4.643999996185309	63.80199988603587	65.92000015974045
-0.12199996948242128	69.17000025749202	67.94399983882901
1.3320000267028793	58.82599974155422	76.25799972534179
1.881999979019165	59.27799991577865	72.44399994850146
0.07199995040893589	62.572000119686116	63.63599996879699
0.22799997329711977	59.7120000648499	81.8920002913475
4.452000017166147	72.76400025337932	74.3119998630881
0.8080000400543205	59.20599963188168	64.3140001964569
1.2479998779296855	65.02000008583073	71.24199995517732
1.7440000247955327	61.01200014114381	81.91400004148488
1.3260001182556134	77.98600025534631	69.63800000190741
-0.14999996185302725	65.42200020983816	80.98600014209744
1.9039998340606679	65.0300001192093	74.55399978876119
40.40799977302556	70.22000001430514	71.32799994707112
1.0379999542236331	63.85400000572208	64.60199991226197
2.486000022888186	63.77799995601179	66.09000000953678
3.2180000686645545	68.55400016307829	73.43800007805237
19.553999986648556	75.58800008535384	66.45399995803832
1.1959999084472654	59.70200012922285	70.74599997997288
0.9319999313354488	66.25200012087824	91.91800026446573
0.8499998569488515	61.877999871820215	68.46799991130825
2.62199986457825	76.55400029301644	66.11799991279842
0.571999979019166	73.45200006991627	70.82999976158145
0.11599998474121041	77.52200040385118	71.37399997472762
0.9319999694824235	60.22000007390975	76.62400022983547
2.752000122070312	61.96599996805193	65.8580000543594
1.454000005722046	60.88600023984907	63.7080000853538
3.508000068664553	61.219999972581846	62.312000203132605
0.8500000381469739	64.22400005578997	82.07200035572058
1.410000019073486	63.9219999861717	75.21000011444097
0.04400000572204532	64.87600027441977	67.21199995517729
0.6040000247955309	63.55999998137354	100.82799988895646
1.599999952316285	71.59799994707112	68.92600003719329
1.5699999332427987	60.844000079184795	79.08000035762791
9.985999984741214	78.69399992883203	64.78200018286704
6.206000051498413	71.65799972146756	67.79199986457822
-0.14000002861022856	63.71399977445598	65.3340000629425
-0.6960000133514412	58.65199983119961	71.30400000810623
0.9200000762939454	79.53000029563894	131.19599957108494
0.4540001106262195	59.88400005877016	72.05999999523164
0.22599995613098134	60.28599988698957	62.40599995180963
0.720000009536742	74.58999984741214	114.72200047969818
3.615999984741211	71.51599960416546	72.97400021940467
1.647999973297118	64.13200019359589	69.41200025141235
12.126000003814701	65.12199998378752	81.30800021409978
1.6779999732971187	57.83599979043009	66.24000007122747
1.409999971389772	62.875999941825874	92.91400008291004
3.6479998970031726	71.11000016689299	68.43399973347776
4.44799998283386	64.36200005769729	69.57400024339553
0.3279999828338629	62.413999943733224	69.12799999952315
0.23399992942810216	58.588000025749146	90.94399963438508
1.6940000057220477	60.59600016117095	71.83399996027354
3.5999999809265115	67.34000001981852	70.80400002956387
1.1079998779296854	65.57200010448696	102.77400013327606
1.855999984741213	72.53999984741215	70.87200006484984
2.3699998950958285	67.23600012302403	71.9159999346733
0.8380000209808341	63.96799991250035	75.39600035905839
0.4080000591278092	67.82199998617172	69.41000007629398
27.508000202178934	63.5440002501011	70.92600007534021
-0.0960000801086419	84.67599980711938	81.2519999790191
10.329999933242798	62.79600019454949	64.12600017547605
17.7680000305176	62.95399988025426	76.5419997358322
3.252000112533568	66.15400005459782	70.11599982738494
1.750000057220458	56.413999907970414	65.09400004267692
4.444000139236452	68.07400017857549	94.50599982261659
-0.30200000762939655	67.90800018265845	72.01000027656559
1.3560000514984114	69.24800001218912	81.77999987840654
4.546000013351438	61.46399991169572	67.42400018632408
4.968000059127809	75.35199982881547	80.08199997901917
0.3499999713897708	56.523999975621734	64.0439999771118
0.14599992752075097	64.99000017046922	72.27000012397765
6.954000024795529	64.09199979543689	69.61599997520442
0.5759998703002921	79.05999979317185	64.91800012588499
2.0680000782012935	63.152000120878235	70.57999983265996
3.881999921798706	65.17000000596045	64.94199992179871
0.6819999790191671	60.36599989742038	67.4719999748468
1.2800000762939432	84.68999940037719	70.72599986553192
2.2439998912811285	59.16800021171571	97.91400015413768
0.1840000343322771	61.38199994027613	71.62600042343139
13.103999986648567	58.84799996852871	67.77800009727474
1.3860001087188722	76.03000008389354	76.86400011539455
1.1639999580383291	60.707999927997584	67.6879999637603
5.314000005722051	93.67200046896939	125.78999979764222
0.518000097274779	61.463999996185294	72.45000015258783
-0.46800013542175223	61.729999976456156	69.81399991989136
0.6019998836517328	65.7520000457763	69.14000017404555
2.0279999923706034	84.75800022125242	142.54599994182598
1.1359999752044685	59.53199998497962	69.01599987983697
0.7800000286102321	63.5899999213219	64.38600000426173
-0.1959999179840084	59.401999911367874	66.76399983882905
5.581999902725221	71.34000022292136	66.0839998912812
-0.35399994850158545	63.138000078201266	68.67800004482267
0.07000000000000016	67.11999989271166	76.86400006294245
4.078000078201293	68.90399999141698	91.24000014662745
0.18199986457824555	58.594000053405736	69.95999983787534
2.5120000648498557	59.55400008380413	65.4099999427795
-0.27600007057189835	60.88999983072283	65.47400006175044
1.2779999065399197	69.15799992322913	63.71999998569488
3.391999912261963	65.59400004029276	72.86199982330213
2.570000047683718	65.91600006580354	67.72599983453749
8.458000221252435	64.96599982559685	71.31400005578993
0.8179999256134035	63.010000231266076	93.28799981713301
0.6799999713897713	60.69600007891655	68.33399988174428
3.5519999694824227	59.5799999473989	104.42400071918966
2.4719999313354504	61.78000000298022	81.00199997022746
0.6460001087188728	62.00599997639657	75.84200011551381
7.507999973297115	94.21600015640263	113.43000015258801
10.427999820709232	69.5799998557568	70.9460001373291
1.1459999275207504	65.81800022691493	96.01200027942659
3.4800000095367416	67.92000002861022	84.61000008344655
4.443999977111817	67.23400020301338	73.83999991104007
2.363999986648559	68.02200002670288	68.79399994730949
1.4560000514984137	64.48199987530712	66.51799990892404
-0.6499999523162835	65.51199995040884	93.340000152588
20.633999824523922	79.13199983119962	68.84399979591375
20.05999997138977	67.68600036814804	84.91399992465972
20.01399989128113	67.76399991035458	82.02000018596645
5.586000080108642	60.67600005149841	67.41399985790258
0.9379999923706065	71.10400005817408	74.19600007057184
-0.4940000629425049	75.4599994575977	76.09599995851515
16.80399984359741	64.73000008463853	70.03599969863896
4.72	61.88599982261664	64.26999995708462
4.862000007629394	60.89600005537273	72.7339999711513
-0.1059999465942395	66.95199983596798	68.41799990057946
39.23000029563898	75.9599999061226	76.38199998855582
0.7860000896453868	65.18799987554551	66.59399998664856
1.5460000801086429	69.7199998283386	72.8160000318288
1.0019999885559059	69.34200016140937	70.18000041961663
10.522000102996836	62.403999875783946	64.68000008583067
0.8140000247955324	66.21599997520443	68.38200011968611
0.8420000267028828	73.25399993419641	72.97800000667569
13.69600003242492	64.30200018614526	99.10800011634834
46.154000205993626	76.32999984785914	80.01399949550633
-0.46399992942810137	68.92400024741893	66.42799995422367
27.909999732971176	77.21000007629391	68.48000004410747
0.11800000190734836	60.654000017642964	72.14399997055533
1.0140000247955336	63.24000015020369	66.46400012493136
6.916000118255617	63.56799979805948	73.99000023007393
1.2639999866485603	69.76199975252148	67.50599984645847
4.259999933242798	65.40799998760224	79.81999995321033
1.41400001525879	61.156000218391405	71.3599999094009
2.002000055313108	62.48600006580348	74.27000014066697
6.458000049591067	66.00199990749363	66.23800023555756
-0.24999992370605456	62.67999992609022	66.32200000524514
0.34999999046325764	64.43199996471401	65.6920000362396
1.3480000305175797	73.34000001847741	80.13399983048436
0.6920000934600824	61.91599995329979	70.54799996048222
2.075999956130983	69.65400001138447	72.22999984979636
1.007999897003175	66.96199995756146	66.53400008201598
-0.3879999351501466	58.036000045537946	75.74600003302099
0.5279999732971206	61.76800013095145	75.6339997911453
1.4800000953674324	65.7040002679825	69.29800007581709
7.100000104904175	59.60999991178512	76.38200032234192
-0.4239999580383287	59.500000092983214	75.88999998569491
6.391999940872198	63.313999991416935	70.2500001502037
4.382000017166141	86.09399961948385	71.25400017261505
-0.6539999675750733	77.63000022649757	77.55600007534039
0.9960000133514402	64.97799985870718	71.09799993872639
1.6759999752044685	60.3820001477003	72.09200010538103
5.878000011444099	58.96399993896485	66.09600006103514
28.637999839782694	69.83399980023498	67.6639999830723
0.7400000762939436	70.56400010466577	138.9500009250642
1.5359999275207503	66.84799999251963	74.99800025463107
5.162000007629393	99.984000583291	73.94799997568126
1.6480001163482674	64.19199981927876	64.74199991881846
3.2039998912811276	67.712000002861	72.76399984776978
22.56199979305265	62.320000004768374	64.64400009155264
0.38799990653991806	65.02200004816054	70.3479998445511
0.011999959945680368	61.65200019955633	66.22200005054474
1.1759999656677234	60.31800007209174	68.48400005936622
2.2399999332427987	62.99399996548891	80.96999984741205
2.740000104904173	91.11200007677084	84.52999998092646
3.1840000534057613	67.40000004366038	70.20399998188016
0.976000022888183	61.0559998452663	70.32000009968878
9.785999946594236	63.73400002479546	65.55400028705598
3.759999980926516	60.840000100135825	71.46200019359584
0.767999963760377	60.30999995708465	94.8100001764297
4.029999942779544	62.196000092625624	72.41800013542178
-0.5479999637603761	63.64999952271582	95.44800000429147
1.2939999961853026	60.78999973341822	69.5260002565384
27.174000272750853	63.919999958276684	90.07000003814701
2.3020001125335705	59.610000012069925	61.53600005626672
0.5359999656677252	64.10399985790252	63.79800015926362
0.01200001716613775	70.1840001749992	65.28399990081783
3.4059999656677227	61.846000076532356	74.55400007054207
22.797999906539914	59.43600022703407	68.54800009250638
0.16800004005432245	59.712000236809224	70.9280002188683
3.7179999256134013	59.99999997973444	65.6139998245239
0.3800001049041754	71.27600002914667	77.34800030708313
1.3640000534057612	61.63800008058544	70.32999987423423
1.9980000686645512	62.14399992227559	73.15600009441367
5.043999919891357	62.539999879598625	77.17799977302543
1.1300000095367453	61.64399991273883	71.56999989509572
0.45400001525878914	61.019999992847424	67.80000014305112
-0.24000000953674405	63.4540000450611	69.0179999494552
9.762000007629398	60.481999964714056	73.86600013494488
2.0479999542236347	65.28600012540817	70.13000010848044
2.6859999465942406	66.49199999332427	78.9479999828339
1.1659999942779515	66.01999995991585	73.66400012210016
6.753999910354609	70.07399984359745	74.91200043678282
1.4039999485015857	72.38199991583824	63.65200010299684
0.9499999713897707	56.104000081121896	84.62599998891355
0.39200005531311105	59.66000022500756	108.80199996560823
0.851999998092653	68.19200001239774	78.61999974608415
1.1180001449584946	62.21399994984268	77.50200044780964
1.9299999141693103	61.434000152349476	69.45200008630759
0.038000078201293405	60.11199980735772	67.9959999275207
0.716000013351442	68.24400016903874	66.88200019836428
2.062000093460086	67.7840002778172	65.80200001150374
-0.6639999580383283	75.71200004339214	78.99799987792966
2.674000101089478	65.38400008320804	76.76999983787539
2.9579999637603756	70.69600008249284	75.67200019359588
1.1919998550415065	86.000000114739	75.89199986815449
1.0959999561309821	63.61800006002185	79.2639999198913
4.660000057220454	60.63799998566511	95.91600009918214
0.004000082015989646	88.68599984139219	66.08400007247926
1.9920000457763678	62.534000100195456	70.31800001919272
1.7079998779296854	63.43799999773495	66.63399993300432
-0.15200005531311067	124.10600068807601	70.67000002384187
1.9519999504089363	61.77400022029878	97.17000035285957
1.2320000171661383	68.0039999270439	72.8439997471869
3.569999933242797	69.79400012493122	71.81399997085326
1.7259999370574959	58.332000102996766	80.86400019645689
0.008000030517577158	64.25199992418285	127.64800005674365
7.866000013351448	60.85199995860464	66.65799990177152
0.5600000095367438	62.62799998223775	65.43000007748606
0.09200005531311123	63.031999937891904	68.04599986672395
0.9380000114440921	58.77399998903279	76.25399972200395
1.466000032424926	67.06199978426099	70.01199997901922
1.6800000476837151	60.82600002527239	87.3180000782012
1.4299999904632552	68.08400002241137	67.79000029563905
1.4180000209808339	61.35800012826919	86.4640000987053
0.37000001907348673	57.84799987792974	66.10800007343293
14.871999864578253	60.40000012338158	67.75400009632109
1.446000089645386	67.99400007888674	66.7360000038147
-0.3240000247955325	61.117999938428405	79.3540002274513
-0.3400000667572038	60.302000168561925	69.31799994707106
0.22999994277954194	58.19000009179112	64.552000002861
1.280000047683716	69.6700003784895	61.924000039100605
1.8400000762939455	65.19799987599251	81.52799984455098
1.0480000209808358	64.49600024223331	76.27199983119965
13.748000040054324	65.61200009897354	67.43599993139509
3.6939999961853	65.31400012925266	66.75400007247919
4.211999912261963	71.27000027894978	66.53200003147126
1.575999965667725	62.47599992632861	79.38200013771653
5.860000143051151	76.02000020295375	75.21599994897844
-0.12400018692016657	65.0399997511506	66.26599995613104
0.46200005531310995	63.52799999475469	97.77400021791463
-0.45199994087219286	73.03400006726386	70.24000034332273
1.8179999637603745	66.27200003951788	108.14799972891812
-0.13800004959106532	71.96000010505314	68.06399979591369
1.750000095367432	64.70600011318922	89.17800007820124
-0.6839999198913562	63.342000082731225	71.30599965572364
1.8679999828338612	67.43199994564054	65.26400005340582
0.40399992942810214	61.36800004482269	69.9040000471473
6.29399991035461	65.63400019645692	70.28400033652782
2.257999916076658	62.83600016713138	73.57600026011465
0.10999999046325651	61.64800010681148	120.24999976158138
1.4480000400543234	60.90199978113169	67.86200018078088
0.9080000782012942	84.21800019025802	65.89399999856946
13.092000122070315	66.20399991229175	70.5699998855591
4.092000064849852	59.097999882698055	76.40599995076666
4.455999937057492	42.70799990594386	49.26999996572732
3.6200002193450924	65.1059999489784	67.86400022029878
-0.6519999790191644	63.19600012302399	73.52999996185301
13.62000000953674	68.60999991416936	71.37600006103519
-0.9100000667572029	69.35600003838539	79.37999996230002
3.332000026702882	60.87800003439189	72.01799999952313
1.6860000514984128	64.88399973154067	68.99199994876979
36.4620000934601	58.535999829769125	97.85200035393244
24.79599996089933	59.23200012683869	72.777999920845
3.721999855041503	62.07600022435192	74.87400008678432
1.3360000324249268	60.563999957144276	78.23999982744459
1.2060000419616708	59.724000015854784	105.8140002845228
0.057999811172485316	64.9319998499751	66.40199997961521
-0.8959999465942388	63.60200009107588	75.48399996042248
39.6840000247955	65.2099999451637	70.10599994927647
7.7139998149871865	72.60199971854689	72.29200007438654
5.607999839782717	84.91000010013572	70.78999984741213
1.509999980926514	68.26399999946356	66.55399986743925
0.006000041961669174	76.39200018763539	78.44800000309945
5.176000118255607	61.85600007489323	71.78400007247926
0.05000000953674227	64.63399999141696	74.87000000834466
1.5479999160766622	59.94799992322918	71.23399997234338
1.0520001602172862	68.7699996727705	110.73000010922554
-0.7160000514984123	71.48600018143657	94.35800012946135
8.992000141143789	62.54799997687341	72.86399999380116
1.1539999866485622	58.36400003433225	79.22999987095592
6.531999855041504	68.6659998583793	72.18799962997431
0.37000008583068733	68.36200027018782	71.26799973726274
4.333999977111815	62.97600004673008	72.97199982166289
0.21199995040893574	59.26400011271236	69.74600003719337
3.0120000839233367	64.71599987268443	73.17600008487699
0.9240001010894787	69.35199970364569	86.42799975559115
4.256000108718873	89.86600000619887	127.15800074592235
3.930000066757204	80.35800018846992	68.0340000391006
1.4679999732971194	64.99400008618832	92.72800014734273
0.17199993133544927	59.291999920010575	70.26000006198876
-0.20399999618530484	58.31999997138976	79.40399996280664
10.052000083923344	59.03599993467327	74.34599992752072
2.7060001087188725	65.5980001652241	70.06799980640415
0.005999994277954993	72.13799975723032	105.67399980902677
1.060000085830689	67.68399994134904	79.95399962902064
3.1260000610351564	72.04799985125659	70.44800017952916
22.65799973011017	68.58400049984449	69.15000015974043
0.16199984550475943	57.34199999153612	68.69199992418288
0.6399999904632553	70.93200013399114	79.60600018262863
0.3779999828338619	76.21400013923646	77.64199991032474
1.2020000267028832	66.55200008064507	66.20400010347366
3.8579999828338645	70.63599997639652	72.87000014781958
1.6959998989105214	62.816000021696105	67.95600000381462
0.22199997901916468	77.19199983477596	68.29200004488233
4.327999877929682	59.874000059366274	69.96799983978273
0.4939998722076398	73.9139998972416	70.92999976873392
23.117999992370642	58.80400007724763	66.612000041008
0.5480001258850086	66.53800009742382	68.89399987936015
0.26599983215331907	69.74799994379276	71.30600002288818
0.25800009727477885	61.793999869823416	111.12199940845369
-0.6060000038146969	60.64800004839897	69.25999988317491
1.3140000057220473	61.24400003433229	76.07799981117252
3.1559998607635515	66.0980000209808	68.16399996519087
50.4420000362396	64.56000022411344	67.42999969959253
0.5099999427795399	74.77600017070775	72.92599993705748
1.356000099182127	65.16199977040289	76.80199963092801
3.683999862670899	64.96399988651272	70.50599996849904
18.074000205993624	63.81800024628638	71.0999999475479
3.922000007629394	76.89599979996676	67.76400023818013
16.3460000038147	59.12799988031388	101.97999955639236
61.149999942779566	63.40000000834468	82.6460002702475
-0.16199994087219402	55.967999968975754	67.23799996852873
2.97999990463257	61.07200014829633	68.1740000832081
0.8360000324249256	58.826000018119814	82.26600021719935
-0.5120001411438	54.9879999890923	75.72599982738495
-0.06399993896484284	58.1379999697208	71.8079998803139
1.4960001087188728	64.79200005650515	70.9819999122619
-0.20399998664855878	64.06800006151201	80.93399988293643
3.0160000991821336	62.419999969005566	92.89799973011027
7.326000061035156	63.08599993169308	87.22800006106498
19.500000123977685	58.732000036239576	65.49600005149837
0.09400008201598956	67.51600030541417	85.60199941396716
0.28399991989135714	64.98599997550247	81.85000008761882
1.2300001525878907	62.86199999809262	77.1959996905923
0.8160000610351568	87.78199991464619	126.76999939277773
-0.07600003242492748	100.77799949213849	70.25800007343295
1.6020000457763688	66.79200006961821	93.54400017261514
64.894000248909	66.61799974203112	68.09000002861019
10.338000001907357	70.67000026226043	74.95200018405913
7.121999970078468	64.3539999508858	70.03400014877323
0.902000055313111	61.86800011873242	80.76399985551835
0.6300000000000003	61.90399996757508	80.99200014859441
1.4999999141693114	69.43400014877322	65.39000005960466
0.8679999065399175	73.37999993264677	76.0039998054504
1.0539999675750724	78.36599994182585	67.24399997234342
1.6880000686645504	63.23199990510942	71.66399981021871
2.24199999809265	57.96199991226193	71.33999991416924
1.8599999618530252	61.500000026226004	74.92000007629396
0.9220000362396233	68.39200007915494	71.28200017452238
3.6880000114440907	61.54400016188622	68.75799996376034
9.45600008010864	63.868000153899274	67.2240000802279
0.020000162124632397	66.85599993705746	71.29600021183488
23.701999802589395	63.990000106692236	69.39399990081786
7.916000118255613	63.59399985834957	71.54400020122522
2.014000005722049	60.755999726057055	91.38199990749361
1.0860000324249266	61.968000069856664	70.6259997987747
1.5220000648498537	67.08400009274482	73.90400000572203
3.7019999027252206	63.73600004196169	66.941999874115
2.090000028610231	65.37400019705291	67.81599999010562
3.1239999198913573	66.71599983692175	94.91799965858465
0.650000057220459	59.3760000824928	65.07399994373321
2.4599999046325665	62.414000215381364	77.05199991464623
1.1420000171661382	58.49399993896484	68.95200007021428
0.26400000572204657	60.913999982178225	71.8840002775192
0.7440000724792464	60.15399995207789	71.79200022578237
0.25999999046325833	64.0100002717972	76.88000016689305
2.3000000476837146	61.69600004672998	76.92399987697598
0.8040000534057604	78.99399991750707	75.58000000715258
1.543999929428101	61.81399988174435	64.86999990075824
4.227999954223631	68.37999994277949	76.84799987316131
7.048000049591064	62.41600007414819	68.65199984192841
1.5980000877380367	64.20599987983702	74.98800036907197
0.5900000476837178	63.809999951124205	83.7660000419617
4.392000141143797	75.76599984884264	72.13600005567075
2.0240001392364495	58.60000000238424	70.25000011920926
-0.16199994087219363	66.11599989011886	94.7259998321534
0.9620001220703144	85.63200012251743	86.5299995160103
-0.9240001010894763	61.92799993038175	67.16200000286105
0.3020000553131117	61.8840001821518	63.54599997997284
3.9619999504089343	63.25600000768904	80.58399986982346
2.551999979019165	58.37599994242194	78.95399980425826
1.1779999065399152	63.58799968391657	76.90399982690805
4.965999908447266	64.7340000939369	68.42200012385847
11.146000118255625	57.299999890327435	71.21999975919718
1.1440000438690172	65.19999999523166	66.2380000686646
32.582000188827514	139.24999966800186	79.06800000846384
1.1760000514984128	86.82599989086383	78.21199976921083
1.6260000038146953	63.94999978303909	74.87999998569484
2.3599999904632596	59.982000272274036	72.14000006675722
0.008000116348266938	59.61999999240046	65.02600025653834
-0.28399993896484527	59.78200020790102	68.52400005295874
12.877999982833867	73.09400012731552	69.96799992203714
1.1279999351501453	124.41999950185419	79.09599983215334
20.579999990463246	61.96799996614456	68.81399975299834
2.0140000915527345	57.862000259161015	71.98799991697071
16.70999994277953	62.30200007438661	76.30999997138974
0.23400001525879038	60.65799979329109	68.84999985575678
-0.17599985122680492	58.60000002443787	67.48400026202204
8.526000118255606	60.24400007605555	69.13800008773799
1.277999992370605	57.96199996232987	81.15600017398603
5.160000019073489	71.33799956321721	76.73599989980458
11.47400013923645	60.49999999344348	71.80800025701522
1.0459999465942396	74.92800029516211	81.23800017893316
0.2080001068115229	59.29199972391133	80.50400030374526
3.2379999732971174	56.411999825239164	75.3060001286863
0.3420000171661384	60.532000107765235	81.93199987024076
0.245999898910522	63.512000043392185	67.66599997520446
1.783999948501586	60.58000005394224	72.84200017094606
4.771999902725223	61.56599996089933	75.11199988365176
0.2240000057220452	57.40599977254866	61.82199995040895
0.3640000343322745	65.25799993515014	65.3479999613762
11.499999961853039	80.79400037676098	69.37600016593935
0.08399994850158689	59.333999988138665	61.66400009155274
1.6740000247955305	60.282000124454534	66.45799974441532
0.007999992370604073	60.46600010961298	69.2079998636246
15.604000101089468	61.44400001287457	69.106000122875
8.543999853134164	61.31200014829636	107.51600054025653
3.7219999980926533	79.51799992322918	227.25199945524318
5.495999946594238	65.98199995040892	70.72399993896478
0.142000074386598	69.5559998488426	61.18000005960459
2.364000024795533	70.2740001773834	84.75800008296966
0.35799997329711797	60.413999891281115	67.13800000190732
14.437999892234814	65.86599986359475	75.52600018024447
0.04000009536743339	62.11999987661838	84.12000011891121
3.014000091552735	62.26799999713901	75.82199995517732
74.70999975681305	61.34200006961819	71.95999992653726
4.688000020980837	68.04600033283232	70.14600020885467
2.3680000114440882	85.67999987721447	68.46799972057335
-0.5400000667572034	60.957999858856205	70.22400045931334
2.3040000152587887	73.61000018119813	62.91600000798703
1.7020000076293953	59.08000004366042	71.6560000514984
4.413999996185304	73.16799996972081	81.01799995422368
1.2680000305175778	71.22800024032588	65.29400013446806
0.16999987602233768	73.52600004673006	79.62200026988978
7.3999999904632565	64.67399996086958	87.09800011157985
-0.529999971389772	62.80000000000001	66.45799995422364
7.1200001239776585	67.8220001268387	70.50599993705745
3.5260000610351554	73.35400040507317	68.17399997472764
0.1659999942779524	73.45199985265737	96.0440000057221
1.466000041961669	61.176000150442164	76.70999963596459
2.0659999752044684	61.93000019311901	70.95400010108939
6.453999919891361	56.68400012806062	69.39599996209144
0.642000131607057	66.49600018709896	72.74600000381471
5.231999940872189	71.469999704808	68.45600002169614
-0.022000150680541605	58.122000252008355	77.6639997076988
3.248000040054319	64.30200000762932	71.34600005343562
4.3199999618530285	66.97599980354308	74.32199989795681
-0.10399994850158796	58.41999997019768	74.9079999695719
4.728000049591063	68.0279999107122	73.20600008249282
19.817999887466442	89.95799943208698	71.22800002574924
4.817999982833862	79.45800019741057	94.09399989336721
0.5100000095367433	62.921999990940066	66.03400010347366
1.3740000152587863	76.68799997806546	74.48800017356872
4.277999982833858	62.43000027656551	72.20799986839296
1.685999879837037	61.678000020980825	68.39999994277959
3.541999998092651	57.56199996232984	66.17999989986414
2.0039998149871834	73.41599997878076	66.21599978029728
5.905999975204475	65.64000015616415	70.00799990177157
13.277999773025517	55.710000028610224	66.60399972796439
2.7100001430511482	70.69999986484649	64.66600002288817
0.5380001354217527	68.92800007224086	73.52200019061567
4.380000000000001	61.3360002374649	68.5379998874664
1.2620001792907731	62.99799988269809	68.50199989080431
4.463999910354613	61.09399995237594	68.78399999141695
0.9160000514984129	80.41599990010256	80.33800014495846
0.37400011062622013	82.99000005126003	116.13400029420848
1.735999898910523	64.78200010657304	66.65999995470041
2.348000001907349	68.96599993824957	78.52200003266333
0.9199999713897726	66.0180001056194	97.89999997824437
0.6760000133514388	63.76400002002715	68.36200008690349
3.4179999637603804	94.71999997138978	70.04800006866456
0.6180000591278088	63.364000163078316	93.1660001444817
1.3200000572204584	64.84999998211855	74.74600016593921
0.7500000572204585	78.4079996661842	102.025999650359
0.533999938964844	68.83999986410137	122.8400008638203
1.9040001487731928	157.91599883258323	78.5859999155998
0.5820000171661392	65.27800004005428	71.69200016975414
7.784000120162966	64.60000008851287	73.89799978256227
2.7700000000000005	75.2819998562336	69.81399994373328
-0.6279999637603776	70.39999994754781	61.25599989891049
2.2960000991821303	58.550000056028345	77.19200007960201
0.8580000019073489	60.15799983620642	75.86000014305118
4.183999958038332	62.65199985727664	84.81400005817406
7.0000000286102315	71.70200022250413	77.62799981594083
4.758000173568723	63.03000006109474	69.39600009441374
6.9060000133514405	81.95400036305185	87.53600025802866
11.26599998474122	61.786000002622515	68.33400022983547
3.069999885559082	75.82799976259474	82.34600000381461
1.2700000095367423	65.65199989914896	67.18800013780593
3.6819999885559085	77.98799993753435	73.36200019359586
1.2100000000000015	58.792000055313096	73.08800018936395
2.5119998550415046	62.926000163555116	69.14000009536743
-0.34400000572204664	70.85999970555304	81.11199994474656
3.2040002059936503	78.87200015127657	67.39000008642668
-0.17399996757507288	59.718000113367985	102.86199999213221
8.911999883651733	68.30599994063373	104.79199987888335
-0.7879998397827142	58.331999934613705	103.70999953031539
20.267999897003207	99.53200078696021	68.40600006580352
116.5139996051788	66.10600000947709	71.3139998579025
1.4739999580383285	60.61199990510942	70.65600008010864
2.054000053405765	70.67599995881325	84.32799965217703
0.38199991226196117	64.01000005006793	66.30000010848042
9.386000041961674	68.93799990773192	66.6019999456405
2.659999961853029	59.49599992662667	74.84599980950357
193.97399859905244	67.9460001087189	96.64999988466501
9.841999998092646	62.652000063657745	69.17200014948838
11.711999835968026	66.61400001764292	75.1239997673034
3.004000005722047	59.80000006020071	78.94200005054466
12.271999902725225	61.59800000250332	65.28400002956387
0.12000007629394442	64.24800021052363	98.23000008940697
0.9500000095367435	62.386000018119795	69.00000019192697
7.711999921798709	66.34599998950961	70.47399995803836
2.947999954223632	61.73599996089934	67.9739999651909
0.39799994468689	67.50200021386145	63.27799994945526
0.4300000953674325	66.31199990987778	83.51999978303915
5.133999986648559	69.6879994907975	67.1939999103546
5.894000272750852	76.61399973869322	96.12199995711451
0.021999912261963062	61.85199991703035	71.4039999914169
77.7079989103973	85.91399949014193	68.56600002288828
2.7819999885559072	82.03600007951256	70.78000005245201
1.5480000305175785	72.82400002807378	70.16199985027312
1.8879999923706041	77.14400019168848	75.69600011348723
2.6139999008178725	76.06199997454884	74.42400008678435
5.413999900817871	56.720000105500176	69.49400007247925
1.020000200271607	68.31200013309716	91.1980001068115
5.958000020980835	76.58999998331066	89.19199997425079
0.13600005149841354	59.61399985313415	84.41200001955039
2.1860000133514417	66.00599992290132	69.67399974822997
12.977999849319469	93.18999968886386	107.33599989742041
2.760000076293943	59.23199997901916	72.19600018501285
0.9859999561309809	106.30000057503578	67.08000012516973
1.4779999923706066	76.27800014823681	72.0940000104904
61.63199950218198	58.54999997183679	74.49999980449671
1.361999902725218	64.11199980378147	77.53800005555155
1.3880000400543204	60.023999807387575	75.76800024628635
1.7840000247955314	66.349999909401	68.98200001955026
41.79599979877474	63.044000004976986	71.37600001335151
12.730000009536749	57.399999871253925	85.24399984359738
0.6899999999999996	62.40600014299153	75.91799991607665
5.285999822616576	78.36200033664694	66.75000001430513
0.3000001144409171	57.61399992167951	66.9039999270439
0.9980000305175789	67.5679999876022	77.2320001935959
22.635999908447275	123.9740003079177	83.98799997955555
0.5560000610351571	78.88199973702434	63.933999947309474
7.26000012397766	95.16999998688702	74.66600002288818
2.66399998664856	67.06399985551836	72.16000023841858
1.306000051498412	64.84799990057947	70.64599990367884
4.539999971389773	62.2040000581741	87.40999980419876
0.5760000324249279	60.33200016498564	68.20600021362308
0.4559999847412108	64.30600000187755	97.33200002670281
0.6860000324249279	64.61000002145765	67.95600004196159
5.201999998092651	65.68400012344121	71.37800013780594
11.095999975204466	61.75400014474992	71.54800002485513
0.49400005340576253	70.28600013017653	70.85600014686582
5.567999954223636	75.52200015664091	73.94199983596799
-0.25199995040893547	78.12999990314243	101.33399970918907
0.1860000419616713	63.671999820768804	103.09399955391883
1.081999988555908	63.35200020074843	76.91400013446805
0.47199999809265253	62.14999995470046	72.13000010013579
0.8540000724792485	70.20800000891096	67.28399992465967
9.854000062942507	88.07400009751314	74.27999989986417
-1.620000076293943	56.771999695301005	68.42599992752069
5.413999900817871	59.3960000157356	67.51400003910064
1.1640000247955316	68.83399976730344	64.43200001478192
0.7859999179840099	61.97400014162059	69.05799993991853
0.5859999561309798	64.4619999814033	72.41399986505509
5.384000148773195	64.49399979263542	74.17599998474115
2.871999959945678	63.577999822497404	67.07400005340583
27.114000186920173	62.462000193595905	66.44800005912779
-0.5940000724792487	67.46400001406668	114.4259997093677
0.9819999790191637	65.70599977821114	76.8699999958277
1.052000026702883	62.881999987363734	66.95799993753434
0.4860000133514415	61.562000156641	90.68800020009276
0.27000001907348553	68.28400029659272	73.84800036013124
2.9800000381469727	62.325999878644886	72.30000014781956
0.9920000076293937	68.91799999758595	89.74000057578097
1.6059999370574964	64.32799998283384	68.63199979305273
1.768000087738038	71.0839999192954	73.36400002241129
-0.15600006103515768	64.55600016117094	65.80200009226795
0.700000038146973	65.52799995541568	66.52600005626677
19.935999736785885	72.00399995803832	71.42600026130671
2.12199993133545	72.764000222683	69.42600016355517
8.584000005722045	106.00199928566819	69.61800022125243
62.06399982452393	74.48000023603434	70.65400014340875
3.4680000305175787	66.79000043705106	68.14799990415574
9.841999912261965	62.96999980643394	68.82000000000002
1.3640000629425046	71.87999983429903	88.06999998062852
34.0779999828339	65.81199995949862	64.26599998950957
0.8700000381469712	58.92400010824205	83.86400032922627
1.6739998912811285	65.67599997520452	96.74799959659579
-0.16000008583068842	65.94200023412706	69.71600025892258
0.3580000495910653	61.787999837398495	73.19200008392343
1.7620000362396269	66.24000022366646	66.76400001287456
0.7720001029968265	84.70200010299669	72.71199992656713
1.5259998893737776	60.0059997797012	91.22599978730076
0.9139999961853034	66.30600016713136	74.3380001592636
0.4180000305175795	61.24199986815458	66.30199998378752
8.208000230789184	60.558000097274764	70.76199997246275
1.4979999542236313	60.74399992406371	71.77200007289652
5.439999999999997	57.67799981877204	88.01399994373325
5.426000003814699	69.2839999198914	69.24399984359748
1.5419999217987055	66.39399988651273	69.20800002574919
3.1519999980926525	67.18000008583064	71.72999970436092
1.1840001296997062	64.16399993777272	93.524000146389
2.00399998664856	62.74999997884038	71.69200013324608
6.925999984741209	62.85000020891427	68.66799989700316
6.167999982833866	74.81000013947494	65.38200011089438
-0.029999914169312074	56.88999995440248	70.27999990463256
1.726000032424926	60.00000009775163	65.62400012448427
-0.122000064849854	66.98799983710056	64.82599993228915
38.70999980926514	58.2699999141693	76.44599977016442
0.6039999294281017	67.78999983549114	93.36799972414967
1.950000104904176	67.22399999141685	65.76000036239624
7.844000148773195	60.45199983835221	72.02599992424254
1.1900000095367427	64.69599991798397	94.98999983191487
0.4159998416900632	66.51200000882147	65.58800012350082
14.486000032424942	61.93799982145425	70.62600011348725
1.157999877929686	83.37200022846464	74.54800004839889
0.665999965667724	68.26000018417827	67.1020000314712
15.104000062942513	70.87600011348724	74.13800027847286
0.19400003433227705	68.44599992230532	65.10800013661391
1.6519999885559078	71.36000037074089	79.65399963527916
10.81599989891052	64.52999981164928	84.13600011587148
2.97000011444092	83.9900001811981	66.88399998843664
2.403999958038329	57.50999995529647	110.60000006124369
3.401999902725218	64.24599999308585	76.86599996224058
0.2480001163482649	65.35199991583823	78.10800016880034
1.4080000400543236	60.404000172615035	65.31400006055833
5.122000007629391	57.24000004053115	83.900000038147
175.4739990544318	60.04400007247921	65.07599993228906
5.971999998092656	62.824000107794966	73.69599978953606
0.5240000057220455	58.85400000691412	69.15399985313421
0.20000010490417564	63.828000050783075	66.8959999370575
2.204000005722045	61.79800016403191	73.66599983215333
6.184000034332272	67.96399998664859	74.48000015020374
1.6600001716613768	63.38400020241737	72.64399979591369
0.4180000114440907	65.37799969077108	70.86999999999996
1.2719999217987061	59.884000024795554	72.93399996757505
0.6060000038146987	62.55799982786181	72.19800008535395
0.7160000324249254	62.52799997135994	67.08599989891053
6.2799999237060575	65.14000020027163	80.98999948978425
1.2799999904632549	63.1440000271797	78.62200001716617
0.7259998607635502	60.33200013160702	63.98200007915494
0.8179999542236334	72.12800014972682	78.41000002622607
-0.7319999599456783	59.357999881804005	66.42399984598156
2.388000001907347	68.3000001370906	86.20999993517987
2.0640000915527326	59.631999746561	77.3920004229248
0.7800000095367422	62.91200007438657	67.44199973583216
0.6020001220703127	66.6019999349117	68.07800024747844
1.6320001029968274	76.11199980407955	77.3879999303818
3.6340001296997086	76.87000024139888	77.56200021564963
9.282000122070315	64.7660000371933	69.5619998621941
3.2680000019073505	62.99200022935866	66.53800013542173
1.1600000572204594	70.39800039529807	94.965999865532
-0.3839999675750744	59.28399997234344	75.68000020265576
-15.542000341415411	59.13200014233591	74.02600008010873
3.2980000972747847	69.53800022363653	74.58399982452399
2.215999994277957	67.2299997329712	82.20399977207184
-0.3360000419616704	58.601999981403296	65.14599981307985
1.4199999904632554	59.64600005626683	69.69000013351436
14.856000223159798	70.34399991154669	66.71000011920927
0.6200000572204609	67.45200024127959	79.57200037479397
1.3059999656677246	66.43599976211789	66.37200003623956
1.5020000362396246	71.382000414133	73.07600006014108
3.4280000114440914	93.04400012969974	84.82000020027162
55.700000019073464	74.09199983417983	79.12599998474113
4.797999992370605	63.51599997237325	66.69800008341664
2.0239999580383294	59.52400006771086	69.7119999790192
0.44599996566772276	77.50799953535201	70.67800006031996
10.402000141143812	63.30199992656706	68.59599998980761
15.858000164031978	71.27600010067228	83.70799977540962
2.1479999446868883	65.03399990081783	68.31199991226191
0.374000062942505	76.32799982950094	75.18000019997352
-0.17799987792968888	57.77799993127581	67.96400004148488
2.853999967575071	87.94400042131538	74.47399999618527
65.99799986839291	61.23799994856118	74.04800003647797
-0.09799999237060555	65.11399987518787	95.0720001584292
0.20800002098083492	59.99600004613401	69.92000017166134
0.35200004577636557	65.49600002378224	64.5040000104904
2.9440001392364485	67.36399982511995	81.58200060844416
4.390000076293943	68.01000008106224	71.80000007629401
4.014000082015989	59.31200006008149	71.14000014662743
2.831999950408939	85.46000023528941	74.35200016498563
0.11800002098083642	59.066000029444716	71.97200009465223
1.6860000801086443	63.925999984741225	77.75600005358451
33.02200000762942	64.63000008940696	85.46600003108372
-0.17600008964538694	60.38200003311039	74.19199986845256
-0.5479997539520248	59.57599982261657	73.1240003061294
0.8299999999999985	58.858000176548906	73.45399991035463
1.9320000076293937	62.55199998900289	70.2280001449584
5.402000093460084	79.65600031182176	69.31800015091895
0.2980001544952382	64.35200026035308	85.79799998551599
0.03799995422363221	67.37000006914143	67.8360000181198
2.995999908447265	62.40999994039534	65.23200006604192
0.890000038146973	69.51199993640182	81.01800026565782
0.981999940872192	92.02400007188315	69.99799997627731
1.384000015258789	81.85599987030032	106.12399978309871
34.111999926567115	76.80600003719336	134.7200006227195
3.807999906539918	71.8040000189841	74.04599969506259
0.06999999999999884	64.74399978518487	75.4099997797609
49.45199976444245	64.11200004458422	71.55000008702281
1.177999973297118	61.96799985885621	84.1600002110005
4.590000057220457	65.351999989748	68.9180000877381
5.197999944686889	61.110000015497214	67.06799986600869
1.6660000324249278	68.8000000460446	71.4419999706745
1.7480000114440912	63.26199986651539	89.74400017738347
0.26399997711181683	58.592000122070345	64.15999999999997
1.3760000896453854	61.85799985334273	86.19200002580872
0.5940000343322741	56.00399993374941	69.36599995374677
0.8459999561309819	83.25799957513807	71.01600007772448
9.05200005531312	63.304000035524325	75.61999980330457
16.31800019264222	81.14799992412325	66.69800014659756
7.829999990463256	65.69199999332429	66.96199997901911
2.964000072479247	63.86399992421264	70.55199986040589
0.748000001907348	61.746000235676796	69.5519995355606
2.0359999465942358	60.54400023221965	78.71400017768146
0.41199997901916613	69.87000012457376	68.25000004053116
6.943999938964842	68.5620000755787	78.91400034308438
0.49799983978271595	60.18000003337863	94.71399988234054
0.46400005340576306	61.38200009226796	69.45800031900409
5.893999929428096	62.379999945312726	70.2839996051788
1.020000076293945	63.00999988675118	76.1200002174079
1.5799998664855945	61.84799999594683	91.96199978351594
25.542000226974483	84.47200024127947	92.92200050830847
5.167999992370601	68.12599972307686	73.1919999742508
-0.3239999485015869	62.119999922513955	74.21200014829641
1.7959998893737765	82.7920002815127	67.87400004386902
-0.20600006103515606	60.89800010442734	73.92800004005436
1.136000080108643	62.46799988985062	115.04799970149996
0.4499999809265124	60.414000147581135	71.07600021123883
0.055999984741210804	65.65399977207183	88.66400003910054
0.23599996566772355	63.84599997520452	74.76200024008756
2.2740000343322766	65.32800002574923	98.79000010371213
0.7840001106262227	53.057999961972236	69.46000010699024
18.133999967575086	66.47999995470045	71.12600018739698
0.5619999694824218	66.26200008869169	82.24400029420843
4.048000020980835	61.75000013560059	69.18599998950944
0.11600000381469555	64.32200012445446	67.94399997055521
-0.0419999027252185	60.387999977171404	75.2960001802444
4.298000040054316	63.30800014019013	69.67600012987853
-1.1100000190734856	63.129999823570245	76.83000025272372
0.6720001029968241	62.92399986267091	75.08999996274707
2.970000095367433	67.90800006464129	68.21999979019165
11.754000082015997	66.97799990653994	69.26800007820128
10.127999811172478	64.26800001382826	69.662000156641
4.030000019073491	59.490000063180894	70.17799995422364
1.4239999485015853	66.73000008940699	76.48799986839292
1.878000001907348	60.00600001215933	72.94999999523164
1.4419999694824215	67.08799990832802	75.3040000128746
2.5999998378753664	71.42999981641776	75.7700000834464
2.6460000896453866	67.48199986219407	69.82800006151197
0.5579999923706044	63.8439998631179	66.51400008678436
2.9460000324249282	126.89000076085335	69.78200011193752
110.06199970722201	66.00199983060362	109.80199998810886
5.909999961853033	59.111999925374995	74.76200003147117
0.34000000000000097	68.56000023961064	71.46200006246566
18.33600013732913	61.972000105679044	98.68800039961944
0.8180000209808334	62.80600005626683	77.68199982643132
5.472000112533571	55.6340000414848	70.1380000209808
25.55000022888183	61.96400007545948	73.62200016617773
12.42599987030028	66.25200010418895	68.99199987173081
2.6419999408721897	67.28600009441365	76.8579999303818
0.04800000190734932	57.83599978089333	71.80199995517731
0.7860000038146969	66.39800015211108	77.10999993175268
10.35000000953675	59.54399992153051	86.45000025093564
1.9880000400543227	64.16800010204311	70.52799984693529
1.1619999885559085	77.38200004100798	94.52399989992381
2.700000047683716	59.82000015735624	87.06400001481171
0.2580000019073483	64.27400000691412	68.29199999138709
6.288000211715698	75.40600002124901	67.5719997215271
2.256000041961668	137.37200005501487	162.68000024318695
2.8199999809265144	77.13600018382067	66.58399989128114
1.4940000343322757	63.81800008058543	72.99200003862377
9.371999912261977	59.220000276565514	68.85400012493136
0.681999912261964	79.80400028228765	89.6159998100997
2.675999965667724	59.261999959051586	69.88599999129775
0.8380000877380372	57.248000056743635	65.16399994850164
1.1000000762939457	60.0060001564026	84.14600007176409
2.0760000228881808	61.90000000953676	69.35800004765386
1.321999969482422	71.26799997568129	82.91600004732615
0.37399993896484307	67.60600028783081	72.15800035476687
1.9480000209808368	68.74600000202653	66.46800017356877
6.248000040054316	60.29400007367131	65.22799983024598
1.191999759674072	59.004000163078274	98.5439998555183
2.5220000457763647	73.89600025534624	69.61599988341332
1.3960000514984157	68.01599996328355	77.92000017166133
1.5639999771118152	117.62000006943943	68.86600015163421
0.9659999942779522	69.16999958217141	71.83800013542172
1.6639999866485593	63.94600004673003	78.72799990177153
0.057999963760376465	67.17199997752903	66.7020001411438
17.57799993515012	137.58999955862757	75.99600001245736
0.018000087738038163	57.369999985694925	76.49400027185678
-0.2179999160766621	60.51800001770253	69.96399985790251
0.18799993515014485	65.18400002241133	89.0440001761913
2.7019998931884777	68.3620003151894	68.11600005149845
18.08399968862534	61.31600009918215	67.19600008010863
3.011999931335447	68.57999997243279	77.66200046420101
-0.9480000495910634	57.98799998223776	111.68199969649301
-0.28799995422363284	64.07400020316241	71.18800011634835
0.25000020980835125	64.86399995088574	70.2000001358986
1.6160000705719004	67.93800007730724	68.93200014352801
2.1500000095367438	61.35000009953985	67.74599982976909
1.3299999427795424	113.97799962997443	80.17000000834462
1.6140000057220476	79.09999997377392	64.88800006151196
-0.06600005149841312	74.18000017449255	89.89400006413447
0.6439999485015857	60.72199995681639	70.80999978542336
1.286000080108642	61.9920000076294	77.4440000903606
2.2619999408721916	63.32800012156368	69.02600024223322
-0.10199996948242247	66.46199992299077	69.29199975013736
9.662000007629393	63.44200019180771	65.18400001525877
8.200000114440913	58.71399989604949	72.99799994468692
0.4260000038146959	62.927999997138954	70.98400013446806
0.9359999275207517	61.19800019264217	72.5480001401901
9.124000024795526	60.681999971866574	67.22800001859666
3.057999992370608	61.41999999999996	89.34399976849548
3.1060000419616705	68.58399966239924	70.96199990987775
25.246000127792378	65.04799993038175	93.5319996976853
27.525999860763545	60.386000093221675	66.0280001187324
1.6159999561309806	62.0400001116097	66.43199980616565
0.07599996566772443	62.82799995899202	72.62199998378752
2.0480000686645488	59.36000014245504	66.19199992179868
5.504000205993658	63.85000007152554	79.58599988937381
9.73200009346008	69.65000024080274	74.31799983829258
6.381999959945676	62.04599982321263	70.80600015357139
1.149999914169313	61.34400000572204	79.95799973011016
0.5100001907348631	62.52999988272779	69.77000015735631
0.40799997329712095	62.52399982914325	73.2359998351335
-0.32000003814697203	69.49000036358834	70.48599993467329
0.4760000038146965	59.977999929189714	83.16200021266947
10.229999990463256	58.42799978017807	67.65400011599058
6.586000041961672	66.13199999213217	64.70399998188016
16.19199997901918	89.5920003339648	71.23400001049039
-0.2159998798370357	65.97400019168855	70.05199984371653
1.174000015258788	64.51999996423716	70.8560000467301
4.039999895095828	63.18600007295602	124.1580004385114
0.1300000000000015	72.64999973058694	136.56999928891653
3.413999967575073	69.40599997043606	103.0100006470085
4.18999988555908	64.21600010395045	71.52799989700314
2.761999845504759	63.30200005292889	69.1740000486374
2.1680000591278077	61.005999839901904	80.04799976348872
1.1440000152587881	62.29200000524519	64.05600008368496
1.545999927520752	63.09600007206201	72.41799979597333
18.426000280380254	65.45599988639357	69.83000017523764
0.004000072479247973	62.46800014197828	70.64599992752079
-0.5519999694824226	72.58000026419761	71.74599976062777
1.2300000190734863	84.62800013229243	72.62599993497132
11.993999958038334	58.809999931305626	74.6020002898575
0.5179999351501453	78.44399969846013	78.13599954962734
1.8100000858306897	100.19600025847555	71.52999994754792
0.561999950408935	61.729999852180484	72.65999991893773
27.430000104904156	66.67599997639655	68.08800013065334
3.3779999351501475	59.722000034004424	78.54600025415412
0.7239999961853026	61.9520000398159	64.2200000119209
0.864000129699707	65.62199950933453	72.59399994969365
3.7899998950958294	66.7480001783371	69.89999998524785
0.14800002098083384	67.04800001859667	76.7100000286102
2.6759999847412104	62.644000209122886	74.56000024914742
2.8300000476837166	59.2499998906255	88.4640002262592
2.9780000686645485	69.70600009366873	80.13599997997287
2.13000008583069	93.0159996795656	76.22999996185303
0.26400005340576166	60.836000145673744	68.68400005817409
3.3500000858306875	64.91800008773805	70.78199998855592
6.818000030517577	57.587999852895756	75.0520000213385
11.212000045776358	61.679999825954454	65.90399991989132
10.95399991989136	57.03400004863739	72.03600016593926
0.6959998607635495	59.31600009441379	89.51199999168514
12.8699999809265	65.11399998188018	71.69600000143056
-0.24999996185302914	57.90800007998939	70.2779998660088
1.4239999961853034	67.51799997210507	70.70200000286096
1.460000038146972	65.52399999141691	70.71399995565409
-0.33800012588501144	73.79600007742646	65.10999987602231
0.8439999866485608	63.658000283241265	74.78199980020518
2.8280001163482664	79.45599987268446	109.11799974352127
4.5940000820159845	64.2460000091791	67.81999997615812
-0.6159999847412103	67.42200010776509	74.35999994501472
0.5619999790191644	59.9040000152588	64.13200012207032
1.9119999408721895	124.21599983260037	69.60399987816804
2.972000007629396	62.01600017309188	67.18000005483627
1.1379999446868907	60.39400005429981	96.85800000905992
-0.7319998455047624	66.50399993896487	69.95200002193451
10.79599990844727	63.83799990892417	100.09000044047838
0.3839999485015861	83.81600019901995	90.1200004279614
1.0220001411437991	60.93400004386903	67.8679998421669
0.604000091552736	70.82400017261502	78.62000010490418
0.3620001220703132	64.80199997186665	72.2360002493859
0.08400003433227524	65.34999991178509	78.09199975490569
0.5380000209808331	61.13199993997812	70.6520003080368
4.347999944686888	75.3500001049041	68.8240001821518
1.3740000534057615	62.22000005722043	69.57599981307982
1.3059999656677261	67.68000009894367	67.6600000572205
4.304000082015995	69.71400009632109	70.15000016212461
0.030000009536743928	69.95000022411344	69.8879999694228
1.9300000476837138	60.14000014185903	66.2120000648498
0.14399997711181534	64.45799981951711	68.78600002288817
2.298000040054323	63.549999847412025	73.7499996978044
5.196000080108645	60.039999914169286	68.89599989414208
2.5679999446868895	65.63799998670812	71.68400002717976
4.633999986648561	65.96399985134599	95.78599972069262
13.51600001335145	60.515999926328654	64.47000004053118
0.683999996185302	73.59000012874611	66.58999971151349
0.8940001201629623	71.40600005984308	64.97799976304181
1.6719999217987058	63.23200000047684	69.43199990540745
5.239999876022337	60.649999863654415	78.14400016590956
2.1300000000000012	62.67399981260301	69.80399997711176
4.218000020980839	87.4659998226166	203.34600003033842
1.9800001239776632	83.88999998643999	109.07200083434599
-0.24799987792968783	64.35200004339217	70.34400001287462
15.856000080108634	65.92600040316582	74.79200015068054
16.330000123977666	72.61399980783466	66.01599995374679
15.490000047683713	80.98399976134291	71.58400018930435
1.3400000286102296	80.69999985933296	71.96800001502042
14.00999980926514	59.661999826431256	71.70800020962952
7.555999975204476	81.68199976980672	68.78000005200514
0.5860001182556155	60.311999881267525	78.8360002040863
1.5740000247955324	66.6879999709129	67.10800010770556
-1.0839999294281002	60.74199993848797	66.12599992752074
6.602000122070314	61.25800003528588	68.50200022220608
-0.44199993133544746	82.07399987697598	73.7059998464584
0.5639999103546157	66.073999966383	70.6959998595715
-0.11199984550476215	61.256000037193324	69.10399994134909
7.029999971389769	69.61400033950808	69.23399984717368
2.3180000019073472	79.96199954152104	73.27200016975398
2.8980000209808394	68.2560001277923	70.95199976921076
2.22799988746643	71.66800013035532	71.08400013566015
0.710000047683715	58.83400017783044	76.18200026988985
1.7940000247955323	60.56199999809266	82.510000038147
4.1400000095367435	63.10200008153915	84.69799988552927
