2.3299998855590833	123.62800012826924	103.71599997043607
90.83800063133233	114.07600023448462	103.59200005054484
6.760000028610227	124.64199998453248	110.9519999933242
2.1559998893737795	136.91999950394012	101.57800011634822
4.478000049591065	125.4919999511539	100.84799994468686
-2.406000070571902	151.11399964854118	104.65000003337855
7.699999999999998	119.42000016614783	105.50799966573726
6.287999973297118	116.87999974191209	109.7480001449584
1.7099997138977037	123.87600008472802	101.04000006556517
2.5679999351501457	104.16399998992671	120.0759996564687
4.111999988555909	95.11399963095786	99.97799990296359
0.18400006294250623	122.87400024339561	108.33399993896491
21.5200001335144	124.71200055897245	107.18200014591216
12.844000158309933	121.08999987393618	105.02000017166137
60.11199988365178	117.39799997329715	104.93800013065332
13.034000110626225	147.25999990984783	108.39200018882754
18.889999771118166	99.9419996958972	106.5799999523162
0.8499999713897712	155.88799996614458	131.0960005235673
0.6839999866485605	122.44200024530289	105.47400005817403
-0.023999991416932112	122.41800037384036	117.24600007653227
74.39999975204464	158.1060001717509	142.62799974203094
13.11599996566773	104.31600003600124	104.5459997534752
233.9279988765717	121.18599983930595	103.68800010681157
28.462000074386587	128.49999975085262	108.37000011116272
71.30399950027464	119.40199942469593	105.67599993526935
15.028000125885006	127.6900000558794	105.42600009202955
28.778000049591075	132.51800015032282	108.12600020408635
64.38200001716615	119.6359997601807	109.8479999876023
62.26399994373319	108.38800020217889	102.35200005531303
26.905999755859348	164.3679997712371	103.53400018215173
0.039999876022339745	111.63200020909312	107.12800022602086
141.5500002288819	134.68800021886818	121.69799975872034
21.9179999923706	193.4119994387028	104.84400005340578
14.084000062942513	114.94999981641763	101.01000007152555
3.9079998683929422	238.09799900084693	121.90600050330161
4.970000028610224	128.16599978923796	105.44400019645686
5.414000043869021	132.84199971914293	110.210000295639
10.776000013351444	118.10399981975543	108.67400012493124
10.091999826431273	111.71599987179033	106.29600006699562
87.41400003433229	96.83399978041635	87.55800016880033
2.13200002670288	132.88800013422966	113.82000016689302
62.219999952316286	111.42800022378569	102.57999991685159
5.137999839782714	131.34199950933456	109.84199983119986
9.420000000000002	107.27999983191488	107.9900004315376
93.63000029087067	78.23200015515089	88.5280003404616
20.956000013351446	133.00600016474726	107.5800001358985
129.55799976348877	174.1480001872778	206.2240000596641
18.60400003433229	115.33400002121913	101.45000020027159
15.050000047683714	127.26199969664215	102.32200011730195
0.7100000000000012	160.72000034838914	101.99600002765649
0.5799999332427972	110.90800030946733	141.53599926233284
14.642000112533575	107.95399980306621	100.56200006052853
100.36799977302556	112.0400005824864	106.87399986937648
24.5079999446869	126.73200012236823	109.77000012397765
1.9479999160766606	112.272000055313	109.49400014400483
7.016000185012815	114.18400018453585	109.2180002498626
66.69799997329714	213.00599834412324	149.44400039196003
48.779999713897716	117.4679997110367	102.56800004005441
41.279999866485596	118.55400039717574	102.84199988365177
-0.4840000629425072	146.57400006935006	156.71200057983404
139.12000081062317	112.07200008198603	101.55600007534022
8.64999994277954	125.8199997329712	112.27199991822236
-0.7599999284744245	159.853999711275	117.1679999172687
-1.2819999885559068	117.97399983882899	102.27799998760216
53.4640001106262	116.57400000452999	105.82000018775462
6.565999946594243	118.00800010919573	106.75800015926359
32.33800004959108	119.94200000256295	110.77600011825558
13.314000005722034	120.29199986472727	102.71599993824968
264.9500003910064	188.1859997391702	152.0159993588926
9.432000026702875	116.01600000679487	106.865999827385
0.27999990463256935	143.96200034335257	122.57800032615665
1.0179999732971192	166.30799996256832	106.57400021553039
-2.4199997425079327	147.21599987834676	118.19599978685386
2.2640000343322795	115.2099999272824	113.11799991130832
-3.457999877929688	94.64599997043614	110.24000017166135
-0.25600007057189944	114.86599964335555	111.15400012254712
107.55399976730342	115.92400005817403	101.14200017929092
16.662000007629384	109.96800030708316	104.06200013875961
23.230000057220465	111.1780002272128	99.96800006866461
68.17799970626831	126.47400055900208	112.46000017642966
31.3940001487732	128.20199969291693	108.85800001621244
-3.5280002307891873	113.79000004887577	104.40999996662144
34.0380000972748	118.95999977186317	122.86200021505356
66.377999753952	111.3740004472435	145.53200001537792
27.873999958038333	94.26000034287584	111.64000002861017
29.8380001926422	118.15399968862533	104.25200032234189
93.42600071907053	108.48200007200228	108.15400014877329
1.4939999961853039	167.99600026324399	201.38199868991973
-1.7219999599456794	115.83399994850171	102.63800000190737
3.824000043869019	115.59999959468838	103.32200007438648
1.7279999923706073	115.46400013998154	103.90999987602235
-4.048000025749208	125.72800017833703	104.47600006580353
123.15400012969977	110.62199984550487	101.6500001871585
42.69199998855589	134.88799959898	105.77999981164928
54.86199960708617	127.54199947550876	109.51000010252022
39.45200003623963	118.51799993515016	103.75399996757513
-7.919999990463254	102.97799989581111	106.1760000634194
12.65800003051757	131.0659998559951	105.41200005531307
24.073999824523938	108.15200037002573	107.8280003976822
5.440000171661376	106.28599986314772	108.4019999980927
0.8100000095367419	122.94399962365618	106.4119996851683
59.405999965667746	107.60000036716454	108.74600010156631
-1.8639999294280993	141.1119988256695	101.18600008487702
8.56000001907348	137.60399962320915	121.56399974584575
7.221999940872189	110.27599990844729	98.70400007009508
46.94599934577942	122.42000005960473	106.69799995422359
-2.435999965667722	122.8339997935295	102.87199985504155
153.2919997406006	109.01999981567258	127.49599972009665
1.18399995803833	149.65800010800353	111.29200001239776
109.52200074195865	112.19599980235097	104.4839999121427
0.939999885559083	97.45599996924403	116.98400004982948
-1.0680000114440953	119.76199983358374	104.07399994373323
1.5739999675750735	119.51599987745261	104.09799994349494
2.5000001001358028	132.1339998976887	102.7400001096726
10.42800007104874	111.19800015330311	104.58600000858303
6.493999862670897	113.85800017788998	115.25799985885618
-0.04799989700317395	132.5219999852776	114.37599989116198
63.06400012016297	116.762000131607	123.6260003322363
1.432000102996828	110.16400006175039	103.48200001478207
2.6380000209808334	161.6040002417564	114.48399999380136
15.38999995231628	119.3619996690751	114.54800014019011
4.466000061035152	112.76000021100042	159.90600095003845
5.52599964141846	162.9060002267358	132.4479999409615
66.50599994659417	118.17599962294099	109.11199966028322
17.501999893188465	114.60400002717965	108.36599997520457
14.325999808311458	122.51800001844762	115.46399980068215
2.3240001296997055	113.30800013303751	114.01600013971338
54.57799967765808	109.67599988937377	106.874000082016
1.0859999179840076	119.11799973487845	110.46199990272515
-0.7679999160766607	130.44399969935424	105.76200016021728
39.41999977111816	101.83999982297418	102.19600012242788
55.28400012016298	132.17799955174337	104.55800014495857
-2.2940000152587907	111.8340000890195	105.92600003123295
-0.4900000476837157	119.12000001758321	116.07799988269812
52.55599993705746	114.94399969697008	99.63400004386905
1.6179998207092272	112.3160000038146	113.21800010919569
2.0020001602172837	118.42399970933783	101.4559996843339
1.655999956130981	108.37999984771018	105.94600030899039
40.86599990844726	123.27799952208997	116.3220004224778
154.56200016975396	110.82800040006632	108.35399991512307
5.558000183105471	121.19800005897868	115.61400064706802
-0.6880001735687262	118.46600030153985	108.57600017547605
1.1339999198913557	109.1360001254081	106.54599981427192
1.1879998540878276	121.16400026410827	104.5279999446869
3.9240000820159917	133.11800026416776	119.22399999916531
61.27799976348878	132.09600020140405	125.52400051832196
57.943999977111844	172.00399971500025	115.14200006723412
54.065999698638926	114.37999962449078	106.34400012969978
22.94799991607668	124.25999977946287	102.51799991607663
0.6219997978210459	106.37999985456473	102.95000029087065
16.85799984931947	108.53199969351303	103.39199993491165
1.4999999237060528	121.88600011348713	108.01199980616562
3.4419999694824233	116.28999971672903	100.7180001223086
2.905999937057495	110.94599985003467	103.56200015306473
114.2239995670318	132.54000019356621	106.54999988466506
1.000000047683717	132.61800004124643	104.35800007045273
1.7560001373291028	140.25799999296657	119.04400030136121
5.816000127792359	125.32399974226954	129.61200005769734
0.525999851226805	116.24600002676245	123.09799995258453
1.4580002212524419	130.94800002336498	150.15400013163685
49.79399968147282	117.13400001287468	105.3419999051095
41.35400012016297	130.94600063085548	120.87599975585948
21.84400003433227	125.8340006148815	107.59199996471423
-0.33200007438659485	135.48200038060548	112.51199986457812
10.387999887466417	124.58000016212456	104.00400015354145
15.47000016212464	107.34000034689898	108.58599994420999
2.2920000076293943	111.37799991130815	111.77800033688538
21.094000463485724	119.90400014579289	105.306000199318
1.7039999961853032	181.75400008693336	106.8860002446174
146.9619995689391	137.58799968674776	105.11200010880837
8.404000177383418	113.06200013339522	109.92600004792207
1.3640000057220456	119.87399968147275	106.45800009012225
11.942000055313112	188.96999942749707	112.51400017619127
104.84199965476985	133.6159999811649	105.13000026226058
-1.7340002536773682	113.5300002622604	116.13800024271016
0.9400001525878926	119.03399982944126	107.73799988746637
5.039999952316285	112.27200019836437	104.32800020217888
-2.6620000648498543	143.28199958056206	122.11199983358378
55.16999986648563	111.99199956730001	106.75400022029868
34.65400010585785	114.9740003208815	104.9020002126693
-0.7859998607635509	112.21799991801375	121.06399981498713
35.455999984741226	130.0820000422	108.28200011014935
4.480000133514406	119.43199962615965	104.23399990797041
12.013999881744384	87.08800003767018	106.97800005912768
20.687999992370603	107.65200018405916	141.1579993407429
5.662000074386602	110.17200011536481	142.71400036931036
51.83599990844728	156.59799954906106	101.41800023555751
8.816000070571906	132.71000004649147	117.67400019168858
13.00399997711181	120.24399944543839	108.1720001649857
4.182000102996826	119.65600004702803	116.36599970340731
83.11999923706051	143.29799995407447	122.26400023937232
4.3939999818801905	114.80400024652478	125.78000006988638
22.11800025939941	114.23199996471405	108.61400004863735
-2.7939996147155797	118.33799978852277	103.87999992370604
10.761999816894537	120.42400011450043	103.22200009822838
18.81400005340576	121.58799983575928	109.26600001096723
18.466000165939327	118.85000008821481	105.93799995899205
4.857999954223636	116.6799999505281	109.26200000762945
112.34399981975562	219.68799963355067	111.0939998996259
33.75600024223329	144.7099993304909	109.16799998283385
173.2299991130828	130.43799972832187	104.1300002509356
10.328000030517574	147.97399923920614	107.87399996876721
15.600000057220457	157.31599931880822	108.31400004863737
33.740000085830715	119.8920001108943	107.64799987792968
-0.6759999942779534	132.55199944287534	117.9000001215934
1.3139999675750749	132.81199933767311	103.09199990510956
9.587999954223633	114.37799970149987	105.44799987316135
6.708000135421755	129.48999987423412	108.5000002527238
6.804000053405766	114.77199997186649	111.3380000519753
1.1620001792907704	148.41799995183945	110.28200009822842
60.18399971485138	103.00399974226956	105.18600010037422
-5.756000051498411	122.17999995470056	116.68799988269812
78.07800061225883	134.5979994560778	102.67999999761591
96.96799958229055	106.09599990993746	104.27400009393695
3.0799999427795415	123.49399967193604	107.84399996757503
9.67399991989136	131.57399942755686	112.39600007057193
49.23399981498718	151.94000008404268	106.70999990940093
1.8019998645782478	119.38999991416927	111.61200038909921
0.35600001335144205	123.13799953624611	106.70999984025954
3.591999979019162	140.05000021547076	106.32599987655883
3.105999698638918	121.1920000734926	101.03400013446812
38.24199980735778	107.19399992704399	105.57200006723397
13.366000118255613	128.5079997658729	110.97200009107586
79.02200008392334	128.93399990767247	101.99400001525888
52.557999916076646	120.49599966675038	148.15800031900417
0.3419998681545266	115.79000017255544	102.71000009059897
523.5559952723983	115.94799969941378	109.89999983310682
12.41200012207032	110.67200041830534	109.74000000000002
1.334000015258788	135.8839996993542	101.82800002574916
6.338000059127809	200.33999941140408	109.7180000054837
10.943999891281125	185.35399966597558	135.61199976444246
1.4039999771118152	103.66200019955626	103.48800004482263
91.61799964904785	111.05200021505358	124.84600020363928
102.56400023460392	123.79199983194462	170.2040003147722
62.95599972724915	112.56400029510242	103.79200006484987
9.215999870300296	129.48799992442125	114.02399999469523
2.367999930381774	135.73800025314088	105.10000008746977
78.71999983787535	109.18599983215314	104.48600019648677
0.3080000591278071	130.11400094151497	102.88200010299673
24.753999862670913	110.63600004702809	104.55400011301025
496.701999645233	114.12399997428058	111.44800011456014
112.24000057220461	120.3299999578297	105.51399996757515
0.8780000114440925	118.88600035607816	112.66400039672857
34.82799978256224	108.0919997358321	107.708000137806
10.513999929428104	130.5460000436009	108.3439999675751
2.814000029563902	118.76600014865404	108.43400005817409
59.10599981307981	118.35799984455109	108.7160002338887
12.90600004196168	109.93400015592574	105.97800013542175
3.885999851226807	124.25399983718991	106.57000008583061
132.35799942016587	129.16200007200243	108.25600029706955
1.269999856948852	131.57800009056916	117.86199979066858
16.818000078201308	109.53800036340954	105.12200022935866
17.676000080108643	111.13599954605102	104.90200012207026
-0.3359998035430899	108.96599975347517	103.74599977970122
7.0200000476837126	130.14799982845784	107.89400012016301
2.6959999370574943	112.15400031089784	113.63199969053258
8.265999956130987	111.47999983027572	103.55400004148487
4.174000082015992	114.91400021940467	112.01800015687935
15.50000000953674	93.889999923706	106.38400008678438
0.3199999427795412	103.62999974846832	116.4219999837875
23.50599987030032	122.17199945479628	105.80799974203116
218.08799904823294	113.1939998710155	130.36000002905723
8.82199979782105	141.39800050377832	104.89800000950697
3.7319998741149907	114.87800017178051	109.82599991798386
9.547999982833874	104.85199988365164	108.23199996232991
1.7219999217987068	157.8579997245966	109.16999972343439
4.272000017166134	130.54000021144748	124.93999995529641
-0.21399991989135653	112.93199948668477	109.9480000734329
2.1140000152587883	161.67799864143123	114.79399993658059
30.944000101089475	122.11200022727255	109.6239997768403
0.20600002288818192	144.3059992359579	116.80600005865088
46.14199990272521	140.15200013756765	111.16999997138984
18.29600002288818	126.69000001907347	107.82600013256075
63.052000131607045	142.96800056099903	102.40200010776505
31.025999965667722	118.72800000965584	113.73400014638896
8.416000041961667	135.72200026154502	104.45000001549717
35.09399997711186	149.98800069242708	112.3819998490811
13.88999997615814	122.48399968266472	107.05399994134899
3.8059999084472667	120.48399927869436	108.58600017070769
50.776000003814694	115.9040002536773	140.38399994492525
-0.3899999237060558	119.19799986869097	157.4139995515346
-0.5419998168945295	112.98600020885473	110.77600020408633
-1.4379998683929434	122.31599969923492	108.93000009208924
-0.14200004577636857	121.22800031393749	110.82200019836426
26.21600009918214	137.49199950933473	108.87600010395059
19.140000123977664	112.46000004649163	119.05199982643131
5.239999990463261	110.4639998483657	121.5999997663498
3.842000122070311	157.97600066542626	114.49999993324282
1.6419998645782479	111.57199980139744	110.32400004863737
4.734000158309937	117.69800030350684	96.98600004911414
205.0219991874694	171.70199969470494	113.27799985289575
225.16599800109864	119.29000000953664	111.00000000476848
1.1460000324249282	163.52000055268414	218.08399915307768
11.702000007629403	134.7959997415542	100.29600004673003
0.7500000572204585	104.37599986195565	109.68800006151194
347.098000202179	257.9999986237285	253.00599863156685
2.710000171661375	115.31799962282166	108.19599988460547
0.09199987411499001	117.77999984502776	118.2599999523163
77.2120000457763	109.80599977970122	120.02000031948087
51.614000015258796	108.17199974730613	109.9419998288156
82.3200000667572	124.54199968218798	110.20800008773814
3.350000123977663	150.15399962067616	111.38000004291538
23.80800013542176	107.10400020956988	125.8479999184608
2.441999902725217	120.92799978762864	110.61799962460992
41.73199997901916	110.65400007918473	112.10199995756153
0.9120000362396257	115.28200011014935	107.07800013780601
42.18599966049192	111.11199968934064	105.86800014495857
1.1699998283386217	107.51800000980492	104.77999979496002
-1.0679999160766616	119.72399997934684	112.31600021839134
7.103999900817874	113.49600012928238	106.05399994850158
13.115999965667724	109.59799973130225	108.99399987548584
-0.027999944686888406	109.74800034761421	170.4860007427632
-1.0279998588562	134.2720003628732	105.4980001544952
14.468000154495243	131.57799979120512	107.15000005245197
71.6640000152588	117.18200032114976	108.98600012063984
26.286000032424937	113.00799984067692	105.57199995636945
31.55400009155274	114.33800005376341	110.79400010585786
3.0179999065399166	131.66400027990338	107.00000014305108
5.587999753952027	165.41200069367898	108.62400037169455
-3.007999935150147	121.0120000720023	105.07399996936337
2.119999990463257	114.9499998867511	103.35399967908859
12.747999944686878	92.05199991390101	112.13600015044211
29.563999776840202	120.61799952983866	111.33799974441521
10.397999944686894	122.13999965295183	111.64199992179879
47.51599998474123	130.27000029504293	108.45800000190746
20.225999937057495	87.04000025466087	111.24000006198887
0.07400008201599004	119.07799957036956	106.90400018453613
7.38599998474121	115.50999992132184	105.85999999523168
41.425999975204505	94.93800016522403	105.17999985694867
56.78199986457827	143.07000052332867	106.1760000419618
1.2499999713897707	115.09800036907181	111.54399998188032
-0.11599996566772532	116.00599966183294	109.1520001387596
97.2180002880096	117.37600008562202	129.8819997826218
21.09399998664859	97.23799988448624	106.5480001270771
59.78600017547608	114.03599990889428	107.1620000648499
27.849999914169288	109.5960000813007	103.61999992370598
5.318000087738037	115.32000001430514	114.1459999227524
18.11399995803832	117.20600006341931	106.88600004434578
7.8900000667571994	142.26799965620054	105.11999993324277
58.336000041961675	136.73199992120286	114.84599979043008
1.3999998664855937	143.62799991771584	112.50600012540814
125.07399981498725	161.35199936494232	121.78400008082392
7.225999975204468	122.62399928808213	107.66800008535385
0.4060001087188722	110.45800019264213	104.75400008440016
6.694000043869017	129.1919999986887	109.34399990051992
42.25999986648563	126.78400028660889	108.03199996113771
8.801999969482422	110.98200013339506	109.58599989891052
14.192000045776355	114.26399999856952	111.0239999264479
4.016000137329101	120.3559996581077	109.25799978971483
4.385999946594236	118.29600007966158	109.45600005388259
3.903999938964845	125.34000021889804	106.93400004863746
2.276000032424928	113.08199996501207	104.67999992370605
3.609999923706054	116.4379997503757	106.6900001001358
54.883999824523904	117.67399989902977	104.09399996757516
205.2839996433259	149.06000054106116	107.80999993443481
19.872000122070332	113.70800006389615	108.62800007820123
23.333999824523918	165.81199955061058	129.54200016975403
68.01999994277955	119.69000043928622	107.41600000858287
1.7579998493194569	146.24999928832042	104.9499999523163
4.668000078201292	122.14199996829025	117.14200018882748
24.613999881744366	124.889999346435	100.76599981784823
10.744000272750858	97.50000023275607	123.04799974203108
0.03799990653991654	146.38599933609365	116.74599981069561
10.847999973297116	104.98400010764594	115.85599966287609
28.92199996948243	126.63600043296807	104.7059998512268
1.8940000724792492	109.90799996137616	111.30000019669535
0.48200014114379813	127.73400011897073	108.1120000600814
16.87399998664855	102.9919996452331	126.42200045943251
211.71399911642092	129.13199999451643	108.2560000181198
15.492000064849854	115.91199999526123	107.8819999647139
19.53400052547455	127.79999983787535	106.39199988842007
15.255999965667712	115.72399962782865	110.6579999196528
4.142000169754026	115.89799971759321	114.95999992489813
23.15399980545044	122.45199999809257	127.29799971073874
182.83399982452397	115.53199978679423	146.69599954366691
29.411999835968	111.82199966430667	122.19399968504888
11.978000106811526	114.72799954548472	109.0560002523659
175.63200010299676	249.00799925252778	130.18400014877318
243.7380000495911	115.00399982169262	105.9180001401901
4.885999984741206	129.16200004726647	111.56600023746493
30.693999967575067	126.63400005161773	111.56400030136109
159.12799982070922	119.29999983742827	114.50800022125244
59.24999984741212	115.05999995708464	104.94599990844716
148.25200067520134	133.51799961268887	103.19200007438658
51.929999809265134	119.6159995925427	105.86200008392335
0.6660002613067627	113.92000015497207	135.81999982833852
2.4619998836517336	110.39799975156778	107.34999985337248
42.621999826431264	123.2900001215936	110.21800021529192
-3.784000015258792	110.69800004810095	115.19399986147877
151.3300001907348	115.74999994158743	108.42600005149846
5.235999884605408	123.33200012445455	107.44000001907355
2.1379999732971204	177.46800014793848	110.25400011867282
367.52000111579906	117.25199969053268	102.79400006413458
15.31799970626831	119.08999976158121	106.15400012016292
2.48399998664856	178.3139991238711	105.05799991130819
-6.1660004138946585	130.2179999545217	108.63200006961823
54.428000192642195	118.14799988210196	102.3480000162125
59.242000055313135	133.3020001341403	121.7460001337529
12.697999963760383	155.97399900078773	105.57200000524529
23.72399956703186	116.14399989724154	104.33800001174208
3.4460001468658437	106.36599983245134	112.0720001888276
2.673999915122987	124.71800013542187	110.42399983406075
3.8860000038146953	142.66999948099246	111.60200024604787
24.323999872207647	117.13799977540971	113.67399980068213
5.6160001754760795	156.8239997835456	103.59800000905976
67.89600006103517	170.7599996161459	200.45799864411336
-0.25400034904480034	166.60799963399737	105.35200002193457
1.5480000591278076	118.26000013381226	117.64999993324278
51.113999967575104	126.87600045621396	108.41400012969986
59.43600045204165	115.31800008416171	107.41399991512306
60.07800024032591	114.39799981713293	123.65600021839137
12.338000078201285	107.90400011613966	107.91400012969973
2.9100000572204565	119.11600007608531	129.25200006961822
1.6779999446868894	119.85600038677471	129.34799985170375
3.476000013351441	125.67199988514176	146.3980006229878
39.40599942207337	114.5000003482401	118.83199988901616
2.3360001850128156	107.93399988174427	144.31200030326852
210.12599966049189	180.82199932888128	157.45999983161678
2.653999977111817	135.05600058346997	108.34799993157382
26.4220000076294	119.09399964809425	103.49400009632103
15.52000007629394	115.37800013124928	103.29400016307828
105.01599970817563	125.3819998788833	108.32800009489074
19.514000053405766	147.79000033020966	134.8300003314018
-0.1800000607967396	96.86399991035461	104.7600000381469
13.952000017166137	121.3740001237392	110.01199986934661
3.775999994277951	115.0199997425079	105.2840000200272
6.304000139236451	125.25200011596093	110.85000008583069
48.89999997138977	110.74599997207515	106.79999983787535
257.6399994993209	113.64799989402287	108.5359998917579
70.97799947738643	101.27999990105634	104.25800017356879
2.8420000934600855	117.28800028845656	104.07999991536143
1.595999889373781	164.26199891090386	103.67400010585777
1.907999968528748	109.09000022500734	105.37399995803817
5.823999938964841	114.27399985432616	112.20000016212475
1.185999975204466	113.59999993279577	107.57400019362555
85.07200008392337	127.31600031971935	108.07599987983698
207.600000448227	130.902001183033	113.73000017195946
-4.164000120162964	153.91600016549233	119.42600027084353
63.172000207901	113.60799980878829	106.00199989795685
124.94599965095523	124.80400034859778	108.32400014638904
38.34399990081786	118.84800009846684	106.82600001692771
1.546000013351441	127.53999976247536	117.4220000064373
-2.390000100135803	129.43400009348977	102.946000084877
10.544000244140634	111.8599997353555	111.41599988460553
4.249999904632568	104.53600008547308	114.91400007486335
-1.4239997768402113	240.4399989096821	108.24200011491764
14.323999946117393	111.41000005662438	116.32000021338456
6.839999904632569	125.92600023746496	111.42999972343462
522.2439969539644	162.29800037458546	115.23999990463255
11.355999851226812	127.90400023609402	150.58399913787858
24.118000011444103	133.55399960875508	105.73800008118165
6.680000066757205	109.63400040626512	110.66999982357025
10.031999664306646	106.39800003960733	111.15200016304856
2.2079997253417956	121.07799990534775	102.7319999837876
77.18199996948242	111.84600041627881	110.51399999618532
3.1899999952316302	143.71000023916363	109.12200012207033
22.52399988174439	113.71199956893925	112.60400030136098
91.787999982834	158.3879997976123	106.74399983406072
12.396000013351442	128.0139999927579	121.8499999026956
379.3399972438814	128.6360000494122	106.1279998779298
115.79999992370607	121.79600032031524	104.6499997949599
0.15600006103515682	174.39399947196267	102.18999995231636
144.77999943733207	112.49999989941706	109.22999982357027
42.536000099182154	110.62200036525715	111.93600021600737
-7.014000201225283	111.63999988675107	112.42999999523164
43.08600006103514	129.9300003917516	110.13399983406072
83.1999998378753	131.89800001323226	108.5620001506807
138.72800016403193	281.85799838602566	283.1639994442463
193.40199913933876	184.67999990224817	104.76199979498992
12.866000013351437	113.89799987912176	102.29000010132795
15.502000036239624	125.34800064742568	102.41000015258786
67.17199980735778	113.28800007298592	128.67200021505354
2.045999994277956	125.30200019598007	105.81000006198884
0.18600009918212781	118.28000049620859	113.85199980333435
2.867999858856202	112.79799963384855	105.39000031471257
10.35400012016297	140.44999876111748	111.41799999237054
49.979999942779564	120.44599980950355	104.04200021982196
10.893999948501584	111.65799986213443	104.31599986791608
1.0159999847412104	127.64199967294938	118.3360001268984
58.01600005149849	110.93000035345557	109.44800005674357
1.569999923706053	126.16799968987698	130.0199998112022
4.823999967575072	124.50600023418671	102.39199995994554
-0.7259998893737788	165.6679999157787	104.86199985504152
0.9280000209808348	122.96399935722354	105.18800001621243
3.0179999732971186	114.77400003671642	127.89199968248606
109.9359997558594	110.6040002465248	100.21799998283383
1.7540001201629651	125.0259999501704	106.09400026559835
4.512000007629396	120.99399990513923	104.02600007534032
-2.408000097274782	103.8099998259544	107.79199988365193
1.4580000019073476	105.85199997186653	107.7780000066756
0.26799983978271397	101.03199980735778	120.7240000529587
0.34399997711181785	110.09600010544054	108.42000031709671
266.1859990024565	180.40999903544787	138.73599984169022
82.29399989128115	120.71800022914998	111.10599984288207
58.23799983978271	94.42400017350907	208.83799978941664
14.037999973297106	113.15400019228451	105.84799991607682
10.182000055313113	122.05400028228757	103.76799984931954
0.302000055313109	125.5740002077818	113.03600041389461
0.622000026702882	115.81800012588495	102.33399965167051
1.1499998855590814	132.71800066351886	119.7639998315275
8.238000087738037	107.63999987483031	114.18200032472613
-0.008000020980835295	111.72000030189736	107.95600010395046
-0.5859999179840073	109.70999977782368	101.96199983835216
2.94199999809265	110.66799983143814	124.07200002193464
22.130000009536765	141.62400010883803	106.66000026702883
70.00999987602233	117.0719997239112	115.64600004672995
64.3399998474121	127.14200031042093	111.34000002384185
13.290000019073476	131.7259993910789	175.8079998624323
0.48599989891052253	159.05199967890968	107.71200015306475
0.7360001754760752	114.02800007581699	124.5319996857643
10.206000003814696	170.8140002107619	102.3280001354218
111.2499996948242	112.8420001268386	103.10999996185306
27.029999971389763	114.88199997946626	159.74999938726435
8.984000034332272	114.12000034093866	105.43199974536894
2.920000066757202	136.18799945294847	108.76399988174451
1.4659999275207503	121.91199978709211	116.57200022935864
54.573999576568625	154.37799903452392	115.71800016820434
-2.66999997138977	134.12000002294772	107.7040002059936
48.1199999809265	119.99200016260167	110.86599997520442
-0.08399993896484305	106.7100003778936	116.77799953892823
77.77799986839293	116.81600007012486	107.86800005197524
12.45599976539612	94.9960001337529	116.81000005006787
2.2480002117156968	100.94800024628638	109.59600014507775
32.22999983787539	123.74999992132179	112.13799999237061
3.6439999580383264	123.73799962848422	108.95200004100798
12.505999917984017	114.848000048697	111.16399985313416
2.127999887466429	116.25800015330302	113.79600013956423
-0.7580000782012952	144.94200017809848	108.09800037860879
49.02600000381469	110.09400006294234	104.76999996662143
-2.7039998674392702	132.02800009876478	134.75400021076206
105.2599991226196	124.73799986958493	108.5679999685287
0.6299999904632545	123.02000015437594	113.1400000452996
57.541999998092656	115.40199981495729	108.19399992465969
4.562000026702878	119.29199995040891	104.9160000514985
3.1680000591278086	112.06399997591964	104.85999995231631
2.1099999141693133	119.3720002727211	125.15800003647813
10.400000066757205	130.7220002746582	130.64999964952466
16.58400001525879	170.2440001322326	112.52000030159952
74.39599993899459	121.59599982857719	108.71599978208535
1.2539999103546153	122.07599982500075	107.0659999279679
24.407999944686892	106.06599962592125	106.32200020313269
50.839999837875396	118.28199995577326	108.81400015115737
4.7300000667572	162.31000023245807	118.78200018614528
17.967999887466434	129.476000277996	109.46399997532362
50.586000337600666	116.15800015091897	111.51000015184276
10.85399995803834	156.2459995529054	104.0620000648498
-0.5219997024536128	138.02599950432773	113.34400005817413
5.923999948501593	114.97599985033277	109.8460002660751
15.308000135421745	119.20399978160869	108.16599981844425
45.86799988746641	125.41999966740605	104.62000029087075
24.92799989700316	132.2020008909702	118.44999986410127
3.23799997329712	141.31399939835066	139.04200032353407
4.896000127792361	143.72399980097998	106.72599997520456
21.533999927043915	111.74600018471463	104.01599991321574
-0.004000082015991868	119.97600016191589	101.94200004577625
5.082000036239623	108.3700002729893	110.72999988555915
1.9540000057220452	176.78600072473284	123.3599998450278
-0.5520000743865956	109.25800001502031	107.39400024652474
19.061999826431293	130.15200013473634	102.06200000762952
-0.9419997692108131	121.15599987030036	107.40399999380114
4.625999975204469	122.51200023099778	106.11000000000003
169.88600034713738	132.69200003266317	124.66799984455109
0.5399999713897717	109.29599969625482	103.97800024270991
107.93399998664863	118.6880003619193	108.22000001430517
77.7059998703002	132.82200003385543	111.54399990081791
8.201999893188468	111.43399979382755	109.88800024271015
0.26600027084350614	107.71400030255316	107.63199991345398
1.889999980926514	114.51400016903874	103.1280000019074
35.32999992370605	107.74000025138264	117.08000004291533
13.382000255584718	180.60400002613642	109.01399999141702
-0.3840000820159913	119.59199990585437	110.98799995899206
40.384000148773204	104.96400018811225	109.16800021648393
15.127999923229213	102.68200012445446	109.66000008553269
133.46400067091002	145.5500002002716	107.0419998732209
26.70399976730348	146.34199984937916	102.99200012445449
2.076000099182128	153.92199925422685	108.25000000238425
90.54800004959108	126.79999979928138	109.75600006580366
3.4679998397827165	120.33200007319446	118.706000109613
76.80399961471562	117.66800021171575	114.27999976158137
1.407999916076659	119.83800011992447	106.36800010204324
15.057999916076662	113.4240001964569	112.86600024700162
26.738000125884987	118.73599956870063	108.19199993610401
63.88800017356868	119.40400023818012	114.75999989986421
20.28400000572205	121.14999989688403	111.78399994730948
3.3480000591278105	123.83400012373941	110.59599988460558
24.35999982833862	115.87400016069401	109.45000041961669
11.423999958038328	113.55599975228293	103.46599995136253
2.2879999446868915	120.5219999802112	103.62399988174457
14.945999870300298	134.05600048840037	131.39399969354292
6.520000066757203	114.95399991512294	105.4439999875427
46.756000022888166	222.10999977424748	135.7820000067352
9.951999959945674	147.3600004447996	121.87000014305123
16.117999992370606	107.10199959635743	109.03999980092034
1.4960000324249276	139.42199991196406	102.28999999240035
0.9439999961853048	121.7160002240539	106.08600003242488
3.296000118255616	127.87800027847284	112.18200008392333
24.093999967575073	117.55999979853631	135.92200005292898
30.288000106811538	162.65599918842284	101.7619999313355
3.531999931335447	112.37800026580682	100.42200013875953
98.5020001029968	148.14800050318223	120.99200020551687
0.6219998931884775	118.6499999597668	109.67800010204303
8.014000034332275	121.2020002293586	128.96799958229062
9.98400013923645	123.36200037956235	121.7099997758867
17.796000213623042	119.44399992942814	111.53200001478183
1.3240000438690183	146.87799994975322	123.5519999551773
-1.3339999771118152	116.05200018718836	109.0100000095369
4.421999931335446	118.61999958515155	108.27400018692025
1.5500001573562607	117.47399960994713	117.79800014019014
45.78999995231629	129.13800044953814	117.06599957942964
5.504000053405761	128.7680004000663	106.76399989128114
7.112000131607056	148.2780002489685	119.76200009912256
1.736000041961668	119.0879998517035	103.09399982213968
0.5880000591278071	117.4600001247228	108.15999991655347
19.907999925613396	111.80400001764295	112.07200009584417
146.48999960899363	129.12400077775118	107.59999963760379
11.451999864578253	113.24599985897537	102.89799998283398
241.8019992065431	155.70800023019302	114.16000014781957
0.4639998531341555	119.93399960398669	108.22999996185308
13.068000020980836	120.84600036442275	119.59399975895896
2.088000097274779	106.59999968051908	111.5619997549058
19.9000000476837	120.29000000312904	105.01600025176992
51.39599954605104	136.99200004786246	108.27199976325034
2.903999805450439	122.40399988174434	106.74599996566764
20.906000051498406	114.14200006008164	104.06800015360108
29.838000049591056	113.26399996638303	109.13799991726863
3.1500000476837178	116.62000039815887	105.04400021344422
0.844000053405761	154.98200011476882	123.36599994659436
0.21599999427795397	117.48000028416519	110.71400010585795
14.604000091552734	109.47400022745128	108.60999972105034
79.0420000648499	112.3239999663829	102.86199994087207
2.99999997138977	95.35000024557125	108.91600022241475
12.889999961853029	138.16400001287462	115.07399980545037
2.5499999999999994	166.0859998857973	123.30800002813355
3.500000190734862	122.61799998104573	115.22399985313423
11.71599996566773	122.06600037470453	100.69200012445458
59.84599987983701	151.53000071629876	108.29799998283374
3.8760000610351555	126.99599967807518	126.10199960589404
31.016000070571888	128.16400073766715	108.0579997897148
36.485999851226794	126.17800007835034	110.70199989318854
43.963999824523896	129.42400028511875	109.61800002574918
52.417999982833905	120.10999953106054	110.59000001788144
183.72999954223647	131.33000006645912	108.17800013542171
26.414000234603897	112.69400008827432	108.4060000801086
0.6139997768402113	108.30399979352954	102.98399985790243
0.42200009346008305	144.15799995422373	110.890000090599
14.732000045776376	117.4359995949268	154.53200024396185
112.87399952888487	115.07799947559829	104.9720001983642
58.057999944686905	113.17599992632864	110.69599998429429
1.442000045776368	94.54400018215179	111.84400010347368
56.632000064849805	135.66400007724766	118.65000009179113
59.67600023269655	207.9559985072911	111.15200011491777
165.18200066566456	174.22799980670186	136.79200039386757
1.975999908447267	106.01600030422196	108.20600030422212
37.14200019836423	109.35999975502494	125.44999951362608
1.3079998493194593	113.27600007176397	126.26200020074847
2.9220001029968277	130.37799996495255	103.9660002422332
2.536000032424927	116.19599995970721	104.53400013446822
18.250000057220447	119.41399994850154	105.74800001144406
0.4140001010894759	120.00600021958348	109.28000009536737
60.65399972915649	127.79400003314029	107.3019999551774
1.6740001678466818	127.32599985599519	104.28800014019012
19.792000055313103	118.88200029850002	102.6039999961854
3.694000082015991	123.68999991774551	108.70199999809257
4.063999910354613	157.7899993999303	112.57599996089938
69.18799987792963	115.88999993741501	112.42999998390665
1.2399999237060537	149.24400017648944	110.8079998826981
0.4880000591278078	115.2519996304809	103.97999998852613
4.270000057220454	109.47999997735022	106.3920000463725
164.3179994964601	106.2560002958775	119.19399961471547
-0.8040000534057634	94.25399994581934	107.97999994277951
-0.9560001087188734	112.53600014448166	110.39800004959093
12.867999992370605	124.4679998642206	113.40599979758274
299.8679994106288	154.13800052598143	118.17600014209741
-2.5699998855590795	121.29800013303759	105.56400022506703
0.16599979400634746	113.93399998366829	119.97799971580517
9.954000091552734	115.5800002720952	107.08399993896485
14.400000085830676	112.23200003504753	104.428000202179
30.97999966621397	126.12200042203065	110.3340000772476
19.605999898910518	146.37600096985688	104.98199993014326
54.87000021934506	115.59400029659261	105.12600007057193
18.51800010681152	115.82399973958728	108.58199989557271
19.55399995803833	115.93800000280136	113.780000219494
4.541999950408934	112.99999989986412	108.71400012016291
37.25400007724766	108.33399985909455	116.80399996757502
31.00400011062621	110.36200008630748	104.12000015258793
0.21600025177001844	130.14799995571374	141.9620001828671
16.24200002670288	117.71000028610231	113.52200006008152
1.4600001335144028	133.82399995684634	166.30399983122942
12.685999832153318	100.73999990820883	107.86800003945824
-2.8599999809265153	202.4259993696211	98.5839998921752
8.625999994277958	116.87200008139007	111.13800017833715
1.0619998836517335	121.40000012159348	103.38199988365179
31.144000196456894	119.84600012809037	109.95399994075295
31.320000143051153	129.04399918004864	104.15000011146066
69.33799989700317	127.91799967765806	109.95200011730199
-0.6259998798370364	100.86599986672404	104.58399997711173
187.2799997615814	115.56399993553745	106.62400010168557
41.157999658584615	127.89999985396867	106.03999998793017
71.14400015830992	127.46799973890191	103.25800020813938
2.548000001907349	117.13400033235544	137.08200008392333
68.74400012016295	121.88999952748419	125.39199966460465
131.68999973297122	118.49999987214807	107.13000006482021
219.62399906158453	118.25800019413228	110.95000007867819
263.3520002794265	114.35199975073333	107.59000014543538
147.40199987411492	111.80600007057191	104.46600006580354
2.5759999847412103	123.13400024205453	117.27600000381477
6.109999942779544	114.58399970948692	108.82999999403953
-4.727999973297115	125.25600056588645	122.20400009632115
13.434000024795528	107.30200001358983	109.87600006580355
4.019999923706052	119.65399992465984	110.66600023075938
7.693999948501584	146.178000535667	108.85400012731559
73.29599977493285	118.44599959492676	106.33999993324267
23.87000014305114	130.70800034940234	117.19400006711494
10.156000089645385	117.57800004839896	106.96600013732912
2.077999906539917	124.99399990037078	109.9120001775026
16.74599986076355	169.55999933242802	110.91999997615818
4.513999881744388	120.90399986982347	102.0180000174046
0.3339998722076405	125.35999987795923	105.79000020086762
-0.1040000629425039	116.09199995756158	118.56999972820279
13.989999980926516	115.17199977517123	115.5759997868538
2.3840000152587915	135.29800032019625	120.94400046348575
11.082000160217293	110.50600004374978	141.96399973154075
-2.694000072479249	121.58000021502372	107.33600009739395
1.294000101089478	131.82799967333662	120.20000027179724
0.20999995231628366	125.64199986696246	121.40199977874764
1.218000001907348	148.04999936059107	121.997999997139
17.891999959945682	117.7639998054505	110.05400015830992
16.41199998855591	134.29399899139995	121.43599986270073
65.58600034713746	113.47400032520295	116.648000021428
2.093999843597412	134.32199975728986	116.94200055122371
152.56800027847294	151.94999989032726	149.28400054454787
0.6399998664855958	96.03999996423715	107.5120000362397
29.567999935150148	114.55199931621537	116.16800027847283
-1.579999752044677	117.49800034090877	111.9519999904931
15.758000135421765	173.84799898684034	110.43400005817418
1.6620000553131096	115.19399998277424	108.23400025248522
-1.8959998607635484	109.31400012820941	122.54199990421544
46.92399976730343	113.45799995422358	107.31400008678433
35.54800011634827	116.27799964860081	115.92400014519689
57.306000165939345	117.82000028684726	109.22000008106231
133.9040001869202	113.90400014907127	118.4679997879267
63.225999984741186	108.059999729395	107.75599996447552
67.22000033378602	108.74999954983575	105.69800001680858
1.7959999370574953	183.3359997987747	109.0000001001358
1.1319998359680166	107.3699998342991	111.26400018215176
58.62799979209897	112.78400051593785	110.03199987173087
-1.2319998359680169	132.91200031161299	113.80000007241962
29.128000106811516	122.71800024986263	131.2120003747939
21.119999980926515	101.65199997961525	112.84600014209748
11.680000162124637	140.8060004568102	120.20599983036513
7.22599994659424	122.12000037789343	112.0199999302625
8.86399984359741	110.0880001688002	116.32799995735283
1.252000064849853	113.4039998370409	130.20599999487396
4.6560000133514405	132.913999826908	115.64800020694727
17.713999948501588	139.45999907523384	108.22200017929079
81.09599999427792	115.80799973964686	115.45000011444087
72.01399994850155	111.0379997611046	111.78800010442737
0.9420000648498531	114.16400012776268	107.12600017070763
180.7099989986419	138.80400008544348	109.48800008594989
19.55600009918213	114.24199979543673	117.47400008916853
2.776000003814699	123.11400005698209	110.91600005149843
26.815999975204473	113.71800027757882	105.66999994397156
28.3980000591278	158.91000038504575	111.16600043058392
3.353999910354614	124.59800019443026	107.18999985218042
17.816000127792357	115.03799993276603	108.51199990153314
2.9080000972747784	95.25400010108946	107.29199988842001
36.526000041961666	116.35599989533428	104.5340002703666
4.50200002670288	111.03399997234344	105.60000014305122
14.983999958038343	124.29399951919926	111.43999964237213
362.1599996185304	98.20999996662128	106.12599981307979
59.62799975395204	107.64200019061559	118.83600007295617
0.5180000019073495	131.23799979582415	116.42800023555743
664.9019980239873	172.60600030198677	242.75599840760225
198.36199942588811	127.16799990296367	122.33999996185317
158.92799891471861	112.22600007534	108.91199994087226
111.48800037860867	109.69399993777272	103.84800017952922
45.0059998989105	116.57600024223336	107.84200005054481
3.3339999008178736	110.15200006380668	108.07599987685691
1.8839999198913562	120.91999941140418	104.1560000000894
1.7660000228881836	137.4300000667571	190.1739990510046
-0.7100000095367419	127.5800004549324	112.69599992752066
39.19400011062623	124.34999995082624	109.39600008487704
2.7959999656677264	131.1040005886555	103.4079999947548
14.218000049591069	121.71999987959872	106.5600001415611
47.40399974823001	122.20599983453741	126.94400004938231
92.15200099945079	112.85399982333175	117.815999943614
1.114000053405761	133.15199970066544	107.85999989509592
203.36800009727483	106.69799996972081	112.3340003001691
54.972000017166124	153.57800041317927	115.48200019791727
29.82799996376037	122.95399981975552	107.6500000858308
2.4439999198913585	130.18199940681458	119.21400030136104
12.392000074386594	183.6779996925593	108.8440000104904
27.43400021553039	140.68599953532222	107.7580001270771
35.16200005531313	127.62800016403207	108.27600006729357
113.6760002136231	170.8559992520511	113.12200003623953
108.48999987602232	144.10399956166756	123.6320002746582
32.76200001716614	97.72600012302391	105.92399995803842
58.71600034713749	107.78400012314322	133.4060002052783
35.15799970626832	112.62599983394145	112.41400002956404
3.5039998912811283	127.84199942380192	111.82799979493018
41.812000169754036	122.79600011944763	113.6459998321533
-0.6000000095367414	115.39200035333633	110.07400012493137
2.7160000705718974	111.16400005608801	118.58200002789512
-3.4979998779296886	126.70800000786772	122.74000008285044
1.0140000247955314	108.9279997658731	107.73600019454967
62.954000110626225	123.58399970769884	109.54800010681153
3.30800005912781	117.1580002588033	107.09600003719325
0.4359999847412094	99.01000000864248	99.36800010919572
54.81600002288818	111.61999992847429	108.09800025939927
0.629999952316284	107.77200021743762	138.5100001263618
52.082000036239606	121.0740002000332	143.96800042629246
6.8740000247955315	165.2919999365509	104.63000009536742
-0.42400003433227595	131.25600015640268	110.20200010418895
1.0419998931884755	119.88400001645081	106.57400010585788
102.89999974250787	126.48800012469292	120.59799976348867
5.850000104904173	118.66999949499953	109.59200007081024
73.49399989128115	140.08799978643657	114.86399994850147
61.41600022315982	108.5519999468326	111.18399981781846
0.07000001907348813	121.44599978432059	126.65200046882042
2.7119998550415034	112.72599980577816	109.04200001299391
243.01999899864188	116.69800034761433	109.43600006103496
70.70000009536746	113.41000034615398	118.93999983787532
0.247999992370607	120.80600024461741	110.79600005149844
3.334000244140626	120.06399997085327	113.9640000481904
3.328000125885007	120.53000024795533	109.54599983304738
17.877999916076668	108.93600017547602	109.06599984168993
68.70600009918212	114.63200003862374	108.31000017404554
-5.18000009536743	132.2700003971159	109.7999997234344
64.64600000381466	120.9219997215269	107.98400005340568
0.888000106811524	154.46599979460262	115.44999983787531
28.73799998998643	176.33800016686317	179.33799964666332
23.378000097274786	106.71199984788898	102.72799988180392
139.12000029563902	107.06799978494648	116.97000015065072
34.79999988555908	128.04800035119052	108.78600023269664
-3.4620002746582026	111.62400003597155	104.61599997043609
53.70000008583067	133.05200008571143	109.83600006520754
2.2080000305175767	117.0400002637506	103.92000013351443
125.44200024604795	115.13999988794328	108.13199995994567
-0.09999998092651408	155.17399974346162	105.21799980640414
75.24999995231637	117.1939999930561	110.24600025415415
33.565999883413305	118.01399979591368	109.2719999700785
-6.773999900817866	111.11000011771904	106.42800020217891
412.9559979915618	121.23799992606034	110.2460002064704
74.73800029754632	109.21199997901924	107.14999993979927
2.956000003814697	112.74800004780279	110.15599986076364
25.630000009536747	104.25800036311159	98.14200017333025
17.30599992752075	113.0080002772807	131.06799948662524
12.587999763488774	119.11800086095936	102.87999996662136
121.75199915885935	123.7240000116824	124.68199985027316
52.54799983024597	110.28000000193704	131.45199949741362
21.045999889373785	133.00400066554545	108.17600018978109
258.4979992389678	124.88999991595742	111.40999986410144
9.754000205993663	123.28599962115284	112.87199988037338
1.8520001029968254	118.17000008299948	113.14800008296965
1.1880000591278093	102.27599973678589	105.52600031852722
10.271999921798708	144.13000022977587	116.7919998426735
2.720000133514403	115.23199980497364	101.02400010049357
3.724000015258789	118.62799979045984	105.01000017166133
137.3959994506836	126.59800019621844	108.14000010013581
16.792000102996823	134.02399986147884	103.06400024890897
1.6240000247955326	117.87400020837782	104.2560002613067
0.8580000019073464	137.9840004706383	106.00399988427765
15.739999980926505	113.40999980688083	108.850000231266
32.894000167846706	114.96999970674506	141.02400034546866
-0.42399995803832996	116.38800067499284	138.84200017973754
65.71000010490417	123.48000006854541	105.32799996733662
14.080000028610232	133.09000021651377	108.81800008416172
-0.41000015258789113	126.6199995827675	122.81599999189389
78.32399983406067	103.37999983429914	109.52000001430505
-3.288000020980833	123.6440006126463	105.43599990844734
-0.9340000247955327	93.35999995708455	107.18200006723411
3.848000164031982	120.83600001573556	103.67599996566778
55.13199990272519	131.28599987268447	107.16599990844742
12.261999979019167	110.09400009498	113.15200026750577
208.10400099277476	106.78799978494634	120.9660000944137
115.80200018882745	133.87800042659032	121.37000020503997
0.10200013160705611	117.30999929800622	112.31799979090695
16.546000099182127	124.17200024530294	106.65200002312655
35.667999935150156	134.82800070330487	110.93000031709671
0.35200001716613705	118.89799998283368	147.533999786377
305.0019985008241	151.35999931067224	120.95599988460533
56.93399989128113	113.68400009155276	112.28999985456468
25.95199976921082	116.93400015234944	139.90799981594085
0.5180000209808345	161.79400032043435	106.45599993705743
58.654000196456884	137.358000549674	127.61999992132188
1.3440001392364513	121.2340003314614	110.78199976354836
49.41999969482421	117.23399963855736	112.32200035095212
0.04000005722045827	113.93800013422968	116.96399998605264
13.004000177383423	124.88799964651463	109.33200013637538
2.1880001354217544	137.96399988412867	121.1940001821519
17.004000104963776	114.08399986505518	102.45000021457669
1.7280000019073463	124.31999950453637	106.02399994850155
2.6300000572204603	143.77799947083005	113.26799966812139
10.635999908447255	143.31800072729587	142.24000011682506
0.981999959945679	115.80600004792204	108.4939999747277
3.6159999847412116	115.27399965047842	103.57800015449529
87.12599998474123	149.29199965849517	110.90400010585789
7.973999929428104	123.53399965494874	121.16799977391949
22.932000226974477	109.78600011155002	127.9239999079705
16.24599990844726	129.27000017642973	130.36000030040748
12.004000220298758	130.5219998857378	107.56200008511541
0.7659999752044676	143.99799976736313	106.68400018453606
36.161999807357816	151.1679989476501	121.7579996919632
58.418000259399385	113.01999998256574	104.23000015020364
10.058000020980835	114.06600005239252	111.13400007009518
68.41000006675716	131.7320001660287	125.39399994373318
-0.511999883651735	152.59200018405934	116.09200001001356
4.427999906539915	119.09599967896938	109.62399991154676
58.84600012779235	128.5159998166561	127.16000039219858
2.417999897003172	132.7979998326301	122.41400015905504
1.0079998493194569	115.97799992084488	105.04800028979798
21.099999904632554	119.08400008022778	110.97999994277946
3.9359999370574967	132.6759994992613	106.85400003433237
1.4840000247955303	120.9660001650451	97.45000007867826
129.53400039672846	114.53399974673978	116.0040000486375
3.4859999179840018	129.73599986314767	110.27600002765658
8.909999856948852	126.94600000888101	119.97600002050397
62.154000034332235	118.99800006151196	105.88600008368502
175.40399943202723	119.19599984049792	105.59799982547753
38.58799991607667	119.30399960398682	125.88800023287538
47.33999999046328	108.99200032085174	107.07399983406076
1.6000000095367413	142.20799988523135	120.53199998140336
33.046000041961676	163.9320005483925	113.65399999201301
59.2459998035431	144.55200007796284	108.38199972391128
0.8600000858306874	119.14999977111806	110.60999996423718
77.29199955940248	142.5799998152256	115.27199977159503
3.5180000019073483	126.14800028324125	106.90000014305119
1.1520001125335675	114.78600009575493	114.75600031375873
236.3319984626768	129.09600044846533	121.72199988484387
2.8659998798370343	114.31999992310999	110.25000006914142
2.9459999942779542	113.20200007200226	122.36600026130674
-2.2219998836517334	141.1379997365178	117.40200011253366
2.856000070571902	118.77599983692167	120.86999978661545
3.0819999980926522	127.57200022488836	107.61199995756162
40.44000020980834	115.69600005149833	105.52999996662149
1.3920001029968265	121.9599996882676	108.03799999713904
15.278000049591064	121.38200010165575	107.46600008010869
1.4840000820159915	110.8860001602769	106.89000003337847
30.071999788284312	115.7620001268387	110.02599987030038
2.2999999523162864	114.12400011360634	103.62400009155272
58.32000028610226	120.11800066232679	129.0339999812841
30.230000219345104	129.4579999832809	112.59000026226055
51.42400002479558	113.44200025916089	110.98199994742869
-0.18800000190734872	140.94799987614138	100.20600001573555
0.6400000762939434	138.75000014588232	104.18800002098071
3.0120000171661365	124.78200037524114	108.02800000667578
21.538000240325925	138.7020006497204	106.79000005722051
152.06800076484677	115.5559998917579	116.16000032424914
14.03999998092652	121.06400019407266	107.08399996355178
11.85600010871886	117.73000031754371	107.32599981784817
-0.6020001316070559	129.082000517845	110.96000014781946
3.0660000419616678	129.57199987053866	106.49799991130824
-2.434000225067139	104.26400008246294	110.93600014448165
2.0080000400543234	114.74800045698878	103.13799980640417
46.4520001411438	123.73999974250792	108.70400001049045
2.4440000152587924	162.8319990532101	127.04199985742574
1.496000032424926	118.00999945938592	116.46399959161876
97.67800030708314	127.43000015452492	108.79999983787542
17.014000129699706	117.67400028750284	143.1540004444123
2.4719999217987065	129.51199972063296	134.15600023835884
717.3779979991913	193.39799952670913	260.5919989874959
105.22600043296819	121.7319998966157	105.94399980545062
23.048000068664546	114.01600017145269	112.3360000868142
11.20200000762939	111.29399975240229	111.6359999990463
1.3800000572204585	135.50599975347507	112.21800003409392
3.279999942779542	119.79000017747285	119.86400031685835
400.48799758866414	121.29199952989813	113.45600006163129
23.030000110268592	112.52999976515774	107.13400024414061
13.441999988555912	111.09599981158968	107.32400010347375
20.14199997901915	97.91199997469774	110.80000000953673
12.641999998092654	106.17400017380709	106.04400018453593
4.359999971389767	117.78199994057418	110.75399981737137
1.6339999771118159	117.96400006681677	112.28000014662726
19.913999996185304	103.83000007301563	104.7700000953676
16.96399993896483	111.30399989694357	112.25399983406062
-2.160000200271608	137.445999159813	108.5620001173018
140.81399923324582	124.64199969634404	111.22200011253348
18.336000146865846	133.18199991166605	138.4900000375509
2.023999900817869	127.32999992072574	106.71400001481183
1.0159999656677245	119.04400048494342	109.36200001239779
97.76799987792965	119.74199982166293	107.25200002193452
38.70799978256223	123.14399938583378	130.8419999313353
-5.859999980926516	130.75200019255269	110.7759999084473
301.0939984416961	100.83000003695484	109.92600003600108
86.70399960517884	112.82200021028517	109.45199993789198
0.451999835968017	123.26799982547763	107.52399991810326
4.109999999999999	117.99400035709137	110.49799989342691
203.05000005722027	111.13999941468235	108.32200031757344
13.646000146865848	118.05600027561185	104.66599998474123
16.84999991416932	193.22199927717455	107.88200020134455
3.3620000362396225	124.1339999739826	103.73999986171724
137.52400067329413	113.12799992710345	108.98600000858309
16.516000003814693	123.96799986153844	132.95000020504028
