0.9039999437332151	65.87599977493281	68.47200017690656
1.6260000085830704	59.86600008487704	80.38799971103673
-0.2410000944137584	69.48600001573567	114.45999999523158
6.025000138282781	61.72200002074233	72.67800004243861
-0.33099991798400813	58.8280000858009	70.92400001049035
2.0880000257492064	67.2919998055696	73.84400001958012
0.15300005912780817	62.04000002384183	71.95000022172934
-0.45500002861023053	62.4320000761747	68.9619999980926
1.275000014305113	64.79200011253359	72.5139999723434
2.3710000371933	63.88799992561344	74.56800018310557
1.842000126838684	75.2659997417033	84.71199965104452
-0.5270000028610237	71.17800014257432	65.93199984550478
0.707000102996826	64.04200004786254	66.74399998664856
0.9700000524520864	65.59599997162816	77.61799970149987
0.19899997711181722	76.19799974560733	66.27599988937378
1.3530000305175793	71.98799972474568	93.54200029790395
1.1629998970031745	91.64200012803077	69.32000012397758
1.3280000162124646	67.90800007328389	73.86000012874602
0.3599999856948856	65.7379997968673	65.54199998378752
2.002000017166138	61.26000000238416	67.3399999386072
2.116000046730041	65.44399985983969	78.44600012421607
0.6440000343322749	64.66000011518597	72.69600024223331
0.008000082969665308	60.58399983957413	69.24600006103515
2.805000028610228	65.58600001573566	71.25399988174438
2.277000050544739	73.233999800682	73.93799996972093
0.3009999656677257	61.092000021934496	75.6660001850128
1.1529999637603758	62.284000067263854	91.62800001263626
8.874000139236452	56.91400012493132	66.90400007843978
1.2600000476837154	57.6899999308586	65.7480000925064
23.372000527381896	60.33400002002718	87.06399998739356
0.16800010204315138	67.7200000286103	71.24800013542178
0.3270001411437998	64.10200005710124	71.79799976825714
2.4870000314712537	67.70599996089932	74.76400022506719
8.881999874114989	61.73800014644857	71.86800037860866
0.3819999599456773	70.66000001907344	71.11199991703033
-0.07799993515014718	65.97599988549949	73.86800022125244
0.8659999227523791	62.153999875038814	80.38800023496151
-0.04399996280670152	59.036000024080266	73.68000013828275
0.5119999837875354	93.9359998469055	65.30800009846685
0.9590000772476203	63.7339999294281	68.94199990272529
0.23599995136261037	62.47599985837933	71.12199992656709
3.7520000410079937	72.86000031709666	79.25200024127965
0.7400000095367434	58.8380000209808	89.10800003781907
1.7899999332427987	63.21199980810286	74.81399976730353
1.8980000114440918	59.56399998366833	68.00600007787348
1.412000021934509	77.99599979519851	82.28400024414056
1.701000046730043	89.5900000201166	69.76000001430509
0.5680000448226918	62.904000040888775	76.5140002016723
1.2230000162124628	65.06400001525878	71.88400011301044
2.2910000085830675	58.121999926567064	73.92000003814692
2.0290001487731932	64.423999953568	75.8740000286698
-0.4560001087188722	78.17199990034104	70.15400014400483
0.869000077247621	68.17000003576277	76.58800002098074
0.20199991703033343	59.77000013887879	74.65799990653994
0.2709999752044665	94.57399989128105	75.87399995803833
0.5649999570846572	74.97200017869469	76.83400001108647
1.8379999208450322	62.92800019085399	75.53999992847446
0.8129999399185172	67.7420002120733	72.79799952745437
1.9389999771118174	59.431999993771306	73.23200005233294
1.0819999742507949	61.63999997377393	75.99399990797045
0.7880000019073498	67.30399997726084	72.35600010395042
1.5540000438690194	65.31599986270069	70.1239998912811
1.417999997138977	63.75999996185311	70.18399977922438
0.754999961853029	66.61000018835058	70.59400020599368
1.68699996471405	62.33600004315378	70.16800014019009
0.27099993705749553	61.90200000286098	71.38199998170138
2.6529999494552645	61.90399987697599	73.96199995994562
-0.4669999980926504	56.494000113010415	76.15399992823608
0.37200004100799694	65.36399994015697	67.19999986737966
1.0099999189376827	62.682000146508216	66.22400006771086
1.0590000104904191	101.48000117778771	77.79999976396562
0.2689999103546132	61.20799979686731	76.1980001962185
1.834000053405761	62.909999793171856	72.78000036716465
1.3560000038146978	72.64999967813496	70.54800007104869
0.0019999122619635077	72.29799986839294	96.65599973678597
0.7310000753402713	73.9479995167255	75.25199988648303
0.48600001811981164	61.56399998188013	66.23199984073632
-0.2990000486373903	67.71400001168244	85.83799983024592
0.2380000352859489	68.91199985384944	71.89399994969367
24.471000461578374	58.281999919712504	70.26399997234341
1.2950000429153445	61.89399988651268	79.08199987173074
0.16799999237060637	60.30800010561949	64.95600014090533
0.27399999141693077	63.637999942302685	70.88199984788896
1.7879999780654907	62.451999864578205	73.99400002956394
6.7120000076293955	71.63199982106677	84.93599983930585
3.6139998865127576	68.35200010895726	69.69799974918361
2.333000078201293	74.59399975538255	85.51999981164931
6.552999925613402	67.58400011897089	70.43399989604954
-0.34999994277953966	61.100000010430826	75.94799986839291
5.33800007343292	68.68200003951792	80.17400030136113
1.5120000076293956	66.40400026798244	75.34200040340417
8.500000104904165	66.97799992680551	80.3020001953841
0.6680000162124632	62.568000109195715	70.52200003623958
-0.10000000953674316	70.99600002765648	97.42199948519475
-0.09800004959106533	80.26600002765655	70.3040000486374
0.028999972343444452	59.04400013208383	68.95399984598158
7.750999970436093	69.36199991226198	70.73200007915497
0.514999837875365	61.2100001811981	75.34399974107747
14.264000020027167	70.03000005006788	70.31400003045795
9.019999895095836	65.64400007247927	74.02999994873991
1.4079999685287474	71.2980001235008	65.31599995136263
0.587000007629396	60.572000036239594	73.39800009727476
0.000999975204468033	59.57200024634599	81.99600005239247
15.387999749183665	61.57999994993208	74.19999988555902
0.10000006198883087	67.17400008916849	65.48000010445718
0.2059999895095834	65.09799993515014	74.75799990221867
0.2620000743865963	61.59800019741064	65.24799975872041
1.1650000190734862	65.45200016558165	70.72000003889204
0.2299999856948863	78.00200044155119	74.75199999809263
0.12900013923645015	59.62800005674362	71.69800033569337
0.16999998569488645	72.31400012165312	80.07399978876114
-0.09800002574920641	59.677999944090836	66.6180001401901
18.97400007247926	65.66600006014114	75.62199998378753
1.0070000791549687	60.40200001910332	69.13400002479554
-0.25599998474121216	63.36599997520448	70.71199998617178
-0.04400002002716145	65.33199994325645	58.239999861717216
-0.4160000085830688	77.25999986648557	82.11800034761434
0.3319999933242798	62.63000001907347	71.85999996304514
0.5879999876022327	62.089999871701	66.73599992275226
0.4490000534057608	69.21600042581555	71.16000003457067
1.6109999990463257	60.90599987268455	84.89000020891427
0.36199996471405044	68.76999996334314	76.57200021982192
3.388000040054323	64.32400020435456	75.64800037652252
-0.01299999713897828	75.74200031340133	71.41999969005585
0.3450000524520864	63.091999733448056	66.58200002193445
-0.051000022888183505	77.27399996876716	68.55200006484986
0.807999958992005	76.0779999026656	72.27600014209749
-9.626000123023989	68.11399994611746	74.22000016689304
0.24799999237060558	91.43600041806685	64.66600012302398
10.629999785423285	64.71399978488675	64.05000023841862
-0.004000005722047026	71.15000024229285	70.13600018501289
6.069000110626223	62.31199979782102	73.61200007915495
-0.675999960899352	67.46800025820734	71.59600017860531
1.1599999904632563	87.34999973773958	76.21800002247092
0.6459999465942381	58.1600000607968	67.24800005435938
2.277999997138976	63.1559999489784	76.31799991130832
0.7270000076293938	65.45000004768366	67.35600005507473
0.1300000238418584	62.384000201225284	69.75400009095671
0.23000010967254755	62.25599999308586	85.97000025749205
0.8860000753402694	78.77000005126001	69.67199986338613
0.16600009918212788	60.915999934673344	68.45200001195076
1.863000106811523	72.37799993395805	70.3639998149872
0.4260001182556156	67.1859999966622	90.33000018596645
0.01900004386901985	61.55000005245205	71.06599972963328
0.7920000362396228	62.41600018471477	72.0539997518063
0.6529999923706068	76.14200011014947	71.44400008305912
0.864000024795532	62.58799993276595	75.16400010347361
0.19900007724762084	62.04399985551828	70.72399989128117
1.4180000162124626	61.545999870598294	75.28199995279313
-0.10300010204315133	60.15400022506714	65.32599997758862
0.3339999532699579	63.02600002244119	74.57799996852873
0.7829999542236321	131.39200043514364	85.14799992263309
-0.1729999685287472	66.68599993467329	83.00000024616718
0.5930000495910643	69.25799986720084	70.01599986791616
2.2600000715255737	66.43399988651277	76.99199999168515
0.844999966621399	60.76400015443558	64.29599983215331
1.26699996471405	64.59999996662141	71.1279998648167
9.766000132560723	74.28199980258941	77.3440000581741
3.097000012397764	66.32999995782967	81.17400017738336
-0.11800001621246436	60.594000267982516	66.9299998378753
1.50400004863739	63.12800006389619	69.98400003433225
1.5419999551773067	86.74799975156783	70.24000008583066
1.0960001087188724	75.59799998521802	86.88200006127357
2.3090000677108775	62.9259998869896	87.09999994039538
0.6420001173019413	67.21199992656706	77.82399960994714
1.5950001192092917	64.01599982738492	69.1819999009371
0.8770000600814822	62.17800019502638	83.86000000476832
0.47500004768371423	63.090000016689274	68.96200003623962
1.5709999704360977	61.23199997425076	76.66800011277196
1.5040000009536743	82.95200002104052	181.1519997361302
0.42699995994567774	67.65200006246558	70.2399999117852
1.54500009059906	93.52999995350847	87.6660001823306
1.319000029563903	70.35199990510937	74.43800023317337
0.9200000286102293	70.30199998691674	71.05800005435941
0.5829999971389767	66.70400013774633	69.30800006628033
1.8109999847412104	65.53800017058848	106.45599982261669
0.29700001716613833	65.20000007033346	67.60000012397764
1.616000037193297	62.40599987626073	68.39200001716618
-0.9780000257492075	55.5900000596046	65.80600007921454
0.7259998846054072	71.22000009059902	70.61800002336503
-0.9230000591278066	65.49800033807755	71.23800007641316
0.9480000066757209	61.24800008714198	71.94000005722044
0.5889999818801879	64.79800034523012	66.11800007343294
-0.1380000019073477	61.33999987080691	68.6900000342727
-0.25399995326995745	59.36799978539343	73.52799984335898
-0.14599996089935247	81.17399964094159	87.137999958992
20.884999887943263	58.184000209718924	63.834000120460956
0.7039999914169305	63.59199981153011	67.94199997216461
0.12499992370605606	65.75599983453749	62.811999945640544
1.6339999818801887	63.608000020980825	98.31400027573122
0.21300000667571956	58.9740000458062	69.0780001139641
9.631000108718872	81.79799991607666	77.03200041294103
0.5579999732971206	63.311999979019156	74.91799983024596
0.15900007724762039	62.63599997401233	70.91799978256219
0.27800006389617804	65.94599975585936	80.0739999762178
-0.5339999914169306	62.79999994993207	70.66400019645693
1.017999982833861	59.47800015881659	78.74799989223479
-0.25599998474121183	63.18400005340577	76.83399994373328
1.400999999046327	60.494000191688535	69.38800017356868
0.7249999570846557	172.26999915003765	73.34600003242491
0.6320000219345094	65.15399998664851	69.70600008964534
1.0400000286102282	65.59799973368645	78.44600040242076
1.0390000057220474	74.38599989414219	71.8700001132488
1.1310000133514422	63.87199984788894	73.04400015100833
1.8890000247955308	73.46399981543425	67.31200029209258
0.03499997138976955	79.29600024878971	68.5539999866486
1.2130000448226939	66.79199989154932	69.21800005555156
22.923999934196463	95.45800008475793	71.32200021266938
-0.2450000429153439	63.552000050544734	68.4640000915527
-0.2130000352859509	61.52600015521041	76.73800002813341
2.251999926567076	60.40399994969366	91.4599998021126
0.049000124931334633	61.15199988573788	80.44400009512904
11.776000027656565	60.49199996471407	81.57400009870523
0.9930000066757197	71.87600026130667	73.56200012877576
1.1810000944137586	61.72600007057192	99.01600030899051
1.2109999942779521	68.13399992227549	82.28199981451031
1.0280000209808347	59.14800000369549	72.15000032424929
0.08799997806549059	57.6120001740754	71.65199969768527
5.195999979972841	64.64600013494488	70.37999976158137
0.9040000200271618	62.47600014925001	75.42799986362463
-0.05400006771087736	71.1279995727539	72.56999993324277
1.1529999542236335	64.27199994564056	72.53200012728578
-0.4770000362396244	56.83999995216729	72.25599972724916
-0.10800003051757939	64.34799985826012	69.51800017833702
1.5550001192092904	68.08600000619889	68.67600007534028
1.378000025749206	63.91600003883237	70.29000004053114
0.37400000572204656	58.98799994468689	66.94199998378755
3.541000061035155	65.46800003767014	73.48799986481673
1.8489999771118169	71.271999938488	60.91999976694583
0.5130000257492064	63.56199995517726	64.15600005149844
0.6809999942779534	87.76799989342692	71.20400018185379
1.7640000438690182	61.21200001955029	71.04600013256072
0.7080000257492072	59.410000143051164	69.54999957084661
0.20899999618530307	67.72199997425076	66.76000004291532
0.172000088691712	83.10200023889541	107.93599943995477
1.5649999856948849	78.7780001354217	133.04999952316282
1.5370000934600818	67.98599999591708	75.46599999666216
0.7679999876022353	62.5400001169741	72.26999995708468
0.3879998636245726	70.35800000160928	63.13399991035462
0.6780000638961791	65.0599997548758	81.49000004291528
1.282999987602235	62.33399995565417	74.78399994850155
0.19199993133544896	59.95399997711181	65.4720002651215
-0.06399991512298667	62.13399992465976	80.68200012922293
0.002999973297119143	65.82800008416174	79.06400015115736
1.1580000066757208	66.16599999189374	74.73199978947646
1.7510000324249269	61.76599980592729	71.50000042438512
14.731000137329099	65.59599990770221	73.90400003910068
1.09799991607666	64.80600007295602	70.0579998278618
1.0040000057220453	64.30800001502034	73.50200006723398
0.5559999561309814	65.4479999399185	67.22199995994563
0.589999928474425	61.722000008821425	68.86200001716617
0.44399994850158775	71.99799986481669	67.71999997615814
0.17500004291534377	64.24800005078313	79.51800019979477
0.6560000324249275	65.55800004363059	76.46200006365768
0.2550000190734869	77.97600022554393	67.20199973464011
1.5729999780654889	66.12000003576279	66.12399997711184
0.8170000886917116	63.83800011396411	71.0019999980927
1.293000035285949	68.6319998568297	71.62599992752082
1.9079999303817745	61.22200001448392	68.81800016403194
1.2199999618530282	66.93800006866452	68.2419998693466
0.1989999771118174	64.13999980926512	70.35600021362296
0.8850000095367426	76.75200004219998	78.09799980878822
0.595999994277955	67.00200013160699	68.54800014972687
0.4970000314712525	77.97599999487404	72.11999999999998
1.0760000753402712	91.56000071585191	85.91800002574927
0.8340000200271591	72.81800015449517	71.23200022011989
0.06099992752075289	67.29200029522183	72.08000015854836
3.004000043869019	62.33200014352797	80.20999979406596
0.20100005149841396	89.0139996385575	94.00400024890897
1.144000034332275	61.23599989891049	70.54400008916858
-0.1989999198913573	64.39599976539613	72.53000017642975
1.0749998617172232	60.361999962329875	76.42399967074384
2.023999919891358	59.97600010186429	71.63800000667565
1.2100000667572022	61.75999996423724	132.35199973583235
0.7830000114440935	84.41599976301194	85.71599979996681
0.18900014400482276	67.30399967432024	86.77599984645842
0.4059999990463263	70.12000013113015	67.74800005435944
1.2130000400543206	71.63999997377393	78.9380001986027
0.32099995136260934	68.64199992746114	71.6260001063346
1.3549999523162846	68.60799970105292	72.28599992066621
32.47100001811985	82.798000254631	94.97000025287267
0.20500003337860054	62.72599992752071	70.65999994277958
0.8450000667572014	64.41799998641014	91.96199970439072
1.6250000047683708	67.52599993228911	75.05400026619435
0.9680001068115243	64.6679998952151	76.27000022888178
1.4790000343322736	62.8940001928806	71.23199997067448
-0.5190000295639033	80.50999970078459	75.3139997428655
1.4250000476837164	61.323999962806624	77.19600007817147
-0.1409999132156376	61.25799985542895	68.54400003671645
1.6450000238418598	57.961999986171726	69.46999989077443
1.755000004768372	72.81999993085854	101.94999972820271
2.69099997520447	58.982000155448944	69.97399996757503
0.4550001573562621	84.87000016972426	112.42399996712807
0.27899994850158594	69.87000012278563	67.95200002908703
0.3009999990463252	63.69999986410136	84.62600022315974
0.3360000038146974	76.221999695301	97.3739999794961
1.0729999828338619	71.17799989938732	70.61199985191223
3.91299993991852	69.82400001049045	76.27799988269811
0.9900000047683725	66.42400005459785	72.1920000076293
1.4870000314712524	62.074000022411354	69.05999989032745
-0.0880000114440928	65.89999992907045	68.89600001692773
-0.0579999685287483	57.10400002241129	68.5340001067519
0.4460000419616698	68.70599976420404	66.88799982070924
-0.3549999666213986	63.75000004529946	67.47599993228916
1.5310000085830695	75.23400035381317	74.13800011038778
4.09099996089935	79.34200012445447	92.71199996948256
0.5130000114440925	59.738000216931106	66.60999994039534
0.4260001039504999	65.55599983841175	70.80999996185305
1.8939999341964715	73.38599996626375	85.77200028419493
0.12000002861023046	58.05000000953675	64.54600000619894
0.36999999046325616	61.230000219345065	73.84200002193445
0.19400001049041832	69.6779995876551	103.00000011086466
0.2839999580383312	62.226000128984424	68.81599990129466
0.9209999895095816	66.87400005817408	76.70199993610377
1.4530000305175772	75.83200049579148	70.40200013399117
0.22799995899200498	64.63800004005432	69.67399994492526
0.33199998855590934	67.48399970173837	68.88999986648562
9.15700012207032	64.057999946624	75.74400002956389
0.2199999904632558	63.63400035500526	78.14000011920928
0.9789999532699586	63.18000009536742	69.38600008964538
2.423000020980836	61.797999989986444	74.7760002994537
-0.573999958038329	60.07000008523466	65.1540003585815
0.811999940872191	63.36200019836424	84.72599997997285
3.248000082969664	61.19999994635582	72.32599994122981
0.4720000267028802	59.718000104427354	70.31399999141692
2.5869999933242798	69.32400001391773	89.79600047916172
25.743999817371368	58.67800005018711	69.28400010749698
-0.19800001621246205	62.78999991536139	67.89199999630456
1.0999999523162853	62.53400001585482	66.23000011444093
0.31000013828277695	59.40400011539456	66.56800018310547
0.4469999837875364	67.02400000572202	71.28399991512303
1.9610000181198102	65.4039999331533	70.78800010249019
-0.5200000715255724	65.27999995425344	67.97199989318847
7.225000185966493	101.39799930751325	70.27600011914966
1.8850000476837143	69.91199972152708	123.92999909922484
0.9169998931884766	61.93799986720086	73.1979998397827
1.5439999008178726	61.18000024557113	82.51399982571603
0.38000002861022986	72.16999990299347	70.15999991416932
0.23700005531310905	68.42600017070765	75.56199990749361
0.610000033378602	60.97400010347362	70.04999992802738
1.4609999465942392	61.27199975788596	62.90999980688101
1.5179999542236315	66.20599989771847	66.39999974727628
-0.24500013351440506	62.33800014019014	71.35200010299684
0.2640000915527352	63.7600001049041	70.63199993133541
1.224999961853026	63.66399999499322	71.46599992275236
0.4329999208450322	65.34399983406074	68.7100000596046
-0.026000070571899594	67.63999999523159	71.5660000371933
0.20600003242492604	60.15599997997282	83.49199966192239
-0.19800001621246374	78.16200013160697	72.06400019213558
0.03000001430511496	62.83399996042253	68.95799993991855
0.734999957084655	69.1820001649856	92.39600038290031
0.4270000505447387	79.50799981400375	71.78800034612425
0.8489999389648435	63.51399994373321	127.3100002717971
0.43099997997283895	68.12399994850153	81.84999986171721
0.8109999752044681	68.71000002861028	68.16800010845066
-0.33200005054473836	60.63000027179715	71.6499999856949
-0.04300000190734918	71.24799994409086	70.08600019931794
0.01699995040893509	58.67399991989135	86.48199999079104
11.70799973487854	78.31599992662673	69.58399989485737
2.925000038146974	67.16600014209756	75.37800015568733
0.5629999494552613	62.41800005912781	67.91999994426966
12.279999756813053	63.02999985337256	66.62800004094841
0.5140000724792478	61.59600001335144	70.62799985408783
0.3289999437332146	68.45400013208395	71.64400019407269
16.89199986219408	62.170000171661364	66.8700001478195
1.9530000066757205	60.62599976122378	67.10999998092649
1.4720000505447393	65.40399994492527	72.09600018382076
-0.4730000066757203	61.13399996697901	65.86600015640256
0.10600014209747272	65.4720000976324	67.34800004959108
1.8670000028610223	104.34200031116596	75.1939998245239
0.2520000696182261	72.71800012528897	63.215999801605925
0.5220000410079959	78.48600007414815	101.84600018501278
14.709000210762033	62.80999994367361	84.75200039505951
0.5319999742507943	64.58199976801872	107.70599954485894
0.4359999656677258	61.29000003814696	71.70000037670138
0.25100001335144156	59.34999998405579	98.4719995474816
0.7190000391006476	58.850000194311114	75.79000018119811
0.06600008487701468	63.3880002379417	70.81000006794932
0.34399998664855874	63.141999845504785	71.69400007978078
3.5430000925064093	65.93999990344045	68.76599995374677
0.5109999704360951	66.93600001931196	63.38199998974801
0.13300004959106426	64.64600010752676	89.47000001311298
0.5509999513626089	63.511999971866615	77.8379999446869
8.271999926567078	88.1500002723931	68.19399995654823
1.215999870300293	94.68600041151052	127.30999978542327
1.4349999475479116	61.21400010824202	68.34200025200842
0.5439999341964716	62.17599996775389	85.33599999502306
1.5310001230239854	67.45800018548967	92.79599998116494
0.5059999942779546	58.167999989986384	80.12400016307828
0.2429999589920053	72.01999982714652	99.92999922037137
1.6529999732971195	66.98399982810012	72.88199987888338
-0.4609999990463256	83.92600000232451	67.2599999761581
3.512000007629394	62.57600001335136	71.73800006076688
0.7239999866485605	66.1559997335076	77.64200011134153
-0.19300010204315174	65.3399999654293	71.74599990844725
0.6580001068115251	67.37000018879772	78.09000022411354
-0.30400006771087773	61.8200000782311	75.5799999892712
0.619000005722045	60.810000044107326	67.44400002479559
1.4110000705719001	67.662000221014	65.01399998784065
-0.22599993228912219	65.22799987167122	74.15999984979628
1.3010000276565552	64.96200002670288	79.93799983024594
-0.20999999046325754	63.70799996376039	69.24199983596793
1.956000037193298	64.0800000791251	66.3640002298355
1.3339999341964723	65.51200025558467	69.24400012493135
1.402000041007995	85.39199984058733	74.89600008010866
0.9009999847412112	67.08400009065859	67.03400004386906
1.7630000972747806	71.81600029379132	74.49799975752825
-0.12800013065338248	59.3520000302792	72.77000019550321
0.992999958992006	64.18000010967259	77.18800008654596
-0.3940000295639042	61.78600018084047	68.11799998283382
0.7200000381469739	82.00599977687	68.78199997901905
0.12799995422363353	64.656000122577	66.30800007760527
1.5860000038146969	62.434000115394575	73.33800006151198
1.8660000801086438	61.17600007653237	71.78400006055831
1.76200002193451	54.01400014668707	71.93000001162294
1.2990000534057629	64.34599977016448	71.70400020480163
0.08000006675720278	64.16599982738495	68.43200008630751
0.7559998893737805	62.71800006866456	69.67000005722049
0.22699998855590864	61.5639999699592	68.19000008583066
1.1980000257492072	69.00199983865014	70.14399986267088
1.5179999637603765	66.95000032693146	70.47999992847443
1.673999981880188	60.14599996566775	66.96199998140334
3.012000074386595	58.58199985310432	68.58600000381472
0.44099993705749535	65.07400002896783	71.0320002436638
0.08600004196167126	58.310000071674615	74.31800008118154
2.1649999570846545	69.315999751389	77.12600004553794
0.9690000343322751	64.94599995791911	108.17200017839677
0.6999999761581431	64.69999993324276	72.62400015056124
0.5239999771118167	68.169999781847	72.8880000591278
1.0609999895095836	65.41799985647204	76.33200003802779
2.5000000667572024	64.60799985885616	81.96600043296814
1.245000047683716	70.7760000479221	81.92200021356345
1.424000039100648	63.71200004816055	75.02400034427639
0.1190000486373893	60.11199987173077	71.18800008609892
0.4869999790191651	93.24799999266871	77.92200015783311
20.04000000596047	60.41400001049041	70.32000012636183
0.20500005245208835	65.75999980717904	67.38400003910061
1.5000001430511458	62.15200028777125	68.76600024223323
0.10299993991851696	66.34999988555906	77.21800012111665
0.011000065803526627	69.92400032997134	72.26600018873819
0.5229999589920052	62.61800005912779	68.24199979782104
5.848000025749204	59.66599998116491	67.00000025272368
33.74600027561189	70.0159999136626	68.67000023752445
0.8700000333786013	63.61399967849258	72.06800000429159
1.4539999818801872	58.23199988961215	60.279999961853
16.2379999113083	67.62000009059899	65.08599994659417
0.12400004863739114	70.68800001144405	77.6360003769398
0.9010001039505017	71.1920001530647	68.15400010108947
0.13800002574920503	62.80199982583522	71.91200026035312
12.302999868392948	60.312000111341455	65.16599992394447
3.0269999551773075	59.62200017780071	73.5800000691414
1.481999998092651	59.68800005555154	116.52800034999862
-0.00999999523162923	62.60000033855434	65.04599996060135
1.4830000638961789	76.4679998922348	71.84599996566773
1.3769999170303335	63.682000064849824	91.28999989867208
21.871000289917	69.30000010252002	104.05400063931933
0.25099994659423763	61.30599991798403	84.44399997949601
1.318000025749206	74.07599981665611	89.49399999856938
3.2000000572204588	65.77800014019003	68.96000020086764
0.30399990081787237	58.384000018835046	73.32200016021727
0.9290000391006482	68.976000174284	91.92600007951263
1.7029999065399168	76.648000266999	74.99000031709673
0.11000003814697325	68.92400015711777	75.83399995803835
-0.05599991321563699	63.28199977040293	76.10400024414064
0.5469999837875358	61.541999824047124	72.02400008887051
-0.312000002861022	65.73200000718239	71.74199996471401
1.4299999856948835	73.4100005292892	77.06400008916856
0.6820000028610222	66.96399976685642	70.86000004410744
0.38599989414215014	68.75199987709522	67.85600024461746
0.37300002574920543	67.9459999656677	90.75600012704726
4.28500009059906	67.05600010693074	82.33200015425685
0.33200008392333985	63.25799999713895	76.39200018882751
-0.1989999294281002	59.36200019836428	85.75599984765059
2.588000102043153	64.84000000953678	76.43799978494643
0.558000044822692	84.34799995958815	77.87399994373321
1.492000064849853	81.09399982452396	72.76399999618532
0.4379999923706051	59.44199984490865	72.199999961853
19.224000248909	65.44200007915498	173.85799955934303
0.028000016212464174	63.07599976390597	77.37400000095369
0.02900002479553283	65.11800012961028	98.59399996995936
0.8769999456405648	64.74799987643964	66.77800024032585
1.6020001602172842	60.95799999237061	66.44199995994562
0.35599995136260865	81.41000023603434	75.7740002731979
0.8770001268386857	66.69600014045825	65.91400020837786
0.8130000448226935	64.49599994421007	72.78599984169007
4.393999972343445	72.78400057554244	72.71000022649763
0.2900000333786019	70.4120001912116	70.78200021743767
0.27799998283386146	66.42599980831137	82.56599959552291
-0.2099999952316296	69.42999976962803	84.83200010538101
0.07499994754791123	59.66000010088078	76.25000013351443
6.329999976158141	61.4759998726845	77.64799995616079
0.49399995326995877	64.01800003796815	68.2480000944435
-0.2360001325607299	64.96600016117097	79.7740002369881
1.8769999456405633	67.91800011157981	72.66799997329706
0.3820000648498529	61.48399985075001	79.91799975395203
1.436999969482421	68.48399996757503	76.3079996812344
-0.12000004768371672	78.55799962520598	67.78800000190738
0.39200003147125223	88.6700002089143	94.25199999809269
0.654000043869018	89.59199991524223	73.4779999542236
25.082999374866496	60.19399985909461	67.10600009918208
1.960000033378601	93.02800000786787	71.65400006368766
-0.005999956130981164	64.52999989271166	74.89400015354161
-0.16899991989135837	61.23999980092052	66.31999996483327
0.43300004005432136	68.57800003349783	69.81199986457835
4.150999937057495	65.46000003337862	75.123999967575
3.117000074386599	73.96800012588496	78.32599996566776
0.28400004863739153	61.9260000705719	70.76599995464095
2.0980000257492066	79.58599949359895	97.520000191927
0.8690000343322748	64.17599998474118	71.60799983501425
1.1500000667572017	62.498000029325496	80.65999993085869
1.4850000095367446	72.74399998188017	71.7440002341568
1.8340000057220442	65.66800007343298	83.26799957275396
1.2349999809265149	67.23800004720684	68.92399992942805
0.006999959945679892	66.23000029414895	73.42400023698806
3.234999995231628	63.73000002026556	70.56800021529193
0.37700003147125116	73.89599998593333	78.55799987316134
0.9819998645782464	56.55800005197525	77.28199993133548
3.9450000000000016	66.90000005245209	72.92599994301803
0.6480000257492069	65.62399989128113	84.9500000858308
1.7819999647140503	63.550000024437885	70.67199988365174
18.44299996376037	61.944000231623676	66.62200008869173
1.2889999914169314	69.02999987721444	72.70999993205074
0.9479999017715443	61.30799997806551	70.14200014114382
1.1249999856948854	70.32200025558477	80.17800013542171
1.650000023841858	63.776000120639765	72.13400012254715
0.13199992656707676	61.798000200688854	68.39999997615811
0.37199995040893685	61.84000023365016	100.3719998931885
0.9820000219345093	77.31800012230872	81.17599986597887
9.983999853134154	66.03999994873993	67.5699999856948
2.4919999217987083	95.71799944281581	72.44399994373326
0.47000013828277604	63.29600021600722	70.77800010204305
1.433000011444091	63.77199990868573	90.41599973559381
1.617999978065492	60.50400010585785	79.43800005674365
1.1609999179840083	69.59799965858453	73.24999984055758
1.1910000610351559	69.4640004816651	83.10200010895727
2.727999982833861	65.7439995718002	82.18800007343296
0.8509999990463263	59.95599997282026	66.34200002670289
0.48400013923645097	68.60800013571976	66.30199988365173
3.4870000934600838	77.65599963188171	67.15200001716612
1.7039999055862423	62.87200009346005	71.92400000572202
0.24000002861023068	79.35800014019017	70.96600022554394
1.7519999885559085	64.28399985969061	72.63599983692171
4.432999920845033	64.44599999710917	98.6840002036094
2.1809999656677244	89.8640002328157	86.18399969577789
-0.1939999675750742	76.07399995803831	68.8479999423027
0.7170000123977669	61.772000003457116	66.60600000977514
0.2569998884201046	64.02999990224836	67.04799999237058
1.6239999961853033	64.91199985146523	76.18800005435942
11.668999881744382	63.15599982202048	97.8300000107289
0.9759999799728388	61.22999972343438	70.16599996447562
6.512000000476836	58.56400005817416	70.87400004744526
1.2769999408721926	61.63000007987019	70.93200006484992
1.1039999771118156	62.34800010204318	73.44599992394446
0.47999998092651447	73.57999987959856	74.13600014418364
1.6109999513626114	62.16399992227553	84.64399997144943
1.0789999485015869	59.068000130653395	68.97599992156032
0.5340000295639031	65.11600019693374	71.6620001935959
1.7719999551773076	61.36599995493886	69.14600011825561
-0.8250001144409178	73.90600017309193	90.29999980211254
1.2020000648498528	61.919999945163674	74.57200004100805
10.049000091552736	58.13800008058546	82.28200015544897
1.071999974250792	59.20599999904631	74.37799976825725
0.5989999723434443	67.4980002498627	63.69600011348725
1.1530000734329222	67.80400004297495	68.49199994087208
1.7050000476837168	69.464000005871	66.63399983406065
0.4939999818801873	59.41799997791644	71.78799999713905
0.8949998903274539	77.14599986940623	74.89999979972835
0.5340000104904172	83.98999977856882	70.42600006103517
0.16899993419647127	65.87000010490416	77.98599991321565
0.580000042915344	56.11399999976158	94.28800003096453
-0.3629999828338613	57.42199988201259	76.06000002861029
0.9910000371932973	70.05200024411087	75.91000015452511
1.5250000143051152	73.33400010883811	69.45999992132187
0.8540000391006455	90.94999986886975	70.7819999980926
7.585000042915343	66.46200000762943	72.99600010871889
1.1680000209808354	91.27400050401693	127.21199997186666
7.417000012397763	61.65000008508563	70.15800003051758
-0.009000101089478735	61.179999985694884	66.98999987959859
2.3759999465942387	66.25599985569713	70.30999996423722
2.3359999608993505	63.02199994206427	75.86399993896492
0.2089998817443852	65.64400020480153	67.61199997067453
0.35400001525878927	63.228000302314705	74.22400004863741
0.7729999828338612	68.06600020885465	88.86599976539605
0.8599999570846562	81.127999869585	77.84599977016452
0.7589999914169313	63.14399998366832	78.48599990367899
0.6010000324249269	59.39199993371965	66.14000005364413
1.3909999513626106	59.73000008106236	70.5000000196696
0.4669999551773082	67.96400019407274	69.92599991798399
1.761999940872193	60.945999897122356	85.72400019884111
0.7410000371932985	61.784000110626195	68.38200010299678
0.8890000295639043	62.82600008487702	73.390000076294
0.06899990081786977	75.48599992036817	77.27800012111666
0.3430000114440916	80.98399990320213	72.31399992942815
1.3139998960495005	65.62200015306473	70.38000026702879
1.006000108718873	67.85999981760979	135.06200029775496
0.42399999618530143	84.21200001642102	80.41600007563831
0.2299999856948843	63.98400000855328	71.33999997615813
1.9359999370574963	61.98800020620234	68.14199992656702
0.03499998092651441	62.87200019121169	77.83000010490423
3.0839999628067027	64.85000011786822	66.9359999942779
1.801999974250793	60.573999868035315	119.97800026416792
1.4419999313354472	62.40599973589182	76.10200021743775
-0.055999875068663635	68.22600008249285	95.24400020420548
0.4570002079010016	70.50000024944538	84.56200006961824
1.2699999666214001	67.11399975597861	77.13399979472165
1.407999901771545	72.88199987649917	68.96400000572208
0.65199984550476	80.45799942851053	71.45599998712534
1.2720000982284556	61.063999935686574	67.32200011491776
2.1540000820159904	68.23599978446957	67.4360000467301
-0.48699999809265115	63.01199980020526	66.98799998834725
3.325000042915345	85.0379999065399	69.86999992847447
0.4760000944137574	61.442000087499615	70.70200007438655
0.29499981880187975	65.44199986740946	74.10799982547765
1.5770000076293946	88.02800002530226	107.89800014019006
1.1400000429153445	61.99200008451939	74.52599992513656
0.18900009632110604	62.35000001311303	67.2119999980927
0.996000032424928	65.24800015449519	71.1779999065399
5.732000017166134	64.81999994158741	71.96399999767542
-0.4990001058578496	56.62799995064737	73.19599994659414
1.9740001153945923	70.67400001406669	69.56999994277949
2.8479999923706045	66.14999970674515	68.95600002527235
0.3740000343322767	61.077999968528715	69.16799962639807
-0.37099985599517743	57.71999998569486	70.74199983596806
1.4280000162124629	62.809999903440485	70.49400004327298
0.19599995136261059	62.68800011768936	87.17800018385059
2.530000019073487	66.7459998768568	70.38599991321568
1.028000049591066	67.31399985790254	73.63600012660025
0.21000001430511525	64.47999997258182	81.50799993515018
0.40799999237060663	66.8179999136925	67.89200002908707
1.4900000524520862	68.17400028273462	73.54600026845922
0.3159999513626107	76.57599999964229	69.96600004196166
0.0049999237060538455	73.67599988460543	70.25800007581708
1.9779999160766604	68.32800012826921	71.85399976104492
16.938000116348263	69.95799984216687	74.50400002956381
-0.929999980926513	63.748000143766355	64.73399991422887
0.029999980926513875	71.01799991250036	69.32199996665118
2.1199998760223395	69.26599994420997	67.02399997234347
1.1559998750686642	66.80799981266259	79.99599991559984
2.194999909400938	70.18599993228912	89.71599986553194
16.07800013065338	63.849999802708616	69.24400004863736
0.5309999465942381	84.08000035136935	77.35600023269662
3.1480001068115224	65.49800011560322	72.47600003957751
0.8990000438690195	64.86600013196461	86.20200031280523
1.3479999303817753	65.41000006258483	68.0880000142754
0.6840000295639025	64.14600006461144	77.39000001668933
12.634999985694886	65.88799980103965	74.182000104487
-0.1710000467300429	64.89600008010866	75.20800013422958
0.4269999647140509	60.2660000944137	75.67799983978274
0.1820000314712531	66.26000023245805	69.28599990844721
0.9359999608993531	63.19800007104873	69.67400022983551
0.3610000467300417	61.267999951839435	70.94599976539615
0.2869999408721932	66.89800012230873	68.38399996519081
0.6190000391006463	72.19000001460319	94.84999981880192
1.4749999141693095	71.45000019669534	69.48400010108948
0.25099991798400817	57.08999993860725	71.51400013506422
0.22500000953674254	78.25000008106223	71.81599985420698
0.3909999752044678	64.10600000500675	87.01600023463365
0.3510000371932973	59.52600017786027	69.8300000524521
3.0749999952316265	62.153999776840195	74.07599977016457
0.2689999961853027	80.15199958801259	74.62599983453748
1.683000044822695	63.37200009584426	78.3840001225472
0.5110000085830693	58.92399992704394	67.94000010728834
0.2159999656677248	59.555999720096594	78.50000006675721
1.6850000429153453	64.36400002747776	69.789999884367
0.9100000810623176	68.8520001861453	75.29000010728839
-0.03600009441375663	77.0439998696744	69.6639998784662
1.3640000391006455	62.91400002002713	68.05999988555904
0.33599995136260974	61.31000006794924	77.55399993658061
0.7919999980926504	64.88999994277951	66.56800001144411
0.8629998922348013	62.04399986743926	64.1299999666214
0.19599999904632626	62.122000031471224	67.51199981451039
0.6779999876022355	65.60999998390673	76.85000008851294
0.35600001811981125	58.755999958068124	77.10000010252004
-0.2559999227523815	62.45800003767011	69.48599997043605
0.5030000352859509	86.53400000602016	69.86800007820129
3.8509999179840086	63.56800005376338	75.81599984347814
6.211999902725225	65.40399998903276	67.44599999904634
1.1370000982284552	62.51999990940087	89.00999986171725
0.3559999656677237	71.12799989655618	75.51799993753436
1.652000072002411	58.45599978446959	70.57399985194212
0.734000000953673	76.51600023090839	85.29000001832847
0.70300000667572	62.115999999046316	73.84199992179872
-0.09899987220764195	57.22199982404703	71.63199985027315
0.17000000000000073	71.5659999227523	74.75600005626676
2.5410001516342167	62.717999880313876	66.53799994945527
0.1549999427795419	61.46200016498561	79.24999982357029
0.9730000591278068	62.620000000596086	95.04599984169003
1.8779999685287463	75.20800021648414	71.89400000095368
-0.07400001049041816	65.01000012755394	96.66999947905536
1.4789999198913566	62.656000225543984	68.80200015068058
0.9690001010894771	58.461999968290286	72.97999988079073
-0.5150000476837164	78.85400006622069	79.60599983692164
0.9499999952316287	57.59199996083975	79.47999978065496
3.4759999942779567	72.69400002241132	69.99000003814693
1.0629999542236324	70.3220001363754	83.22800012946124
3.015999984741211	69.09600003242494	67.22599995136258
2.6890001440048215	65.78600014925001	76.8620001506805
0.006999940872193201	60.475999975204424	73.02599999696014
1.5280000782012924	74.06399954438217	74.03800019264214
2.8110000610351578	61.276000136137	68.8660001540184
-1.1460000705718993	63.323999937176715	68.24600001811987
1.980000047683717	66.45400023937218	73.46800009727478
3.141000123023988	73.05399979352944	76.74599961638448
-1.2040000152587897	64.43199996188284	62.9899997591972
0.4670000410079959	62.30199995934959	72.72800017356872
0.5380000448226933	59.405999999493346	71.4040000459551
2.288000049591065	65.66000009655949	72.98800016164789
1.9400000524520866	64.35599992752073	73.82800018504263
0.11500007152557418	64.83000008106234	103.27999960780144
0.48099999427795365	64.29599986553187	67.20000011444098
0.220000095367432	71.00399964094161	75.87200020790107
-0.14499997138976944	66.53199996680024	82.46999992609027
14.892000126838678	66.53999991893768	69.39999986648556
-0.08400002956390452	61.80399998545647	64.96200004577634
2.776999950408935	65.71200020313266	71.71199988842012
1.529999999999999	71.27199978709218	75.93800015568743
0.5619999408721916	69.29199993610388	89.714000082016
11.730000190734852	72.52799998879432	74.59800022721288
1.9840000057220468	78.30400031208983	69.59799994468685
-0.3599999856948845	60.65399974539874	71.90399995326985
1.3539999723434455	67.05599990367888	81.32199993729589
0.17700010299682561	67.45400013923644	74.72400027275086
0.513000054359437	70.763999786377	70.38399989604952
2.070999975204467	68.57199996232985	83.05399980545046
0.6749999904632562	100.53800022482874	130.28000029563904
-0.4800000905990607	65.9680001325905	71.55200000286098
-0.10599997043609569	63.405999667644494	76.16999996304516
0.8370000362396239	62.055999838113785	77.53599997103214
0.4159999561309809	72.37799991235131	75.65000021219251
1.0690000677108766	62.835999853163926	73.43000022649761
1.4119999980926516	60.634000139236456	72.26200002670288
0.862000045776366	72.6019996833801	79.54200002074234
0.3589999914169303	71.29399998903263	96.47800008058546
-0.5240001392364501	81.56799982547757	83.82200037449603
1.6239999294281013	72.25200002729889	83.59799997568129
0.8590000438690192	73.05400044873365	75.71199987962841
1.084999942779541	62.67799971699712	67.15600000187752
0.11799987316131652	58.134000105857886	80.09000012278547
0.4689999580383305	66.29600003004072	71.8200003838539
0.16999995708465623	62.518000061512005	80.72200000286112
0.7169999456405638	67.07000002145762	80.05600026369098
0.26000003814697165	73.1639999580383	82.65399993151429
-0.08399996280670236	63.57400003671646	66.60000010490418
28.318999838829043	73.13000025406483	68.92000002384185
0.3120000123977671	63.13000002190476	78.35000039339064
1.0200000476837172	59.57399985790249	77.69199976325034
1.0400000762939465	68.79800002574922	75.4240002369881
1.264000010490416	61.323999927639925	71.59399993255731
0.8209999990463251	68.86200005173686	81.30600020885481
0.9719999885559083	63.563999925851796	78.6540000808239
1.0660000038146975	63.344000035524374	79.0140000915527
3.025999960899353	75.34400009870527	78.18399979949007
9.269999985694879	66.07199986457819	78.93800012588501
0.034000029563904965	62.58399991512296	69.98600006297234
1.4560000085830682	72.11400025799865	68.07399997711181
-0.7349999475479135	64.6339997455478	71.48000004053114
1.010000128746032	67.09000025749208	72.89600010871881
0.5209999752044671	86.81200009942057	82.56800029486412
0.6770000171661386	69.65800004005432	68.917999920845
0.9320000028610239	93.92999982833864	68.0599999904632
0.23499991893768177	60.027999913096366	72.96000000953677
0.8269999742507927	61.35800007075072	70.56799984931952
0.7069999599456792	57.71599979460238	67.14999992281197
-0.3560001468658456	80.8539997586608	61.82799993991852
2.8019999742507964	99.81200008213511	67.89000019788747
2.2309999561309843	65.89000005602836	77.85199973344812
-0.5770000028610223	60.79200006961822	113.96799930185082
2.1620000696182253	75.05600019097335	72.79799990847715
1.393000068664552	65.15800006628035	91.9440002155304
-0.020000019073484983	72.84799980282779	67.86400009632109
-0.3729999494552615	68.37199984312056	74.63200034052143
0.3100000333786002	64.31599977850914	74.88200011938817
1.4910000133514412	65.3919999790192	74.90800001189109
14.370000171661385	68.74799980938432	71.93600001126526
1.4250000858306895	76.4659997321666	72.97400011062624
0.8389999675750747	65.33599997460843	79.81999976873398
1.1529999732971175	56.326000095605814	83.04599994346503
0.44699995517730656	82.98000017404551	58.1360000360012
1.00299997329712	58.69599985837937	72.75800008773804
-0.3360000085830691	58.518000141978334	70.45000000953672
18.74700003623963	60.73400003150105	68.12000001236804
1.7520001506805432	82.12200031042104	91.95399996042245
0.8370000410079967	58.77199994087216	76.02400005340583
0.36900011062622184	65.8699998128414	68.78800006866454
0.5449999141693114	63.2199999731779	69.92600003719329
1.4760000324249265	102.20200007677064	73.76199991166591
0.8160000085830688	66.16999996900552	80.43000001430516
1.247999987602235	69.28000010654328	74.6820001411437
4.165999908447263	69.87000018060202	78.06000012874603
-0.08699988842010596	65.34799997985361	76.63599997043613
0.8189999103546155	63.7100001378357	70.46200005292897
3.7929999113082884	75.67800042867657	73.73200010597706
0.39800015926361076	69.78000005245208	70.54799996852874
0.20700014591217084	63.21600006103508	95.56200045108795
-0.08599999427795411	65.960000025034	69.15800003528601
1.0370000457763675	76.25400042057032	83.77400018692019
0.31699992656707676	68.7199999308586	75.49199995756143
1.6830000352859518	64.28800023674961	68.41000015258784
1.1980000686645527	66.05400017976758	69.872000207901
1.6929999208450328	73.34399999618533	72.9360002994537
-0.04499993801116911	60.52000023722647	68.86799997806551
0.15900000572204628	93.72000011861302	78.07199977636343
1.6770000267028797	64.1260000634194	76.46200004577639
-0.022999958992003793	61.756000119447656	71.01999994754793
0.7430000448226933	64.1620000863075	73.2880000859499
1.2330000114440909	71.00399999380116	86.35399972200398
3.1309999485313873	66.39400022625925	68.8260001754761
0.6810000133514397	69.43399991512298	73.79200002238147
1.8760001039505012	58.289999954700455	77.23000011086455
1.1730000591278067	85.948000332117	94.47800032138821
0.24400002479553332	72.81399975240227	69.74200009346004
1.3459999752044685	74.15599997162816	81.00200024932617
0.05099996566772521	63.472000429630306	70.44399978160862
-0.23200010776519708	59.33600006937981	65.31799999237056
11.604999985694887	64.72800002560024	65.02800002411006
22.441999812126163	63.05599989801647	75.9340000963211
-0.013999996185301674	57.724000036418495	73.95399990081789
1.9300000572204588	77.11400036334993	73.68800022900095
48.63899971961972	64.09199992656706	88.21799993991856
-0.23199993133544786	63.01800004810093	84.45600026488309
0.29600000858307013	85.83399980783462	69.75400002002712
-0.05900001049041784	63.68200004056098	76.70200000762944
1.0439999723434448	61.212000360488915	70.3540003418922
1.230999975204468	62.39400002956388	72.23199987798917
0.5990000534057621	60.78400000810621	67.46799984931948
1.2179999780654893	63.84600015312436	115.51600012660026
3.2679999876022343	66.3140001344681	75.81400004386903
1.1380000686645495	67.50000003054738	84.87200041770927
0.3020000791549674	87.35200027465824	79.68200027465814
0.0920000457763675	64.0799998617172	70.31000023067003
1.1019999885559089	67.59999988377086	73.64599997520443
1.2539999818801884	65.7759999072552	73.54599996447556
1.640999960899354	65.38200008332727	74.84800005674362
0.5099999570846552	62.105999747216714	96.32400035813454
16.16199984550476	64.55000003814699	71.62800002574913
2.408000040054321	64.37599995374681	72.82400003999469
1.4209999608993538	68.39200003862378	65.0760000872612
0.6000000429153439	97.86200035810481	94.26800038099292
1.2830000829696642	61.12200006961826	70.29000007867819
0.5650000286102295	78.29000013589858	68.77599977970118
0.3069998979568474	59.549999909400924	86.71600000903017
-0.003999938964844836	69.19999996274704	78.00600021928545
1.8860000038146976	65.19800007790326	68.33600011110305
9.412999949455262	60.04000006973749	70.27400002717968
0.24999994277954168	64.77999993443481	67.3820000314712
0.5589999389648428	66.39400013446807	70.04600002527238
8.557000060081478	71.02399998426435	75.01800011873246
1.4529999542236334	64.032000054121	74.41200011253349
1.797000126838684	61.940000069141355	106.91599947452548
0.9229999208450318	63.64799979090692	72.1660000514984
0.5440000915527352	64.96799987435341	77.78400031328214
0.29000012397766145	75.5059999418258	76.74000017762178
0.6400000905990606	64.80000002384189	73.96599996089932
0.03800003528594911	82.38200003385535	80.7640004587173
0.0020000314712528312	79.58200036525729	69.87600020408631
0.021000008583067623	56.10200013145801	66.26800019264216
2.0800001049041756	62.90199980735782	70.61999986171726
1.395999960899354	61.8779999828338	88.04999976158143
2.3399999666213978	81.77800014615062	86.68799993276595
-0.6450000238418577	65.83599983215332	78.89200025558476
-0.34099995136260997	73.74400009870526	64.96599995374676
-0.27900004386901756	65.00399998724455	88.39999958276749
0.7730000734329232	60.77000019356608	80.91200005769731
0.18999990463256952	63.60000010848045	66.52800011157989
1.8699999332427986	61.47200010299679	73.76000017166136
0.3230000162124637	61.72799985408785	77.49199968338014
0.1770000982284549	59.79800002455711	66.62600000739097
0.8899999618530264	74.06799989700316	120.81200042128567
0.7780000495910647	71.16000004291534	88.71399953842159
1.4240001010894765	61.352000000476835	69.43600018501286
-0.1560000181198113	70.26400005832312	70.37399996757507
1.0339999628067023	77.19399981975549	70.9220000681281
0.36699987888336155	69.22399987220759	78.41200008869178
2.631999936103822	119.89399968743326	88.83600004196167
1.444000067710877	66.93199993491174	70.24399993896486
0.6529999303817746	59.83799990415579	70.6379998159408
0.2500000762939453	74.64000005722053	67.36399990081779
1.3589999389648417	67.22200001716614	75.29600010395053
1.4260000133514403	62.44399983644489	69.92799990653988
0.7080000209808354	59.7979998883605	99.80200001120572
0.1560000371932992	63.16600011229516	74.39600019216535
12.27100006103517	59.84400013685224	73.6819999217987
0.6700000572204597	83.43399997711178	67.40999990105627
1.1669999885559088	75.91000004947182	80.63400028824809
0.9060001087188719	69.14999991491436	102.71600005030632
1.0230000019073489	65.58599996566772	79.77800018072124
0.043000049591063905	72.1899997854233	65.80999993324278
0.8950000858306892	61.310000031292404	86.15199974060056
0.18299994945526216	61.791999808549846	67.49000003814696
1.6970000171661392	63.657999827861815	67.54000009298325
1.6579999828338634	59.88199988126752	73.02400012969962
-0.011000061035156947	70.07799993276595	68.58200001239773
-0.25400009155273306	64.57600007340311	80.07400006294245
1.2440000152587902	71.08600004047153	77.76400024414062
1.2440000295639049	64.95000012397765	77.58999979346991
0.2669999980926508	81.99800033092498	91.72199991583831
9.731000084877007	56.457999783754374	74.05200002908714
0.994999990463257	68.07999984011053	73.12400013208388
1.9929999971389785	63.81199993491172	69.63999990105631
0.628999972343444	61.1759998524189	74.99800027132042
1.6769999074935915	70.86400006771089	75.5419999444484
1.2800000429153435	70.9379998230934	77.62599975585941
7.20699987888336	71.60399989128116	66.0859999895096
1.5300000667572022	69.2480000197887	74.548000125885
0.06299998760223272	60.189999990463214	85.99800037294621
0.1680000448226918	80.7499999739229	74.60799993991851
1.0270000314712524	63.69800007700925	77.6540003442764
3.254000115394594	56.150000129938135	63.6719999217987
11.213999967575086	71.99400002121918	71.84400012493128
2.3310000371932977	63.57600000023844	89.21799978017812
0.9820000076293949	62.509999910592995	74.84399993181229
-0.3049998855590815	64.9799996089935	82.20000024795529
-0.29199999332427945	61.139999976158165	113.16000039935102
0.8759999513626088	69.89999967455863	80.83799997568133
-0.22499998092651408	71.49600016593931	72.9880001816153
1.6319999885559089	61.69800010085104	71.14200002670286
0.9529999732971193	67.13200001955033	79.78999991133813
0.9579998397827144	75.29000009298319	72.00599984645841
1.8439999723434455	61.24400007724763	72.91800025224686
2.1000000905990595	69.13999986052514	78.11799973011014
307.6599996495245	250.15399880543328	504.3539983148875
-0.4119999456405638	61.34399990320206	69.45200009435416
0.059999904632569274	69.94600044488907	73.02599992513657
1.2759998989105215	63.68800005793572	71.0100001573563
0.7250000238418579	64.17600006341934	78.58999989122158
0.36599997997283884	57.579999940395346	71.52199986219402
1.3270000457763678	72.0540000712871	73.89600023835894
0.18300000667571978	69.86400000810627	67.80999999284741
0.8659999847412102	65.2279999709129	73.58999990344053
4.189000115394594	56.990000042915334	70.34200021982195
1.5430000686645502	59.14999994993209	85.02999998331072
0.774000034332276	62.26599996775391	72.43799999237056
0.8269999265670778	59.7500000786781	71.62599995523686
0.44600004673004195	65.72800010576839	71.4559999704361
-0.7510000514984138	58.506000146865844	78.55400002717974
0.36299989700317375	62.00199972152706	70.572000002861
18.955999979972855	59.311999845951796	91.6500002932549
1.1449999952316279	64.10200013875954	71.53800013869997
0.7339999628067027	57.825999919474114	72.7800001883507
-0.11700003147125335	65.83800030231475	97.28799986720088
16.98999993324281	61.33799991607662	67.74000021457672
2.4070000743865974	61.30000008106232	72.27199986934656
1.2530000257492062	70.96599982500072	70.95199991345405
0.06400008678436304	53.89799991518256	70.40200005054471
1.2589999389648447	60.4479999943077	66.07400013446805
0.20800000667572138	70.90199985310436	94.12799976825721
0.9209999656677248	74.37000008106232	74.06000005155798
1.7789999914169312	68.23199996471405	73.90999990180131
0.5099999570846562	104.44399969577793	66.80399986773729
0.39699995040893565	67.78599993497133	111.77799959853296
0.9869999980926513	68.57200017929077	96.70800003573291
1.8140000200271587	62.37599996045228	76.41000021457673
3.861000089645384	63.05399997055527	69.40000005632642
0.8639999628067009	67.48400002002711	88.13400051355367
0.046999955177308095	68.69400018215177	73.44799979925156
-0.06999999523162741	63.97600005149838	68.35000000476833
-0.03699992656707743	64.15800026565793	70.17800017356869
-0.28999992847442485	65.56400011539455	69.89000005006795
3.652000131607054	67.02199972271917	76.41599993944173
0.5000000429153436	64.38399993896485	70.08600010871885
1.0709999704360953	66.04999988079075	88.89000007331376
1.8110001230239856	63.972000164985594	74.23200001060967
3.390000052452088	111.1660006146133	76.40400029346341
-0.5639999961853028	58.50599992439148	66.88399984836575
0.010000052452087863	62.15199981331821	77.05400001764296
1.4150000476837157	66.67399988844991	72.45400013923643
15.449000096321118	63.29600009292367	75.28000014305118
1.8799999713897693	79.66799985885626	80.22000007152559
9.369000177383432	64.29999983310692	66.99800011754036
1.2789999485015866	70.04600033760069	67.83799986362457
-0.19100006103515688	84.01600000321855	66.43400020599357
-0.3030000019073481	70.83399999186388	86.44599979043008
-0.3609999895095824	72.51800004869699	69.43999981760983
0.3389999675750723	62.03599976778028	68.90999995708465
0.19899989604950044	64.25800007343291	69.51400009155279
0.680000038146973	66.33599994182592	72.57599985018376
1.0589999723434451	74.09400005579	84.90000026583671
1.2480000066757209	65.70599991321559	72.38599994659421
-0.1409999799728391	62.388000001907315	83.51400020122539
1.012000060081482	62.90400013923647	72.96999999046324
-0.01599996566772453	66.42800033807752	76.51399989411226
0.9280000352859508	59.36200003385541	119.90000049307943
0.9810001659393316	61.59999999761577	70.17200003623962
0.8620000743865972	63.39000020384789	82.07999991372228
0.9319999504089348	71.0600000768899	155.14799950122827
0.20400009155273335	81.49600023642171	86.12999967366456
0.7179999637603767	62.48399999916557	69.00399998903274
0.38700017929077263	63.873999946117415	72.70199999153616
1.9210000371932974	65.76400008082388	67.84399996995924
4.793000035285952	62.80199974834927	67.53799991607669
