245.78599872589112	63.417999765127874	66.26000006675721
16.025999841690062	85.64599976062784	76.35200017452232
42.02600007057188	86.4519998896121	65.99799999952315
58.18400035858153	121.65999966174357	70.3139999294281
39.11400034904481	77.23600042983885	68.47800033569338
282.214000644684	77.13400003969664	70.53200014472007
41.27199984550475	75.46400007128707	83.39399972796438
353.00999711275097	77.86200016736983	72.00799999356268
238.36200020790085	81.4119999063015	73.91000003576283
10.990000104904176	90.42200044155126	73.246000123024
26.339999904632577	83.17000009059907	76.96200003623962
24.893999900817885	97.40799950361242	72.3060000634193
4.362000026702884	80.6919999694824	85.30400011420254
186.11800000190723	79.14799990415568	66.1920001411437
68.21799945831303	88.20199975505467	79.80600032895795
36.405999994277956	89.30999991267925	80.6660000777244
295.6680005455017	94.75600040435789	85.36600005865103
41.73400000572204	78.42999965071678	75.02000042200086
82.34799988746647	93.28000049889086	74.20399993419642
0.10200003623962417	63.06599984169005	95.08600028753285
514.9800008296967	76.18999994277947	74.18399973392486
11.20399992942811	89.4320000523328	69.52600021839137
13.669999971389782	95.1020002031327	76.88000004380937
63.248000278472894	91.34200041055684	68.51600018978112
21.600000009536732	83.4840001058578	69.72999997615818
30.576000127792373	78.4820001786947	73.22800007820135
65.92399996757507	72.09799984693527	75.79599986791617
69.97599974632256	82.77000055477022	83.88599959373477
29.18000004768371	78.81799996972072	73.65599987030029
0.08799999237060638	87.73200063824639	66.76799975633618
18.03999979972838	81.06199956655507	71.56999978065494
-2.08399990081787	82.90000015616417	65.7640001583099
0.5699999332427981	86.86199995934955	69.90200018644337
53.23199998855591	103.28400030896063	66.03400013446807
207.06999974727634	87.34599959731096	67.2899999380111
14.109999980926508	83.73799979686734	71.54799986362458
1.0600001239776622	87.54199978590012	58.888000040054294
260.97599933683864	86.7299999785424	83.43000002384194
23.275999946594244	80.22400009125461	75.36800000429156
3.1520000934600843	81.2679999475181	72.56200004577636
38.166000118255646	78.99799989581099	79.5299999336899
-0.6879998779296866	100.07799995049834	66.70800017595293
26.331999969482432	107.98600051999094	88.67800002813341
120.07399987220775	85.20199996680016	71.7299999284744
19.312000198364256	77.61400022506712	68.67799983978267
14.239999923706062	135.2419993661344	70.05799988657246
41.30399995803834	91.00400007754564	68.89599999010561
0.6400000190734839	91.72199966281654	73.01800026595592
80.40799976348873	74.57999988079074	97.95000047206885
3.408000154495238	87.64599997088307	73.62000008106222
1.5239999771118178	80.84600003004074	66.89200014114375
70.02199996948242	80.36599982321266	68.8240001001954
11.079999961853032	119.44400028005248	65.61000022232531
31.50600005149841	92.09000007152545	73.14199994325641
14.436000099182117	91.78199965327967	71.7520002150536
9.103999891281127	87.20599979817865	73.09800001561639
421.81599698066685	114.9039996618032	76.31400007247932
1405.0539851760855	51.26400023847821	49.809999933242835
1550.8079841804513	45.52000036895279	52.12800000667572
1515.0379857254038	47.23600064054127	47.440000657886266
1972.347975673668	47.28999996006487	50.87599983617661
1971.171975536345	44.93400068834423	50.877999773174494
1971.4319757080016	46.55199948072435	69.127999754101
1956.683975467686	49.20000023260714	47.183999778181345
1972.4799756050177	44.11800046980386	52.74800035119057
1817.351977005014	58.89800011038779	60.720000132471284
1973.0639756393432	52.177999503016466	50.56200018689038
0.48000001907348455	86.32599987447263	67.85399998188015
1936.2339788246236	46.05999999746678	56.29600000292066
1950.3979792976425	45.93600046038629	54.66400006577374
2.625999965667727	85.56199963569648	69.36000005483625
756.8399990653994	47.156000169217585	76.47199952721603
-1.4980000877380388	109.11199990034093	89.43599997043609
0.16799987792968757	78.65200034379949	75.75999997049567
1.0220000457763665	112.23199962303036	77.1880000448226
1921.7519796943711	47.26599991530179	57.315999733656604
1970.3799755668592	49.31999994277948	51.68000028192999
29.3860001373291	78.085999648273	64.84400010585792
1948.1199773979217	47.00599935561419	71.94600035995245
1846.5879786682096	44.658000318408014	65.13800004169343
1953.5479769706728	46.351999644190094	78.93599999785425
1968.9699757385158	50.10400104045865	48.5720001468062
1934.7559783554036	44.754000090360634	65.1360000179708
1971.5839756202624	43.37800000637771	52.49999957799913
940.0419969177245	45.98999901175497	67.98800036698584
1304.8239914703363	46.29799951598047	59.011999686658356
1.7139999294281012	78.21600027561186	71.10200007438657
1288.069992370605	51.476000897884326	49.27600039675831
1151.0559941482554	48.87400063186885	55.01400060296059
2.563999919891356	106.7399996924399	72.14600002199406
1313.8659885597224	50.550000038594035	60.07000006675718
1208.243992871045	68.33199914783233	70.38799958109857
1296.485991458891	48.782000239938476	49.277999846786216
1228.7239917755126	49.327999983429926	56.402000357657705
1398.02798751831	49.67799990400675	49.701999598592494
1339.1859901428222	48.792000621557236	48.988000368475866
1.5319999790191636	100.59400029659267	69.02400018692013
221.4840035009379	59.815999698489875	70.8260001778602
1.406000013351439	82.52600018411863	68.28799995422365
1400.2939874267586	48.22200047552581	49.74400049358607
1493.875985889434	46.85599948182696	50.57600047290322
1397.5599892306311	57.38200013995167	58.29600017294282
1464.7159875679013	47.8020004098118	48.997999752908946
0.7960000228881823	76.06399985194203	66.4719999480247
1268.3719925498979	50.85000063091518	58.67200011298063
0.5900000858306887	77.22599977850915	75.89600010871885
2.120000114440917	90.47399947509172	65.97600015163422
16.260000066757215	87.92199983596805	82.1159999370574
3.720000095367431	79.39399989366525	91.30000032722948
6.322000036239627	98.17799968376752	74.80599996283647
1.278000001907348	177.63599829122413	80.74000019788734
6.560000171661382	68.21599983334544	67.81599991038438
1.8840000152587906	97.27400055870405	66.88399996995926
1.4459999465942404	95.59599961042404	69.06999999046327
53.259999723434476	80.08799992442135	70.02199987411491
13.82600002288818	77.58200035557151	69.73400006011128
1.2000000953674308	89.3179998731613	75.36399983108042
20.071999893188462	84.83000005483629	69.06200008392332
3.360000095367432	60.70800001621244	77.397999945581
2.024000110626219	99.96999938666838	99.62600043207405
0.19200008392334011	88.64599971264597	70.40000026226038
-1.1379998970031748	90.57000042945158	71.83799996376034
-0.10200007438659693	98.75400035560128	68.9339997386932
0.07399987220764079	126.22999987214806	76.71200021266938
-2.856000003814696	149.11399941325172	69.68599983453747
-1.3279999923706065	73.11800012662997	91.86200009837738
2.9440000152587893	82.87599973678583	91.51399958312514
12.5959999847412	79.2659999281168	68.3280003249645
91.19799977302556	130.69799991413947	70.25399978399274
0.8039999675750722	85.05800060749056	84.2079997427762
-0.49199997901916326	83.15599989116178	69.02400017023088
0.5820000314712513	88.1180001787841	72.85599978566161
1.1679999351501456	89.78400021106015	77.08400024011742
0.8400001049041748	91.0819997096062	68.31400029659271
269.1759995555879	122.03199978932736	68.50200022816655
57.19599979400637	88.20999980419874	68.90599987506874
43.28800008773804	76.6139997592568	81.09400006413462
1.2379999256134036	159.11199904635544	101.77399995729338
9.591999874114993	129.78200020566584	78.83999996781351
6.057999753952024	109.60400103658426	80.57000013783582
109.4939994335174	89.01999998092661	70.58399997711183
77.7440002059936	80.21399991720918	68.73799990475177
15.02600018501282	81.97800004005425	68.64000006675724
100.07200005531307	122.38999950528138	74.8459997615218
9.101999931335454	89.74199981212618	70.73599976539612
50.993999729156506	74.23400016695268	68.60599997043613
2.539999895095825	76.92600033402442	62.97800000518556
9.460000047683717	88.51800066173078	71.7639996695519
25.88400014877321	79.48800026923412	71.25399984359743
-0.9839999294280992	91.53799991965283	79.62799981445076
1.617999954223633	86.01200004339213	73.88400007843961
-0.5600000095367438	103.07800041079531	66.64399994730944
461.8799973869323	112.0860001647472	71.80199990272526
62.39399973869323	96.47599972650409	89.5079999971389
107.89999958038325	81.09599962472909	68.69799997806551
138.33999919891363	92.94000017881385	67.39399972736838
-0.9659998226165778	84.82600042402744	84.0580000200868
7.750000038146975	131.66800037920484	70.53200004577636
110.7880000495911	71.99799978971481	76.47599995374682
552.3779961657523	121.23800000146036	96.4100002956392
19.894000034332283	86.92400024801485	74.65199996471414
1.3379999828338607	92.81799974679946	86.24999978065497
354.0899992179869	85.67200027287	68.82200009107594
34.31800018310547	86.16200012803078	84.6519999551773
56.486000299453764	73.61200008332722	69.24600024342531
181.50000004768378	84.56600005269051	72.16400001525878
25.75599993705749	90.06400006175043	66.39000010967256
28.61000006675722	83.00600022077559	81.02800033092504
126.96000037193289	93.85399952933187	72.2300002288818
7.826000175476077	93.62999993443485	96.80000004053123
92.80199978828435	80.06800034478294	71.55599987030027
11.517999792099003	84.67599981129167	73.82999986171721
2.1259999847412105	81.74000000834465	73.75400004148479
2.5579999160766604	115.35600014045833	92.27399972915633
-2.630000047683714	81.65399966001502	65.44199992179865
1.1639999198913566	72.6520000226795	67.05799999713894
475.1139989948271	69.55400015592573	71.07199979066849
0.030000085830690238	116.91800054788585	67.75200016498569
171.02999996185295	84.31400022208692	71.50400000095368
2.985999956130981	97.09600015044198	70.12399981498719
140.09399949073793	90.61199993327259	67.76400002479554
68.9019997406006	79.77599975883956	73.64800003290182
65.10600005149847	85.79799933314324	77.82600058078769
2.3919999885559085	85.55600012868635	74.33400010108944
28.15399991989136	84.23600008249285	81.1860001951456
24.097999916076652	83.64000014305111	70.01600035190577
192.93400101661678	113.44400061786176	70.28600029349319
-1.6260000753402706	80.8819999647141	70.44600046038627
87.10800048828125	62.54200010657309	67.33199989795679
3.925999956130982	80.60000007644307	69.76199995994564
45.830000038147	94.23199982926253	105.20199991703038
1.9799999332427973	80.9299999159574	72.06600001335138
39.622000064849864	89.20600048214202	69.35000003397465
30.420000057220456	88.42200010836123	80.94200044438249
108.1819998931885	87.64999971628187	124.25600068271159
7.3560000514984125	80.40599987268446	69.8539997935295
536.2639967823031	80.92599996924397	65.34199977397915
97.22599968910228	104.81199993461382	75.27000017762182
24.994000110626203	90.42799995034933	66.18600007057188
296.4519993209838	80.9839997425675	85.93599989891058
14.885999984741211	93.83200029373175	67.44000004589556
49.87599998474122	113.47199951723213	66.19200001239773
1.2240000534057631	83.61800017356865	51.79599997997285
24.855999965667728	177.59599964708082	52.82600014209745
0.40599995613098233	91.62000029921523	52.390000007897605
240.43199954986585	79.08600002884863	52.40600005030632
1.1060000038146987	71.42399982452392	52.03800001680848
1.9560001373291018	89.31000047445298	62.66399997234347
-1.4999999237060548	91.48200002223254	72.67999992370602
56.652000303268416	109.28999969601624	64.78400000095365
1.4839999866485578	81.51600006341931	57.6820000076294
123.39600004196161	90.4640002970398	60.62200000286105
15.253999886512755	98.18400003656745	62.76200000762936
558.0680012035368	104.60000037789347	100.5839999036492
30.35400006294251	62.71600005626675	58.45000010490417
0.8840001583099368	79.4439999678731	61.07400005817413
2.914000024795534	90.66000004142528	54.346000204086295
33.91200030326846	62.49400004416701	52.92600006818769
50.48600016593932	81.52800022959704	54.81600007891657
3.985999965667725	89.7059996914864	55.25599992752074
1.5240001773834218	87.01000001430518	55.41399992465974
47.091999921798724	95.04200018346293	56.274000077247564
-0.4359998321533185	84.04600013077265	53.12199994593858
4.01800003051758	84.37599996536963	55.666000037491294
0.3500000333786016	74.37199984252456	59.021999942809344
26.297999868392935	87.14799976289284	55.78200014755129
263.74199993133533	86.59000023603446	56.1260001248121
22.866000089645375	78.39000022172917	54.93199997425078
-0.36800002098083623	102.8979992341995	56.28399994462729
47.83199966430668	97.22600041687487	63.04599998056885
1.5580001163482655	90.79799992442126	61.422000056505205
0.1379998683929453	96.39800000876184	57.05599994421006
0.8919998931884755	94.20199982270594	53.935999956130956
29.18000009536742	87.70399921774857	54.90000009536744
23.06600002288818	78.81799979090688	53.97999990582462
29.816000194549577	76.34999986410146	52.87999993801117
-2.310000047683718	100.15000013589855	53.64000000596047
2.57000008583069	89.81599981039763	53.458000059127784
58.33799997329712	85.1180001342296	51.427999980449655
10.213999919891357	79.06400019407276	51.2039999306202
269.11599943161013	128.6299993960559	52.80600002884863
10.557999925613409	74.79800021961331	51.54400011971591
25.301999969482416	78.56199992030851	52.36000014960769
-1.7280000400543198	113.6000000323356	51.436000058650976
-3.839999990463255	95.05600043743841	65.55199994802476
32.49999970436094	78.34600031524896	61.33800017833705
10.52200002670288	124.30799959480751	59.2760000419617
-0.4999998474121092	79.65600008219481	56.17400007724761
3.3260000419616733	82.77399976670745	57.69400003910066
312.8319994330405	81.13000025182956	60.76600012779234
2.2119998931884775	106.44000053763402	60.4580000925064
2.9539999294280985	130.03199943900097	63.18000018119815
57.63599987983699	179.67599962115298	55.709999985694914
147.31999983787534	96.77600050449365	60.644000082016
0.010000028610229448	80.26800045073031	59.34399995088576
15.131999793052664	81.51599985837929	58.85000000566244
1.657999868392943	89.33999968528748	59.65400002956391
-0.9640001678466816	89.90199991822237	68.45799990653983
81.5480003070831	79.03600064322357	58.23000003814697
2.6840000820159915	84.06600009262557	59.6720001077652
-1.458000068664552	106.77000066518782	56.168000097274785
269.8819997763634	84.99600054621699	56.208000125885
21.54599990844728	91.42599985063072	58.078000094890605
429.5499994182583	89.36600035429011	60.7979999113083
1.2220000934600836	110.33999989658595	55.4160000181198
53.58999987602233	74.18400020122527	68.33400003492832
46.199999837875396	86.96799999296653	62.20400010108952
52.84600033760079	74.07200007840989	56.311999917030256
1.120000119209288	102.56999950170515	57.24799998283392
273.3619997406006	74.99799999475476	60.02199992179869
1873.8239772415238	176.68799967333663	328.06999818384645
25.517999792098987	79.4879998397827	65.18600009441377
52.311999740600626	85.40600008726115	73.12800011396405
151.31599987030026	78.90000022694461	70.30000024080273
36.47200017929077	72.24400025963787	63.86799997329713
91.4100003910065	85.99599958062166	70.68800002098092
1.5200000572204584	95.63399982824915	72.51000013351441
194.99599912643436	73.07200003147119	65.67000001430515
3.119999780654905	75.06599979400633	66.87599983692168
-2.127999944686888	91.936000262499	68.76999985694889
433.8599995613092	77.78199953556064	67.6379999542236
29.423999948501592	92.42599993705745	67.50199995994569
2.2360000038146963	92.60200053498147	104.52200013116001
-0.06199987411499199	69.59400009512899	74.72799986004827
16.845999975204467	89.87800017178054	64.89799981117248
2.1160000038146975	85.8040002226829	69.93199994564056
56.88600002288816	75.48200050055985	70.17399997293944
0.051999845504760084	85.64599976181977	69.8660002326965
48.068000173568706	99.50799958288677	73.31400007769463
-1.6979999446868894	92.67799961805348	66.53599993228914
21.910000076293933	83.98200032591808	74.24800007343288
-1.9360001754760732	79.57600010395053	72.71199988961212
2.465999946594241	98.0140006954968	72.3900001335144
24.231999950408937	92.19399993181231	68.61000031232837
-0.13799989700317555	75.31000016629699	71.03600015640255
187.94399941444402	82.67600010156626	69.59999999761587
186.99400064468406	99.9380000376701	66.16000002622594
2.9220001506805398	94.7619996604323	82.36399979919187
-0.06599996566772448	82.77399988085031	83.15599990010259
1.3619999217987062	79.36200001716618	71.44199990272524
22.21400001525879	85.5360002946854	65.57399985790254
25.50600005149841	76.72000017553569	75.4680001139641
7.713999977111819	94.28200029850001	68.79600009441373
12.99000001907349	77.71599996447566	70.58599996566767
2.9460000705718983	96.67799993515018	66.77599996328352
125.26600049018865	93.70800009921182	72.06000004529952
3.3760000419616705	96.71199999719862	75.69600010991095
31.85000015258787	94.64799980163558	70.06400009155274
35.076000022888216	86.61000001385807	66.97799992084506
1.489999990463257	104.15599982738489	64.0800000023842
387.893999414444	88.27400058314196	66.87200017422437
963.2759947586061	87.51200000524518	66.9440000605583
93.38999990463248	92.10999988555912	80.76199985980988
115.5959998607636	105.20999958872795	71.97200002908704
-3.6639999961853023	84.0539996182918	65.7139998941123
-0.4560003089904765	109.3980001486839	67.89000009298323
328.2679993724823	116.02200024321678	72.5360001325607
109.21000007152561	84.89200011491775	67.60800004959103
74.78600015163421	91.95400002956389	72.74799994140864
-0.042000036239624595	68.44000039100641	64.71600007772447
34.789999980926524	153.45599993661025	82.32999997138985
201.71599942207334	66.12599973082538	51.74799998283381
8.454000015258787	95.40799948334698	70.7600001478195
1.2840000629425046	111.60199988618491	67.11600008964541
1.16999997138977	80.48199995040888	61.66800004482269
256.65599855899825	84.15999984920026	65.86599996089929
1.136000132560729	79.45000004291532	66.46799996376035
40.48999973297118	119.44600047752255	68.63800010442728
0.4800000381469739	138.47999898299577	68.97200011730197
1.7280000686645516	78.28999965667724	71.92199980735775
-0.9200001716613765	91.35199969381094	73.21200021505362
43.051999979019186	83.99800003766998	72.16999989986425
18.65199975013732	79.89000018998979	61.69000006556506
334.8560000801085	89.72199975073333	73.90399999618532
0.1559999752044691	89.074000185728	67.5820000267029
3.3059998989105197	87.13599988937375	79.4900003083051
3.5059999942779543	130.68400029107931	96.3579995250702
2.8380000257492046	83.25199982285497	63.3340000152588
-0.7679999065399186	156.48199859693628	70.71800010919576
598.5779963874818	94.42800023078924	129.83000091731563
2.864000163078305	75.69000037431715	62.82199985980985
1.2239998912811294	79.42999976873399	72.57000000596042
52.469999990463286	104.42600027799607	67.00600028991701
126.36199978828434	90.55400014311081	58.252000005245215
-1.4559998941421513	78.48599982261656	53.07000011801717
132.76999902725214	85.24200014770037	52.375999996066106
4.642000074386592	95.6559995447099	52.55000002384181
211.7959995079041	108.586000996977	52.149999970644664
92.12200030326844	80.06399983167648	51.52400007769464
61.623999814987194	82.62599994063373	52.20599998712541
0.8580000877380355	86.36200037300596	51.74000002622601
0.24199999332428096	88.94400050520896	54.2019999301434
24.854000253677366	100.94799934506428	49.974000009298265
1.29199993133545	103.84600009530772	52.35400009393691
10.290000123977663	88.18400029659271	53.67200001716614
-0.5960000896453858	85.57600028514868	53.68599998593332
331.39399818420384	126.52600020050997	53.64200008094308
268.08600066184994	84.89600028708576	68.01200004398827
0.15999995231628264	80.898000254631	53.26200006335975
225.42200015068062	60.10000014543537	65.56599994659423
73.34799972534184	80.85199986100193	64.2899999523163
2.0899999713897723	84.23999999880785	69.21399977684021
323.68799956321726	105.7859996587038	67.00999987125395
72.11600026130674	84.3599999356269	66.08999991416934
1.1620000743865966	84.03999970197674	69.59
199.74399993896495	82.697999947071	72.9880000209808
59.965999803543085	90.58800020560626	65.07799997806553
1459.061985359195	125.8240001162887	67.26200002670278
16.57999989509582	89.54599945902828	69.10799996092912
228.51400068283087	80.61000004529946	76.99799973487855
33.463999986648545	87.013999595642	67.84400013923644
354.77999897003167	91.58199992120257	67.40799990653994
30.34599988937377	83.86400008797635	61.98400018095968
11.819999990463257	116.9540007129312	68.48599981307984
941.0980004215236	98.94800025224686	267.25599847361457
103.80999963760378	92.41200007989993	74.27400017738341
62.127999877929675	70.19399998664854	71.08999988973133
28.931999998092664	105.20999982386819	69.41199989557262
13.445999803543087	82.62400063157072	73.1600002472103
26.4280003261566	67.35200006961817	84.5519999408722
48.83400014877319	92.2120003175736	86.58400038242337
101.16800008773805	100.96600083351137	66.940000257492
31.568000192642202	75.31399967953568	66.73600003719326
0.7519999408721898	69.65999973773961	72.84400000095368
26.983999872207637	110.95200007036316	79.55800004959116
1.279999942779541	77.41400003790861	83.16600009322165
13.211999979019172	92.84800034210082	73.61600016772748
-0.6759999465942395	91.87400034382948	65.81599982738493
52.31400011062622	78.26199998065829	70.64599995136257
0.23400010108947836	114.37999924689528	81.84000014066689
1.7200000572204586	103.09999994695177	88.36199997246264
3.152000122070312	91.4539993298054	76.3019997394085
256.63200059890744	71.19000008225439	73.88200032234188
121.43600019454951	94.56999996304516	68.32400012254715
51.868000288009625	85.50999983429902	70.37599999904637
70.07000037193299	88.57000008583066	70.00399991989134
46.055999908447255	165.45599878922104	69.91600023746489
91.52599983215337	95.56599955588578	66.4160000753402
0.9939999771118168	86.20199993610385	73.1580000782013
31.128000164031988	83.34000000834463	71.17999995470043
524.763998146057	88.45400067090985	73.51199991703037
11.080000133514408	105.18800018697969	73.1399995839595
103.25399996757503	85.12599977657194	67.52999999165532
15.650000028610233	77.51599980115898	70.48199995040899
1.6840000343322754	82.59599972322584	71.03800022542472
163.47600022315973	79.71399959325795	67.45199989438059
1.2759999561309818	87.54000033199777	85.71000007450581
30.878000154495272	100.28200034379958	68.08799981594086
184.67999961853027	84.21600003361709	74.11800011307002
207.16999922752382	88.3600002351404	77.18400032520289
14.242000036239626	80.1139997339248	70.33400004386903
-0.46600008010864336	82.90999972581862	83.96800018906586
0.10200012207031108	85.77799965202799	80.64400009825829
58.390000276565516	89.85199965238573	70.66200022891158
112.91399990081781	86.80399998009204	93.25000018239005
2.391999912261962	85.02000027894968	70.06000002503397
379.2540006732943	79.70600021600724	100.53999985545876
48.82600024223327	97.45600006103504	75.13799992322922
11.783999948501595	83.91800028920173	65.50400015830994
30.76799980163577	79.55600005656478	74.67000000953676
290.36999859809885	90.69599958941328	74.51200006484989
64.27000017166141	86.88000048160542	64.90400003671643
206.5359993934631	93.54999985277662	64.44999995708469
2.0040000724792484	85.1800000047683	83.37399994164701
158.2560006523132	74.0060003185272	75.56800001144404
39.02000012397764	84.76000022351737	68.9819997406005
19.173999996185287	87.62999985501169	70.97000002861023
530.2139978551866	96.24199982881551	79.25400012016296
292.40800061225866	82.33200012564656	65.28199991509318
62.7160001373291	87.12400053977963	71.88400015264753
11.448000068664543	63.74999990463254	77.52400022789845
213.96600117683406	92.53200002074237	66.53599996566768
1.0799999713897697	84.82199965894219	72.91799992084499
14.124000024795544	108.76600011050704	65.31599985599516
34.30599984169007	77.5920002055168	68.04800027847291
0.2680000495910648	84.05200016617772	66.40800006866452
41.554000253677344	76.80000013113023	68.8080002005398
1.6879999828338619	85.79400012373924	71.61000000238417
13.9579998397827	74.05799982592465	63.59200015544886
59.129999818801856	79.95800024151802	67.76800012111667
0.7319999122619635	88.46200011879206	65.86599977493286
14.669999947547916	95.07400040984143	71.06600010633473
1.6340001106262219	85.48800043225296	65.04599987983701
0.6460000514984151	76.96199990391725	113.6839992457628
26.19799973487853	84.18400017619138	69.5820000219345
26.750000019073493	87.14599997222419	81.60399987101545
100.13999972343437	78.0459997081756	71.04000001430501
309.20799983978253	101.0700001609327	69.6120000600815
5.35200002670288	143.32399929583093	78.87599988579754
0.4000001716613778	65.98799992203712	67.63799994468685
214.9020005416869	82.95600001454349	72.63399987220768
138.55199997901897	81.09599990725516	79.61800019383432
2.025999994277954	93.86800063759092	70.3620000696182
1.767999954223635	80.26199973583228	89.43400010347368
0.5859999179840089	92.55599949002269	69.68599990129471
27.325999784469587	89.14999973922961	70.71799997806545
-1.938000020980837	99.5300000457465	69.90999993801121
1.6400000095367453	95.06400023937228	70.13999985218048
67.60199971199039	133.42999987170117	83.21399973720317
11.730000028610238	118.83400051236164	77.76400032848116
33.09600001811979	63.3059997048974	55.595999940484774
16.60200015068054	78.83600020170218	71.51399995326993
45.356000156402594	99.16599981725213	66.93400031924246
124.70799972534178	79.26199974477277	73.68999984741207
4.234000024795531	114.57200068637728	71.57800021886824
13.946000099182122	78.87000040054319	86.26000048637385
181.59000076293938	88.54000008225432	67.8199999904633
17.969999742507937	97.09799976348882	74.9400002384186
260.44600001335164	85.7080000799894	70.52000010728827
102.26199997901908	83.98200025498868	69.10800046682357
19.028000068664554	87.53000014007085	69.59199995994567
119.98599938392643	131.75199996724734	73.31200003668664
49.07199979782106	66.13200036138298	71.02399997234342
115.80000032424924	78.94200005576016	68.79200025081639
49.712000093460084	85.24999980777498	65.80400021508333
165.72200027465846	78.99999985218042	72.45400000989437
54.13600036621096	82.49999996706838	79.43999998569488
7.360000038146973	83.5880003166199	75.09599961757655
624.0299986457833	87.30800002634528	72.81600019216536
228.69999835014337	90.7780008006096	69.06400017023088
42.73600025176999	78.29799995899207	72.68999989509587
0.9260000228881846	116.21800064802173	78.34400018692003
1.0839999485015854	89.85000011697419	81.20999992370609
15.851999883651738	71.07400001108645	69.32200024127954
311.7879987430572	88.4960001540183	80.04399993062016
20.970000057220442	87.56999996662138	77.65799987792973
39.275999984741205	102.42800001293419	71.95600002288813
15.511999864578241	73.36399978876109	68.01000025272366
129.4019995212556	82.81400002747775	69.96399989306933
66.68600002288812	95.31200018882758	66.22000001907351
1.1299999618530274	81.23200013160698	95.81400074005131
2.1079999637603777	78.48599992394446	72.43000035524364
1.0520000171661357	102.05000020369891	69.6420000973344
185.34400006651882	90.84199963569645	67.8440001821518
-0.5359999561309826	95.21599962234502	78.30599982261663
0.2479999160766617	79.3639998590946	67.64199995040894
-0.3060000801086438	75.75199962615956	72.3839998455345
2.6819998931884776	84.91399952292431	74.28800025284292
23.14800028800964	89.30799992918962	72.13599996447564
1.2200001239776628	124.93000029146674	65.94399985313414
38.275999536514306	89.8780004549027	67.80400011062625
2.0439999198913563	90.335999685526	79.7400000071526
394.0459989213945	74.86399969697001	67.15400008201594
1.8199999999999987	120.92399956896898	66.58799978971483
76.89800004959103	73.64600010871884	67.90600005626683
1.120000009536743	78.1320004588365	72.92199995338923
-1.9999999451637254	78.20000042855739	82.00199977725755
33.63199995040892	94.10800011396411	75.44000001430516
5.4299999618530315	94.80399945855137	80.24999991416928
227.15400050163265	73.62600036144252	66.57999998569494
196.24199944496158	172.3119995859266	254.88199882328507
0.6559999275207538	96.91400019705306	73.74799993991849
36.90600011825563	79.49600000739112	71.37599995613095
17.665999755859378	100.48199940800662	76.47800040125851
73.65800008773807	100.65999998390669	64.79000008583073
179.6639994430543	94.25599965721369	66.1819999659061
2.7859999799728383	85.59000001192085	74.35800011396405
529.4860001754757	159.81200002551094	76.5699996638298
0.6980000495910633	81.78799979686738	66.12800014495853
25.258000030517582	84.61799972534169	70.2580000162124
1.1859999322891246	99.84799982979888	65.95599995747206
24.5860000514984	85.77600022554397	69.03200003147126
4.97799996376038	98.62799989297984	69.0319999654591
-0.4160001087188732	95.65600032418955	66.22799992367621
9.657999954223639	86.91399970650683	76.43400000810637
1.6540001010894765	85.41600029632443	70.8499999189377
-4.015999860763553	85.91400088191021	63.18000013500443
192.9980002689361	82.65399997949602	73.50000003814698
98.05600016593935	91.10999983936551	71.92800004005441
17.944000091552713	85.67399986028671	70.9680002999306
-0.2879998826980589	82.33399959951639	111.98800017192967
25.087999954223626	119.72200024962413	105.85599995613101
-2.1139998912811286	80.1159994205832	71.3340002799034
123.81599993705748	81.71799993038174	71.24000008583072
0.7100000333786033	76.03000036120407	78.85800002574928
29.635999741554272	89.22599962845447	64.85399990081777
-0.341999921798705	160.03399916708472	99.90000017404562
-2.1219999170303363	103.78800048708919	81.60600003242499
24.58799989700317	89.05999967232336	70.47600011587144
2.4519999551773037	142.84399866551152	64.89000005245202
86.90199985504151	85.72800000429159	72.22199999988078
-0.9839998817443861	88.39999989748	69.50999997138972
257.08399980545033	88.53200008586049	66.64000006869428
52.334000368118296	80.93799970358613	70.3680002272129
-0.38199991226196434	93.27200061917314	75.75799983263009
2.8100000667572007	90.96800005912783	69.97600022792815
1.8299998664855943	87.09399969935414	71.40799989461894
-0.5819999694824232	89.05400010704993	85.7059999904037
65.07199989318849	85.17800008058546	71.74999970316885
3.1640000915527398	86.62200038611894	74.91199989795693
206.81799946784963	89.1660002288222	92.93199971526857
282.9699985694885	77.44399960875508	71.28199975192543
42.426000137329076	73.1260000661016	71.16600003242492
-0.9360000419616691	75.6920002865791	74.20999969959253
64.98200012207032	83.4760003733635	70.9519999554754
1088.3239916515347	117.7140003833176	151.38600009903303
2.4880001068115227	70.58799999773503	81.08999981880187
26.45199995040894	109.54000039502988	78.25600019454961
7.720000057220463	83.48200027823438	92.80999973297118
388.0479992675781	136.4900000691413	81.13000009536746
72.57800008773803	87.01600001037117	64.4260001647472
60.90000040054323	88.27399978876116	102.2339998035133
1.0020001268386844	100.440000090599	69.86199981451034
-1.266000156402587	98.6780008649826	77.8599999824166
-1.2340001296997065	148.3379991629719	72.01799979209898
2.4080000686645504	74.68199990570545	73.35800010919574
236.7459994411469	110.72999997615811	90.84000041484836
15.790000000000012	87.89999978408215	69.80400010585777
132.64800070762644	84.34800029367204	76.41199995517731
33.26600011825562	89.7799993634223	75.17399993777276
188.08599973678605	71.22400001615279	75.8179999017716
205.225999956131	83.83400057986384	70.84000008821495
47.169999523162836	79.64999983310697	76.36600017547599
121.98000001907342	97.05400054484608	77.7179999876023
1.7820000076293967	74.29200008928767	68.45000003099439
25.808000135421754	74.502000119686	77.71199952796101
5.372000179290771	109.69599947452531	89.11200001508004
2.322000026702879	86.81600005075337	73.35999997138971
-1.6320001220703122	77.38999998301259	74.88200000762941
23.936000008583086	90.10800061181186	66.35599980831142
297.0939996051787	62.6039999651909	96.72400060892112
2.2400000953674333	90.52799956038592	71.46799999237058
1.0500000190734866	127.23399940118179	68.1679999709129
28.210000047683717	93.78599953368305	64.7640001153946
208.3659997940063	94.46999957084647	67.18399998545644
16.094000148773194	83.87799991413952	75.42399992942813
30.66600002288818	83.88600012093781	72.56800003051757
0.24799997806549262	95.53800007253888	76.37800008296969
145.05400017738336	66.36800007343291	82.381999475956
145.2500004291534	107.6780002327263	115.87599952816961
256.95199890136706	144.0559996438027	76.50999961674212
20.86199991226196	96.24399977952251	76.4280000904203
0.8459999656677228	79.42799978554257	68.47000013351433
25.140000076293948	122.07400104135284	70.70799991130825
-0.4839999580383294	80.40599947810163	95.30599976301191
240.64800021171567	83.26999991416928	69.87000016570092
1.5200001430511487	94.468000190258	72.39200009584427
0.37000005245208833	89.83800054848192	72.68799997329718
83.86000011444094	76.41600000381466	73.11200013399126
409.3699991321561	83.1119999051092	95.59000019073488
30.203999891281114	104.98799977660175	66.1140001046657
-1.9759998846054079	88.54599986433986	71.04200023174285
1.8639999771118145	84.7239996564388	73.83200000762943
552.8719985580444	132.45800030142075	113.12000045210131
229.95799911499032	93.2879995913804	77.37199992179873
3.9880000019073507	143.7319997963307	65.73800004959102
312.59400055408497	135.00199967980365	71.03800015449522
-5.659999980926514	66.75400029331443	72.52999997138978
48.26800000190735	90.97800000697377	74.7840003156661
9.088000011444102	81.6260000491142	72.70800010085115
12.53399994850158	93.12000016331665	89.41600008249284
154.25999985694887	93.49600026726729	69.63400007247921
72.20599981307981	85.04200012996787	71.99399984836575
26.949999761581406	77.2540000772476	72.26999972105027
37.388000030517574	86.59800012052051	70.87999991893771
-0.7679999256134028	79.3940006041526	69.39800010323518
-2.3539999866485566	102.72000016227356	71.71600018858906
28.349999742507915	135.22799993142496	74.04000013828269
46.12600016593934	85.22999984979636	70.5920002138615
2.7779999637603767	76.62400003671644	77.2659997785092
0.9700000190734857	87.62199966579675	73.91600019454964
1.62000018119812	85.9259993958472	75.32000016212466
0.7879999542236316	85.69399993747476	67.1019999337196
8.825999946594239	83.17799996659164	67.82200016975402
93.31000017166139	86.08600000858314	63.465999946594245
2.536000051498413	68.98599992752068	71.09600018501283
177.6399993133546	71.77600027084355	77.41200005769731
74.61600035667416	79.37000000804665	66.16799994468687
88.20800009727476	80.47799971938132	86.487999973297
0.23200015068054286	89.39599964037534	79.27599998429419
-0.36599987506866605	132.28800003036858	107.22400052785868
0.4900001144409174	105.86799980670213	68.73999993562703
41.20400002479556	78.78000027254217	79.0379997062683
2.288000020980835	105.50199969768508	68.70600008964531
84.98800035834313	96.63200060665623	68.09599992871281
17.778000087738032	111.55399923875915	70.87200016856194
51.37199995994567	97.53200072526931	76.27600036144261
186.17800046920775	86.41599993869663	65.42200010776516
113.65199970722203	82.01600040674208	72.81599977657201
4.530000143051144	104.7820001590251	69.30599991708998
-2.0659999322891243	79.06600011348726	95.20599998474117
26.375999631881715	86.12599993765346	71.89799979835747
23.75400002479553	74.81599986076357	67.95000023365021
25.194000067710885	84.23400030240416	74.88799982070914
1226.519993047715	101.13799999356276	71.76599999666215
491.4719973373416	98.25199976533648	74.72799975395208
226.1499994754792	93.17400011777877	70.29399982929239
40.54999969482424	83.539999935627	66.01000012695799
0.5380000829696657	80.1819997248052	65.65399996757505
4.867999992370607	97.24000005632644	69.52800010204315
-1.609999847412109	78.51999975353475	70.46400014370674
-0.132000036239625	69.7359999835491	66.88200030803677
2.0340000104904172	81.10600012421607	66.12399990797043
1.1940000391006473	103.41600007012495	108.9020002536476
130.76199997901912	79.1520002174378	75.61600013732911
355.71199829101556	81.4879999405145	70.38200014829636
62.54199989318847	94.12000020742407	69.55400001525878
156.72399955749526	80.50000029087056	77.20800003051748
35.514000120162976	78.2359998932481	83.06400041103359
234.23999990463267	87.2960003904999	71.99400024652472
70.75000012397766	80.35999973922966	71.07999966382981
20.212000141143807	81.46799980938435	66.15400010824204
198.10599963188167	145.18799975261086	73.66400005340573
256.5939987897872	84.13399982601403	77.55400010108933
-0.1379999542236323	83.4659998512267	73.48799994945534
55.09999986648562	80.13200004935268	65.2600000238419
18.893999910354616	86.05400017529726	65.10599995970729
-0.1939999771118171	99.26800025701522	72.56399997234345
-1.114000053405762	80.77000024601806	62.31000003471973
8.920000190734875	104.76599963665015	94.1359998798371
87.29599984169008	70.5120000874996	77.16600004136566
15.10000008583068	98.20599988698956	72.80999983549107
3.4759998893737802	77.89600006863482	70.5440001571178
24.92199992179871	73.270000128746	71.0780000460147
19.707999944686872	96.19199942439793	72.47000000119212
20.71000012397766	120.91199990570547	67.75400007247924
366.9719984483722	91.45400038838379	72.51000036716471
72.7820002746582	67.2180001080036	71.55799992799751
-1.151999988555907	88.3980005240439	66.5660001039505
0.5200000858306871	85.84800001740446	60.77800013065334
151.47599997520436	90.56199991464618	81.98000009059898
5.592000007629398	85.85400019168853	67.84399993538858
169.53999942779558	84.19000006154167	67.15599989891052
76.60200040817254	127.75999988019475	67.05800014138222
31.49999999046325	75.4279998993873	67.52000007629395
-2.04999994277954	78.85600008428099	69.50599996089936
-0.05999996185302742	93.08999985218051	70.47599997043605
44.97399988174436	90.87599990367885	70.23000013947483
4.270000038146972	89.51199959635734	68.3740001916885
1.1839999103546142	78.18199982792143	73.30400038957593
-2.3079997587203978	79.59800008058546	110.46399988710881
1.4020000362396252	92.73999995470054	67.5180000209808
34.5579999637604	90.65199985742582	70.65400003910067
11.052000179290772	82.83000018641341	72.38999994277955
222.06999957084648	75.79800020977855	70.53400017857555
18.745999917984015	79.5600000724197	68.75399990558621
22.05600006103515	92.55399995207792	93.04599989414217
1.1999999427795398	76.47200010776513	67.10799993991853
93.99400001525873	98.52600025355811	72.23399994373314
2.0279999542236333	92.11399966239918	67.52000021457671
238.52399850130084	86.26600061774265	77.43400018215166
1.748000097274783	74.04399997070432	82.50800011396406
68.08599977970121	94.75000027224422	70.64199976444242
54.04399991989134	84.03999982953071	81.76800010204312
2.651999950408937	77.54000015541905	64.25200012803083
9.27000005245209	88.30199956059472	74.47400020599362
198.3820006847383	91.671999745369	84.52799987554548
49.56600026130674	77.05199994325638	73.2059998917579
48.81200009346008	90.42799989342693	74.71599998787053
-0.17799990653991826	111.46599913463002	71.19399995326997
819.5380007171623	162.0699987354874	270.869998740703
179.43599943161016	77.21200028896332	70.25199994951485
250.63399930000293	95.50999955296518	64.86200007319448
10.781999950408943	99.98400000423196	85.75999980926517
32.4299999809265	81.18600010871889	74.3780001926422
91.95800002098086	84.66800012007351	69.47600018978122
-0.29199995040893517	69.70799974441533	85.44000014364728
391.0739970207215	77.4760002145171	70.66600001811983
8.44999987602234	85.74800015330312	73.62399986267086
-1.714000072479248	104.12800015926364	70.95799988269815
-6.181999988555912	110.49399955838915	71.8660001349449
2.7400000381469733	91.54399998545651	78.62200000762944
1.8659999275207508	98.94999967217456	71.38799993634221
55.90399991989136	82.90599999189376	71.82999992370611
-2.9439999103546137	74.61400015547862	69.66000001430506
105.09199960708617	84.32599975153803	73.29199999809265
222.4959999084474	128.1180001746119	73.16800022080535
12.200000009536742	84.54200021743783	70.09600018501278
829.5399987125396	85.02800041437142	152.00600011333822
23.96400001525879	78.9740000033378	72.57599991321565
0.25800002574920655	83.39200022742142	115.29799964636567
1.2340000486373899	82.45199946761129	67.65199983716003
135.70799937725062	80.26600012660025	76.27599967360501
25.413999900817867	75.58799992159011	70.42599981784822
37.52000011444091	80.8200001576543	70.12800016164785
100.06399999618533	89.26599983930589	70.35200012683867
1.4919999790191651	141.99199998065828	72.14199987053863
3.259999847412107	101.85200053930282	71.8200002717971
315.7819982814789	76.69400013878936	79.0559997034073
5.887999792098998	92.80400033950811	70.18600012570623
146.20399974823005	70.48800015091892	72.96600009441384
127.78199954032901	84.32399975299833	69.12799984499813
108.46400033950819	86.29000043392168	82.01599988460536
19.265999994277955	180.69999882206312	73.32599991232156
1.747999982833864	83.09199986934664	72.79600005820392
46.27799977302553	81.94600017428395	74.50600011825563
56.10600004196171	87.22399959251284	67.68599990606305
171.57600008010854	93.41999979674806	69.04199984073638
67.18199992179872	94.7940005850792	75.43000006675727
1.8819999122619635	82.79399989604953	74.95600015640258
48.9920003318787	86.57800026893608	67.58999980926511
-2.0159999179840087	87.17600021064283	67.37399993658063
0.6759999752044686	73.89199987649916	87.93200022935858
1.1440000820159912	74.79200013935564	66.91800012826911
0.9460000228881849	60.612000055313096	66.87000007867815
2.1380001068115244	75.38199960947033	87.08399978160857
158.69199892044068	99.87000012159346	70.02799990177152
-0.9500000381469724	85.43799996018409	70.46399985551825
71.05800003051758	116.68400016188616	71.37400003910068
135.43800038337713	148.60799940481783	73.50200006961819
-1.1140000915527348	77.09600021377206	72.8419999456405
-0.08599994659423951	97.49600030601016	74.42000000476835
1.7879999732971206	77.67999969959261	66.50800018787378
0.6619999694824211	78.4879997277259	81.79599985599523
108.10199987411511	84.45599990844714	69.08400003433233
174.6180002307893	80.94600017651922	72.75200002670279
19.719999961853016	95.54599939927466	82.06199973344799
21.720000047683712	156.15799987763182	80.45599985674028
-0.5660000610351559	149.03599945589903	65.3240000021458
184.027999715805	90.14799989104266	96.53799987241631
18.455999898910516	79.56600017845626	67.87599993705751
-1.1300001430511475	105.44400061607358	73.1800001049041
159.5360001850128	79.23199970722195	71.93200006723401
166.4120007514953	75.76000015676016	71.66599977493289
162.29599948883077	97.19800026059158	74.1120001655816
0.1899999427795414	86.0319996261596	114.69600003302104
3.6000000429153447	78.60800005555153	83.30600028038025
366.6439984035492	87.92800008773808	71.14600007057189
4.778000202178956	84.60399994850148	80.42200004458431
1.5539999675750693	98.403999339193	69.22000010967257
35.94999982833863	73.43800013542166	76.3639999866485
610.2039994788167	79.11799997568134	72.04400024175638
128.6879999065399	83.65399962663645	74.41999995231627
1.187999973297121	88.86399972170591	93.8040000420808
22.700000028610233	76.27200001716612	72.34200000643723
72.00200031280521	82.97599990993729	79.90600010752668
7.1660000324249316	93.19199981361622	69.57799986600872
26.102000179290783	143.01200003966687	86.70399987667795
33.444000148773185	83.47799975275998	75.49600022748116
649.4159957218169	120.59599990248665	149.70599952012302
217.03800068855264	98.03000020652999	69.79600024223329
474.49999876022343	82.77400030612947	66.52200003266331
42.531999950408924	85.92800015524024	83.43400000974532
247.91400029182427	77.10999991565942	72.56400024265052
19.17000005722045	76.81200004756452	68.2720001029968
48.34200012207034	130.22400095820424	85.90799979925163
36.453999633789046	76.94200036615143	63.36600006461136
73.29200015068055	74.92399996757501	72.59200031042094
220.29799927711474	102.43199998438355	80.0619999289513
3.6580000686645535	66.74399992510679	72.36200006961823
58.7620001602173	105.61400086805239	75.55800002098081
-1.657999897003175	79.53800065934662	96.9719997271895
-3.3280000686645517	69.08800029352308	91.5460000634194
-0.8300001049041762	92.46400075912483	77.21800004959093
19.602000179290773	94.06600023865688	77.41800004959114
33.103999729156484	80.9760001112521	64.84800017714498
16.221999864578247	99.98999972835178	69.68600001007316
197.87799931526177	70.45399990677828	68.59200012207036
2.6980000686645487	89.29599959850317	70.27600025892254
85.73400018692016	85.17199971199035	71.6219998979569
1.4260001182556152	98.75800028085703	70.83000005722053
-1.0899999237060551	87.40999989926813	76.57800016552206
163.81999958992012	94.62399975717072	71.35999999523165
16.736000127792366	74.0200005412102	65.57200016498564
47.10200039863589	104.39199912413953	70.1180000972747
2.3360000705719006	99.9519997699559	74.95399997234337
2.092000083923342	121.50599958017476	81.83600000858304
155.0240008068086	91.72799984812735	72.80599985837937
-0.8139998817443836	71.81000021457668	84.17000010132779
3.351999988555906	92.07799984082573	72.94799994945525
-1.6540000391006477	82.27200008392329	78.08799959301939
1.0160000991821305	81.27400047659866	77.28799994945524
66.42799983978274	88.99399934053423	69.6020002412796
159.29000085830688	80.24000004053116	69.04000002145771
43.273999671936025	82.87800008594988	72.82000007554883
-0.7819999313354499	84.94999980449687	73.0900003188849
39.077999954223664	81.70600031137464	128.06399947464456
1.8300000095367441	100.51399995088585	77.75799976155155
32.70799973487854	97.50400048732745	73.03999991416929
0.016000099182129315	149.22799941316225	68.71799989223476
156.80399996757507	89.34599974006419	71.77600003004075
2.1779999828338625	117.7499996189773	87.86999980449677
451.93200006484966	71.33799998283382	76.24599991798412
43.06399987220765	88.65400020271534	71.84399994373318
282.44200179100034	84.47999961376179	91.7520002269744
37.69399980545045	79.9439999628067	75.46000013351436
2.5100000333785992	99.33399984568351	85.02999997019766
13.656000041961672	111.47399988055238	64.77400004863735
5.116000051498416	97.78400005027642	107.79600023865696
60.46599995613098	81.50600021958357	80.00000000000006
46.78799984931945	88.78600047230712	78.27800026178363
-0.7019999504089369	91.46000020861626	77.89399999618536
9.462000083923343	134.63600021958348	80.63600027203555
0.048000183105467005	69.09200018450618	73.87400007486345
11.104000158309935	79.20600004673001	68.37799999952308
15.418000001907357	92.03799974381919	79.78599993705754
144.46999972343434	79.34400015830992	65.54799982309339
2.8839998769760142	86.3719998264312	70.89600000381463
47.56800006866457	119.80200020730489	100.06999956369405
324.1499996185305	85.56399987339978	73.06800014019016
745.3400002861027	110.70399984240527	73.7919997483492
53.373999948501584	77.25600022107355	68.16399982452386
47.344000043869016	73.02800000131121	76.84800045490262
-1.8919998645782496	79.06000039815896	108.25600030511613
-0.3039999437332157	92.96000022545445	64.0199999713898
227.41600017547603	77.29999995991584	62.52000010520219
89.8539993572235	84.92800003826612	69.3399999928474
-0.7220000934600833	78.46000005304803	83.7099998044968
72.34199980735781	88.22199997752901	68.51200015544894
1.924000005722045	90.04999986827374	69.53000004768376
1.4599999332427982	82.34199991405004	64.09400001093746
56.049999856948865	83.73000007629398	71.40600017547605
6.720000009536747	104.30999998450275	68.53999999046327
6.034000110626219	94.15199981093397	68.89399994760754
44.543999872207614	92.01399982452388	76.90200019598011
4.7660000038147	89.25800000309941	83.51000021457662
84.62400006294254	73.72800018072122	64.20399986743928
53.04000012397765	118.59199907660481	98.73399991869925
16.12000003814697	76.87599992752065	66.25999997615816
42.20600019454959	83.67399986043576	72.43200000286099
14.651999940872194	77.13600039675832	74.17400014698501
71.41000057220458	89.62199975371355	68.7340000164509
701.6199964332578	89.01599990561591	86.07799993276592
2.877999925613404	119.84199923798438	74.11599997520447
0.4580002212524421	148.89799911469217	112.85800008922807
85.30600012779236	75.56999990224834	76.06200014114388
59.601999826431275	118.11600051403055	75.10200035333638
2.6539998722076397	91.59999978542335	66.52999987125393
41.121999855041516	111.46199963480232	66.53000005006788
45.48799984931944	104.23599990338091	65.87000022411344
64.47400017738345	91.40600027665504	79.9779999876023
78.59000097274782	88.8999998110533	70.18800008654597
-2.2379999828338617	90.35799958944325	73.8580000782012
1.4379999923706057	97.0359996932744	82.40399994045504
30.451999855041507	87.19000030666584	74.10999959945676
134.01200026512154	94.42600003197778	72.51800009340043
117.16200016021732	84.59200024724007	91.46999979645028
2.4419999599456808	91.59399985432633	75.75599982261657
1.117999887466431	118.6880000925064	80.61999990701669
484.287997207642	79.45200013279909	76.0019999217986
30.402000064849855	87.68399952411656	68.9720000553131
186.01400034904472	103.79000104427338	72.51000001907346
113.82599959373474	96.84999965786926	68.8360001811385
1.7340000247955334	91.40799994349477	112.25999910116201
1.9980000305175758	74.86199994564062	65.76599990844724
6.081999936103815	110.95200014472013	70.55400010108943
-1.9179999732971191	89.89000037416815	75.26400012016299
0.05799999237060529	89.4099997931717	77.98600001811987
2.7339999389648426	82.99199987232682	63.30799991548061
2.1040001106262225	119.13600134372696	76.9240000045299
108.93000041961668	84.82000023007386	70.05600012421601
367.9019984054563	101.5640005107224	68.59200000762941
136.19800012588496	137.2719998627901	121.1559997841716
19.134000053405767	90.58400007486343	66.02600001335146
2.958000030517579	85.64199984595176	89.62600015074021
20.981999883651724	85.36999942064288	105.78400061726565
43.77799995422362	93.77200020968905	68.13599993228912
49.334000148773185	89.96999993801106	70.40200009822848
3.7580000877380355	119.13000001803044	75.03199994564058
37.23999970436094	75.02799996078012	73.17399994134901
56.942000045776375	83.61200038388372	68.86999997615811
292.3219995450972	93.02800020158286	73.36200006023054
123.77600086212152	85.40599934026594	79.42200013995165
142.45000046968468	88.10800017952906	74.63600007534029
1.3879998207092274	89.55999973297115	66.42999998927117
74.39199997901913	133.81600028991687	67.60000002264978
167.58199887275683	88.60599995225675	73.28999987602243
253.7600000381468	80.31799982905387	69.33799973487857
61.44800014495853	71.49799996316428	70.77000005483627
17.482000026702885	79.26799998760227	81.20600006937987
33.973999757766734	100.94200043916696	75.32399981930853
71.46800006866458	79.86199984282246	81.0900000572204
2.22599998474121	85.44599971830843	83.3219998681544
0.060000057220460375	105.35600016891956	72.29199976444237
67.16399992942814	99.74800030529475	68.24200009703637
41.776000027656565	78.54599992156027	75.63200014233593
-1.777999992370603	81.7180003529787	63.743999896049466
39.95199976921085	73.51800003290172	69.38999999046325
238.07800127983097	148.88199975132937	77.03399986863143
49.31200043678285	77.71399975180626	68.56800013691188
-0.20799991607666127	89.5960003118217	90.69199990123504
58.15599967479709	77.19400014162066	71.01800000190741
21.577999858856217	76.0359998258948	88.44600029468533
41.64999972343445	126.7559987759591	65.26200024127958
0.07600000381469608	96.26199989080435	73.56800004005424
-0.723999977111817	80.23400024771686	77.80999979019168
2.490000085830687	117.00400050789105	81.75399988174438
12.943999977111817	117.86600044727341	72.46600009798999
0.0760000896453848	90.87200043246149	65.61799997329705
1074.6039958190922	110.26599928140651	74.00800006344907
4.752000112533565	125.69799908652897	96.56000039860608
2.59600001335144	83.60800006449222	69.3880000448226
7.355999917984005	131.73199948310847	68.92800015449525
2.4060000133514414	80.7920000267029	67.50999987661842
114.00799943923964	81.62599984750149	72.76400012493136
3.1619999980926536	110.7880006654559	59.45800014063717
18.650000047683715	94.24600047513842	69.37200000762944
92.26599971771236	80.41000024929643	67.55599999666217
2.9500001049041744	85.68800016641616	68.45200010299672
248.96199979782122	114.04200058281427	71.43200014233592
1.501999855041503	83.29600014090533	74.78200029373164
417.89199815750146	76.41200006127353	102.70800061106681
-3.3339999675750756	92.88000005558132	70.24199995994569
48.47999958038331	80.16799991846094	68.76000021576873
134.50200000762942	89.48399971306318	74.33799987792972
-0.2519999599456806	85.30000025659793	71.73000014305111
84.05199996948241	85.39399987697598	94.15599974632258
102.26400026321411	92.00400006532664	67.04800003781912
1.8999999809265147	97.31799962714321	113.80800034999857
25.157999973297127	96.75000033020972	72.03599998474125
1.740000114440918	96.97600011706348	71.5000000333786
39.57399993896486	79.56600005149835	75.9260000276565
0.460000047683717	90.33199964046476	78.9400000691414
92.20200024604799	75.62599987745277	67.76599994719031
3.7760000610351563	71.20599970102309	70.12999977767466
93.03399974822993	80.02999974548807	68.6480001497268
476.0099984550477	87.17799968481066	68.86399994373328
1.1299998950958259	90.56200026512145	74.04799991607666
0.3080000782012942	128.88599983081232	100.66800036549566
3.6259999370574976	91.23000070095067	92.13800015568728
216.565999584198	81.26600007534023	73.98600014686583
296.19399930953983	88.79600029468529	72.86400017738332
11.602000112533567	106.87800065174693	69.9580000495911
131.35399935722367	75.16000028297297	68.4660001301766
3.9240001201629617	87.56000041246415	73.30799981117246
42.92200011253355	87.91199995324014	71.68600012302402
40.604000205993636	80.10400010451669	71.31000048756599
656.0219975852972	81.29199980258946	89.13199977338313
19.734000129699723	65.07799996733667	68.54999994754785
55.142000188827495	89.63000009715547	77.75800011515616
192.52200092315678	90.39400004029272	66.05599995493891
64.7899998092651	91.66599974155426	78.83399967968458
394.1959992885593	78.60399968028075	144.78799953386192
126.98199948310848	103.32799990773209	82.91399994611747
1091.2999947738647	83.65200018465521	69.4899999606609
0.37400009155273384	105.75800047814853	80.03800013065337
442.99600024223355	88.387999868989	67.06799994826312
378.3720005702972	80.25599968552592	72.44600005030632
383.63199833869953	83.57000005379311	69.85599990367893
45.80399984359742	99.12200017869472	70.4920001554489
418.8279994869233	60.61600019380449	85.4520000274479
12.32400018692017	81.43800001859661	79.12799998879441
-2.2259999847412137	121.01199993133548	72.11599985837935
20.771999683380116	95.24599983930585	77.85800004482259
-1.0879999160766582	85.77200041711323	66.36400006651873
1.0360000801086442	83.77199974358078	67.9160002231598
2.6380001163482683	95.25600016012795	67.86600005030618
2.335999803543091	74.24199999094006	62.48400000572201
