1.9229999732971186
17.81999987602232
9.808999977111814
9.330000038146977
24.09000011444092
7.797999963760374
7.443000054359437
8.268000164031985
4.262000093460079
22.57300001859666
1.0960000085830681
7.666000018119816
8.215999879837034
-1.5579999589920066
5.43399999141693
31.21499990135432
13.655000290870667
1.1229999446868888
9.76500000953675
12.955000176429749
10.257999911308286
8.839000005722045
8.476999926567078
4.685000004768371
9.012999958991989
6.996999940872192
29.023999778032316
18.279000086784368
9.356000003814707
15.156000013351443
20.04400044679643
9.278999900817869
4.133000049591059
6.999999895095824
6.5780000305175745
12.166999926567076
14.834999947547908
11.668999905586249
-0.2010000324249271
10.680999956130977
10.842000126838677
8.220000038146967
18.849999797344218
15.021999840736376
16.009999971389785
41.60600030422211
8.625000119209279
10.450000028610233
14.288000173568728
29.441999928057193
1.4039999294280991
23.19399998664856
14.058000221252437
4.463999915122985
1.0370000362396257
8.371999893188482
14.931999888420094
10.026999845504761
24.639000451564794
8.750999903678908
5.39500007152558
4.717999854087827
17.068999896049476
13.238000040054308
7.958999900817868
7.386999869346621
14.95799966812134
9.087999987602231
12.547999939918515
8.666000099182133
4.199999899864196
