52.27000008106231
12.528000011444096
8.21199996948242
13.399999999999999
3.806000080108641
6.462000055313109
9.963999843597419
8.223999872207642
3.425999908447262
15.276000013351446
26.315999898910505
26.962000036239623
6.363999996185305
7.045999937057497
11.317999935150139
10.535999908447264
35.8479997730255
2.164000205993653
51.3659999465942
12.582000002861024
5.900000019073486
6.011999959945683
11.703999900817879
4.488000030517575
3.229999990463258
7.316000089645387
1.6200001430511466
18.004000120162978
23.940000152587892
5.447999935150143
-0.7660000324249265
6.1019999027252245
13.121999826431285
83.0599989891052
9.771999731063834
8.830000190734875
14.564000158309947
14.93399983406067
9.480000152587891
3.323999996185303
8.596000118255622
16.919999718666052
9.580000133514407
12.840000019073493
10.396000137329102
8.47200003623962
11.687999897003177
39.150000142157054
67.62999956607814
13.42799990653992
22.871999855041498
2.418000078201296
15.762000055313113
20.056000118255625
16.295999698638926
5.466000051498414
12.717999877929685
-19.377999887466416
13.371999979019158
5.110000123977661
8.018000001907346
28.358000097274797
18.53600026130677
-29.007999639511116
16.822000007629395
6.879999885559081
5.842000045776366
9.929999885559084
65.25400060653688
21.637999863624586
-0.20600002288818392
8.992000045776365
6.236000127792357
59.78200022697452
30.589999961853028
8.50199982643127
11.262000169754034
18.459999999999997
15.133999958038329
10.219999856948846
14.439999999999998
6.623999910354613
12.15599987030029
4.755999956130982
31.932000036239632
5.742000007629393
1.552000102996828
18.24999989509585
50.41399963110683
4.797999992370606
7.9940003108978255
3.373999757766722
8.018000097274777
7.4460001468658445
3.8599999999999977
8.338000082969662
7.9140000152587895
4.85400001525879
15.155999908447258
18.364000139236452
5.008000020980836
5.054000024795531
14.362000102996822
10.636000051498412
6.428000164031983
30.758000178337095
2.3660000038146998
4.37200008392334
-0.03200001716613804
3.603999929428103
8.305999898910526
4.5139999866485585
8.016000146865832
-1.5499998378753657
18.586000051498416
17.294000091552725
13.3379999923706
10.688000020980832
12.880000047683714
3.564000072479253
6.869999933242797
-0.8940001201629617
2.3100001525878886
13.467999887466426
15.857999897003182
6.268000164031982
4.120000123977664
2.903999891281132
16.344000091552726
7.632000112533568
8.445999917984008
4.566000118255616
8.304000082015996
5.83999989509583
7.073999958038327
12.280000038146962
19.01799986839294
8.826000080108637
6.006000003814698
9.751999845504757
25.527999677658087
6.631999845504761
56.432000045776356
5.155999765396118
16.75599993705748
9.66399991035462
5.187999906539921
11.200000047683702
2.5020000457763665
6.62800006866455
6.4660001373291
10.570000171661384
43.476000328063975
7.728000144958498
4.724000034332283
10.715999946594232
14.466000099182125
2.9640000915527316
6.6039999294281
8.736000051498413
34.04600016593931
4.877999982833862
1.3919999504089338
25.933999986648562
13.058000030517583
23.389999885559074
22.319999780654907
9.062000026702878
8.293999958038327
4.695999927520752
154.55599937915804
6.910000171661375
18.38599982261656
-0.0980000019073471
7.231999979019161
6.372000064849852
4.851999883651729
18.370000066757207
2.752000007629395
1.4920000648498548
21.317999925613407
5.503999891281124
37.8840000152588
10.833999919891358
11.070000057220453
6.334000034332277
28.923999814987173
12.04200006484985
9.525999956130983
1.0620000743865976
52.301999874114976
16.47599989891053
73.26200023174287
11.619999933242811
9.321999750137326
15.902000064849855
20.87599981307984
3.181999969482421
8.538000040054321
4.210000143051149
0.6259999275207523
8.205999994277956
8.630000095367432
18.158000040054322
11.44000005722046
3.8020000743865996
-23.888000221252458
14.40000031471253
11.437999877929686
3.1820000267028807
15.124000015258787
23.85000019073488
8.2260000038147
17.10400010108948
8.719999914169303
5.956000041961668
5.558000326156613
4.113999938964844
-24.750000314712526
-0.46800008773803486
14.230000047683722
16.523999853134153
41.80000022888186
0.26999995231628476
2.0220000934600812
19.071999998092657
15.32600010871887
1.6639999485015873
4.616000137329103
10.346000137329105
8.780000104904174
9.896000366210943
11.186000099182127
9.493999996185304
1.3540000152587879
13.634000072479257
15.21400036811829
7.634000139236449
19.20600001335143
42.764000101089465
15.527999839782705
3.509999961853028
13.828000264167786
8.259999952316285
7.863999996185305
11.060000162124638
5.770000162124632
6.842000217437747
77.68600005149837
-0.9239998626708983
3.2379999732971187
7.330000028610233
15.694000091552729
2.6320000934600856
6.254000015258786
-1.557999963760378
11.187999935150149
4.658000030517577
12.525999937057506
20.899999952316275
0.29399994850158545
17.16000004768372
2.1439998912811284
37.14000000000002
9.130000085830693
3.317999954223632
15.248000154495239
3.6059998798370376
21.532000007629403
14.699999914169315
13.878000059127809
7.77800009727478
8.0760000705719
9.069999980926514
10.405999965667714
13.005999937057489
7.647999897003167
3.65000002861023
0.9779999160766609
6.688000154495238
14.445999994277964
6.364000158309934
7.990000009536746
6.113999948501588
8.940000257492052
8.09200003623962
5.2059998703002925
4.319999990463259
37.53400007247925
3.1939998722076433
4.746000156402587
32.688000030517564
9.149999866485595
15.085999717712399
23.988000040054317
4.329999933242799
2.7319999790191636
4.140000219345092
0.12999993324279877
2.2399998474121086
3.870000200271607
1.3399999809265133
-21.472000312805193
46.49400011062623
4.728000049591067
23.145999794006336
5.385999860763553
2.842000017166137
102.0139989376069
11.803999958038323
11.0079999923706
1.9120001029968265
14.371999912261959
21.007999906539922
2.191999969482422
3.4739998340606677
69.78799943447116
7.512000102996824
21.636000261306748
29.043999748229986
9.244000015258795
13.39800004005432
12.233999891281135
2.2760000514984147
-16.11599968910217
6.511999902725215
2.1279999446868896
2.155999994277954
9.727999963760379
3.286000118255617
13.523999958038342
15.062000093460094
1.330000019073489
8.429999914169318
6.52600004196167
23.57600030899047
4.828000001907347
7.457999992370602
12.808000001907345
4.596000003814696
11.058000078201294
11.379999809265135
9.428000049591072
54.79200018882749
189.78199866458777
27.10799983024598
4.9880001068115245
12.11400004386902
5.839999933242795
20.345999879837034
4.848000097274774
21.32799990177153
13.536000041961668
5.360000123977657
17.858000049591062
4.26199998855591
36.7520002365112
50.87999964714053
6.690000076293948
45.32199990272526
10.85800022125244
2.602000017166138
6.178000040054322
27.306000041961656
6.411999874114991
11.700000009536735
7.075999956130985
9.212000017166137
14.661999845504752
8.596000146865848
5.484000139236445
22.708000178337088
1.4040000534057604
-22.780000295639045
10.110000238418579
0.94800000190735
3.9480000400543225
45.07799957275391
3.371999959945678
3.988000020980836
4.723999996185304
0.734000120162964
4.805999832153314
34.00599987030029
7.861999988555904
10.467999858856203
70.81199965476992
15.581999988555902
3.3179998779296844
37.37799967765807
10.390000028610224
16.761999979019166
15.590000076293949
14.346000003814694
47.71200025558469
9.770000114440913
10.876000022888176
6.907999906539921
1.0759999752044678
8.86399998664857
4.161999998092652
18.910000286102303
0.5799997329711905
36.45599995613098
52.14199985504153
11.89799997329712
