31.755920150756868	59.884000161886206	67.88400001436473
117.54760018310552	74.26599992394438	71.21400015041229
188.27807934608467	66.46400002956393	66.24399996757508
21.46648003387451	78.088000010252	82.71800028324128
230.3724801452637	59.01599991440774	67.07600004673012
6.148880041503907	76.38199961483475	65.38000002861018
31.333440245437625	74.24600020647044	68.58199978113166
7.978160521316518	74.98199997082361	79.65800027847295
8.053600551223763	64.92600021362301	64.62800018906589
41.441839799499434	77.71000032424926	72.3620000381767
6.865600622177121	64.43399999514224	68.31800021171567
10.981760016489032	63.25000009447331	72.27599991321557
53.81448023681639	81.65800037324423	72.65599984943869
2.259519871902464	61.81799997866155	59.021999778747535
174.64471974487293	81.26000013664363	70.16600000619887
56.93535999646186	60.3819997662306	66.65599994301806
6.721440247344961	66.76000008463862	75.87800008237362
6.624399685668938	74.55199987649914	66.15599990844724
10.25328017311098	69.9079999735952	121.5240001547337
21.8275999557495	65.39200003623965	68.13399998947973
32.15199997482296	69.82399995803833	69.10400007486342
2.4203201534271273	67.34599980771533	80.33199990317225
2.386480130767812	75.40399972677224	73.00999987959865
7.812799830245959	74.36000026464465	77.90199992597096
2.162799955749509	70.03199983924628	68.35999990731476
2.208879941940304	70.3919999587536	66.44000003814692
60.73200063323979	64.83000002205368	63.37200001910326
93.07223973274228	72.07200004100794	97.10599955439568
-0.4231202957153237	64.14200008034712	69.94600028514864
-3.009840569686897	94.04399960130455	72.20599996298547
0.07167990875245257	67.24200003266334	67.53600013256067
7.587679813766498	68.12200007438656	109.40800054311754
95.60336071929939	59.80799993038176	71.29599994897843
124.58319963302637	67.15800019383427	66.05799996256825
10.259600119781496	68.81600007653232	100.73400007963181
4.060000370407108	71.59000026345254	85.66399989604946
5.546879674148566	62.92000004172324	76.0200001573563
25.15888016967772	69.3340003094076	68.64199987769128
137.07664001007097	62.096000070571854	84.38399998515845
18.736240223884586	60.47600012063983	77.68800045251847
49.936000038528434	68.10400004744528	68.11600019454954
52.92415982437141	62.95599990844728	68.48199990630141
543.3646381071087	81.65600027203566	70.03399987697601
43.69855966453558	85.43000006675715	68.03000008761887
1.801359914016721	62.47199979946022	63.955999822616526
0.4275195423126214	62.594000175446304	86.18600042104724
6.568720011138934	66.28200023084878	68.1360000813007
16.554960023498545	61.88399998247613	68.86399997517472
85.10607970237726	65.69400003910066	73.48800007343293
6.723920302581786	59.63599996089934	68.39799984216688
28.089439566802984	63.74600006103521	70.32800025463105
29.518720000076307	61.52999975085259	67.52000012874595
13.97328029823306	66.34599998235703	71.62000011920921
100.03936050758362	63.730000146627404	96.57799991324545
18.17071990547185	66.03599989891057	71.42599998474121
9.27776016921998	61.90199981346724	64.43400019645686
16.823840085983278	60.44200007796292	80.332000014782
0.7248801559448285	62.851999883651715	67.89799991607661
63.451839865112284	64.17600013375285	64.84400000095368
1.4306400215149007	62.100000183880354	73.14799982070923
-0.6095199874878025	66.70799989700313	63.7820001010597
5.452400145339951	68.67199979588383	74.09800004377952
10.727840474700939	68.06999972537163	73.92599976331
10.20863975257875	78.05599979236719	64.08200004100797
12.602880263137797	72.12599976107477	70.2620000171661
46.15871975288385	60.040000009536776	64.20599995613095
11.588080353546125	65.26200036764146	115.88800002798429
11.17336003341674	65.92200016736989	77.68999978780742
34.787680012893645	73.38000007510178	73.0039996957779
134.33335986366285	71.17800028115512	62.16599993824957
215.1643985631943	65.32000010490414	70.15600015833972
9.61416047744751	63.295999847650535	64.8299999761581
262.4018391638756	94.84199986726048	71.11000021457664
1.1699202278137244	67.41600022673605	73.27000000953669
68.72080025520327	62.072000026702895	73.62999975875023
192.94575900230416	69.32399992465969	84.93000006437303
-0.11128031845093583	66.92799999117847	80.96600011378531
19.50111958847048	66.67000008016821	67.40799975872035
51.137039939117436	64.36599995374678	70.41200004100796
2.8179201339721653	69.6340000474453	72.54000016689298
28.957920047760044	78.2079996478556	85.43000023603439
3.7055995483398485	65.88000000059608	72.52200002193457
195.45008026599905	68.07600007295606	119.77400006771079
5.45280024642945	59.866000074148204	70.48399989843371
-2.3220800136566155	75.53199973046786	65.16399993374942
71.49688013725287	58.48799994170666	67.27999980449674
226.93055938358287	64.79800016403199	68.29800027847293
203.46167928848277	64.82599990367888	73.04599999666215
39.52688028221132	59.46600004911418	69.4119999837875
4.925359715652473	63.650000071525554	71.06800031110643
59.8689604042054	61.582000281065724	68.44600009441373
9.202799615097048	63.72799981117248	65.76399997949594
19.24431987724298	69.56799981117241	68.71399984359743
53.69016056976308	83.12599991381163	69.02199985638255
12.452560108566276	61.03999994754794	75.32000000387423
62.078319266891484	72.8419999876618	68.19999998807906
4.739600210952752	75.73199993610372	69.94800023034212
10.19264023399355	93.30599996089938	68.31400005221363
19.281839688110328	63.567999947071044	109.25799947440628
123.97903994522105	62.8660000216961	74.43399973392478
8.10896009254454	73.21000034570694	66.00800002098082
29.40935993995662	58.23600009590385	70.50799999713901
3.862080169677736	75.03199999511243	68.35399994373316
7.26168040504455	60.20199996739629	77.02799975395205
10.428159471893332	65.57400024294854	64.2040000206232
8.346000025176995	63.65800007820126	89.2719999694824
7.978319118881228	68.7739999961853	64.81799996376034
4.578799869155893	78.32399998068811	67.01999991893769
123.13800039558406	65.56199999988075	91.64000019073498
5.542480096817015	63.68599988460536	96.39199970752003
252.24279942188295	190.6679990792273	182.56799946308138
-1.1521603420257638	62.95399994492531	96.47400047421456
26.608479636764518	72.6040001392364	68.08599997997283
13.859120070648178	63.13999988079069	74.62799972742806
35.37504018249511	63.579999978542354	74.37599998474127
125.29871952629077	67.34999988794327	76.03200007945296
27.308640260696396	69.37000041127202	69.88800009965887
6.1157597694397055	65.07199980020522	76.7460000276565
-1.1368001495361388	62.62399998903277	80.5460002970695
3.7684799324035683	64.51000007152555	77.9920003080367
57.5668799060822	74.90399983882901	67.98000037193299
24.044559939193707	79.68400012388821	68.8059998817743
2.6131202064514243	63.6299998599291	96.66600053071976
5.756399817657465	64.8699998140335	70.1120000314712
7.834320373153682	78.164000030309	72.71599981307978
-2.278639650726321	63.067999936938214	76.23000022172931
2.0634399009704625	69.36000010848046	65.73599998474121
-0.8757597351074229	67.7439998722076	86.76800003767016
15.607280050659185	59.30399996995926	80.9760001504422
23.087039506149317	65.57000000596042	90.50000000879163
60.12720002059941	60.28000004649165	66.1640000391006
7.241680233383185	64.83999987602235	102.17799952819948
6.283040053558341	90.56799980878819	93.55600008696315
18.36096016922	78.35999986082311	79.34999998569486
2827.6192531466036	50.02400039508939	63.02399959117172
11.445519531249975	74.68799998134367	96.84600035086274
2481.560614340669	47.84199993088843	62.333999560624406
2608.039252137094	49.06399982690809	97.15999979287386
3288.1710883233773	48.845999518334814	98.44000001430516
3316.902128173139	44.262000422775756	89.93400006979714
2846.743171398362	48.34799968317153	60.63600005328652
3381.5666091998164	48.90200000703335	70.76200080275537
2446.508056203872	47.11200066611171	71.91399969786409
2717.2002917624695	47.83400003328921	63.785999149680144
3423.611487635796	47.06399992570281	62.72400063991549
3139.1224485937137	48.051999743580815	66.65000106275082
3006.1497306792385	48.62400038272143	57.46999948143959
2337.4050162113685	49.482000534385456	65.06199998512865
3240.5359686501524	47.612000257819936	57.02600135445595
2390.709336515415	47.86600014090539	67.30200061723588
3201.8006115430535	47.45000001192091	49.01600020542738
3465.572047129753	35.49000006198883	36.63599903717635
5.71271987762451	64.40200000181794	80.44999995350835
3294.5525319454446	47.41599952399734	49.95599994033574
11.444319842910748	62.90000013351437	70.70400005057459
3398.877089867146	48.79400042191154	74.80199992135167
3434.8076482189344	45.21400002270936	74.05600053548805
2671.943971271496	50.665999850779805	69.48600095003843
2608.096772576625	43.79800019562244	69.45000022649768
3381.403326895689	47.459999326914584	67.50400080755351
2871.5977319234876	47.62800021141768	51.16799959540369
3236.237168374246	46.479999809265124	57.231999684870225
2762.724450309787	49.32000035554171	62.09199996739626
2266.814536995042	46.8280000780523	64.94399992570277
7.517439962005611	61.83000002861025	64.3340002346038
2868.00317085772	46.71800008222463	59.79799937963488
5.396399543762195	65.42200015544897	70.61599981725219
2398.375014923733	50.47200017914173	132.2540009158851
2638.2282946412197	47.67399982064967	56.95799975380301
-1.1173603363037181	63.28999977350241	68.61000018596644
3451.2923697025985	46.716000178009295	65.2339993579686
15.814479811477653	68.9040002202988	65.12800006508822
2205.9154171634486	47.01000035360457	83.08399898529052
3334.669809374133	47.9139997409284	106.54200013518336
2912.6908517613024	48.24999978899956	65.14399918913843
4.494879993057255	62.264000048637406	80.08399984836578
12.421679692459122	61.239999969005574	81.16400007009516
19.226319626617425	62.78399987280373	65.29199983716009
8.537599613571157	66.45599997580051	74.95800013780594
3.672400334930427	67.22400020360948	76.59400000661611
25.456080163574203	67.06399981617929	68.82000021696089
-2.788320042800898	69.41399993419644	74.54999994471665
2.191360337829591	64.09600029766558	62.67400009632111
13.210880000305169	74.71599982857703	65.85200006484983
56.23024002761838	77.13200002163636	69.36200006723395
16.90600016860959	63.86000009343023	66.99800010323524
38.732960576629615	60.42200002431869	71.0860002827645
-0.5952006023407008	61.96200021028516	67.2379998970031
15.738400149154664	62.95800013855098	73.36800014138221
16.403998980331394	61.16600006014111	67.68399993896486
43.27192023582456	62.9379998373985	85.10599994182587
120.41999984283467	84.10399988353247	69.09400000572207
6.304959912490864	61.09999989747997	86.72600018501286
12.50919998550413	68.90000001788138	70.4060002231599
2.7544795375823945	70.25399990856646	69.3199999988079
141.20767888870228	62.578000080585426	66.41400031089782
81.11399956588747	66.6100000083447	68.33000026613472
1.654560038757315	62.507999966740584	83.68400007158516
6.448880067825324	71.67399962067599	111.56599946305154
17.08623981208801	61.52000013589851	64.71000000566237
93.18688002624515	60.734000101089514	68.97999997437006
2.366960157775882	95.46000047028063	67.40399991273877
2.6120804782867317	66.68400015115735	68.08000013828274
21.573040149307218	67.4779996871948	73.74600014209751
21.784000617218027	72.22600004956114	71.720000090599
8.356399686050416	75.269999922961	71.42800002217294
-0.04560011596679033	64.28999999523158	77.33800010085105
421.92463811473897	59.251999692916826	93.56400029659258
27.486240698623643	68.34200019836418	71.59199995994565
38.9941596248626	67.20200020313257	72.14399996131665
103.5627199527741	63.12200000479818	70.62199987411492
3.2932002563476623	61.06399986743922	68.88399996757505
1.173280266952513	66.62600013971326	65.27200006961819
9.671679903411878	59.92799993991854	65.20400002956389
47.076080139923135	61.981999945640595	66.70599987655876
15.498800407791126	62.90999974191191	66.16000014781946
3.706080025863645	60.742000042200075	91.31999954700473
16.599280154037476	69.25999979734421	65.5440001821518
28.306240325927764	65.68599997043604	69.04400021076205
9.217199358367921	93.24000016689305	68.94999983429908
9.10320008010864	67.4560000413656	66.61200015544887
14.2721605709076	67.97199991226198	65.71999990731484
2.7320801486968995	90.74200023651125	79.18999984487895
7.076079978179931	64.33599988743657	74.05399995565409
85.91255998001073	94.10600059628499	71.2940000024438
90.45583929290754	60.42399989485737	67.81999998450274
15.615679460906987	73.87400005102155	74.21599973559384
22.87544027442932	95.27599941730504	81.93600016772747
131.21568051071162	69.05999995589254	71.93400020599361
5.14687974967958	66.68599979460238	65.60999992012975
10.806639703750637	89.90600008845328	67.08399995625024
40.08943993453974	64.61799968093625	71.12399977803234
43.757839628982474	75.79599998474123	75.42999994993203
264.38215967540737	80.49399990081787	67.11200009226795
53.27223961906427	73.83999968349936	65.72800014257426
135.9618402290342	68.61800030231468	89.23800014734273
3.1614399505615265	73.93999973237504	77.6300000074506
1.7917604846954438	64.1080002260208	65.14999990701675
9.683839653778062	62.1860002064705	81.7780001759528
17.399359777069076	65.67400004595522	65.00999995708463
60.42223992996222	83.3099998265505	78.63800025463095
24.106239909744225	66.8460000485182	75.00599980354312
50.024720233154405	65.54999985694877	67.02399982452394
4.106319735336307	65.0320000380277	71.88399999856945
18.408159857177726	67.74799969673155	66.29799998760224
114.38567935714727	79.78800010085104	65.06200002908707
1.442720214080821	62.05199999362226	69.00400020390752
6.417199984359743	69.90599999070166	77.37400001585479
6.398399692916854	59.23000002071262	89.2939998221397
3.1113601642608577	65.91600005030635	69.96199984073634
100.36304049148553	67.22600011706352	75.36199997901912
6.953520093536373	60.63799998283382	102.33199972450728
49.59920016822821	61.592000179290714	65.59999999523167
2.945359992218019	65.6799998727441	66.34000015258786
1.546320413970952	74.90400054931632	74.97999998569483
169.37071872406008	64.04999987363819	65.42200010657317
172.48887970809977	64.7100001180172	85.15799970865241
135.34456035003632	142.67599916249512	163.92199953749792
-2.5285596782684263	69.93599988818167	62.88000006198878
50.68399960861207	65.95199995279319	68.69000005245213
127.00015978507994	63.738000016212425	70.21600007534029
10.376159320831269	74.89799994349478	62.82000005364418
64.27368041572568	66.93600002408026	73.36200058579449
18.243920135116568	71.21400021076192	68.05799993038167
3.269679867172238	61.14800000667571	86.14800011917943
18.621040190505976	70.39199985384934	74.07800000905988
7.284080503845203	64.91199984312053	77.91400033473967
-0.007920579147339707	78.9519999217987	110.97399929285051
483.0575978010181	60.90199994564055	73.10000001907342
5.76240017929078	69.18199992179873	74.19400006771087
123.16559944953936	58.08200021490456	88.16400059223173
47.60727982215884	66.25400012254714	69.64000012397773
16.064959437561054	66.64599991083149	73.80399967670449
5.622959986877445	72.65799992799765	64.55200004056094
0.03720033836365522	63.569999928474445	74.541999976635
0.45575972099304535	65.38799997448919	68.82600002288815
9.768000600814794	62.324000177830484	67.24800015449517
52.69240031661991	64.37000020802019	66.83800012588497
8.13576021347045	63.460000085830686	88.37799996376047
20.44872045364379	80.10999985605473	76.48400007247926
5.7661602989196785	66.06599984675648	61.50399989128108
4.052560290527346	61.71000002622605	76.84400019645688
4.492799781417849	77.22199990868567	70.87999998092646
1.9472802379608223	75.44199985086918	70.99000002861014
0.38847949142457083	65.70000019311902	63.85200012683869
67.40903991775521	59.493999992609034	67.19399985074999
27.688000331115767	63.730000116825046	70.09200007438653
163.53079921188376	64.22800023078923	65.42000005960465
57.993039343261756	68.69199997186658	72.02600011646739
43.71312028198245	67.76799998909237	81.06199993371972
80.14880028495797	67.76599987089632	73.41400005340566
130.46679958381668	64.16799996614452	73.17799984395502
17.497600450897227	60.22599995926021	67.07399978160858
39.302879996299616	80.4739998197555	71.3939999008179
15.89735991439819	66.86800000190735	67.14800000220535
1.5829600833892807	75.45600020170212	118.40000068858271
65.4868000816345	65.47000016614794	71.564000108242
34.66663982238768	59.005999937057496	68.29800013422964
62.48648098526003	83.32999989807612	69.74200014650819
6.030159793472284	62.66200007557868	73.77800004243858
78.66224016494762	87.29600001603367	70.42400041580193
45.4879996128082	68.33399968743322	72.33999996662142
23.554560266876216	81.39000028848648	79.09999994039538
56.679519799423254	59.689999883174885	77.68000007689007
0.08176072235108614	63.30200012624263	67.80800026357173
57.884720036697324	75.2099999691546	65.17999995708459
11.757760313034046	65.09999984085557	64.63599993705753
7.9964002559661855	101.02399929583075	88.87199988842015
11.651360400772125	63.06000018119808	65.01600021243098
81.94847945022576	64.0819999408722	69.6599998950959
70.3778400688171	66.80400001525871	67.57000014305109
18.69960012969965	78.84799986004829	73.07399996757508
6.387360031127926	66.19800020694736	100.60400019764894
286.0430383415218	63.57400006771088	76.12200011610987
-0.3917604049682658	64.01999997138975	66.6800000381469
0.0965599498748837	83.67599981784818	83.24000010967254
75.33063997383108	65.96400002837177	67.26600004971027
58.34952008438121	69.93000004455449	113.96199977755536
11.37879995803831	97.80999966740612	75.01599968433375
8.726080331420887	69.87000009268517	73.35400003433229
7.733840079498292	68.73200002640485	77.27000051498413
11.311439954376207	67.82999986723064	65.11000003814698
55.08791962471009	58.812000033259366	62.865999975204495
5.034720212173471	63.8680001306534	77.49800006270412
12.967039889526344	62.98400011539458	72.15800020992756
15.838160175323502	67.1360002064705	144.38600032448764
2.485039619064337	65.62600005209438	96.74599968433391
357.61311950149536	62.52799999058247	78.3880002403259
14.010720097351093	64.80199995279311	68.42999997019763
2.5656801464080834	64.531999874115	71.89399997949594
60.02496017341623	61.17200017333037	69.05800003051755
25.277919714736885	65.49399998426433	63.68200009107587
3.408560167312628	64.79600023984902	90.344000105858
8.538000028991702	66.50800000965593	62.57200021266936
24.69751992912292	63.28200013041498	64.02800031661987
7.617439946746809	65.52000035285947	64.70599976971742
3.395920007324218	65.2720000767708	57.076000168174474
109.91175977745067	73.99200026154524	73.24399998962875
7.935360184860235	61.10600002765651	66.63000002086167
74.4619198665618	67.94600009351967	76.03600017786022
25.806160291671702	70.09400024011725	69.2940001010895
161.03175971641534	74.0179999601841	71.98400021791458
212.68599905958186	66.75199981689452	91.27599984318032
45.802400079345674	69.0420000469684	70.54400010585793
241.3284791591642	66.43000008106227	67.90399986982342
92.74271934711318	65.6360000452399	70.14999996006482
152.24480063400242	92.60999973535543	70.92400008678428
55.21560002288819	59.18599997758868	65.64399999380116
60.7012004657745	65.8480000972748	69.64199988365168
9.488879870605452	63.83999999850988	85.00200031220913
91.96064071731566	63.93199993938203	80.16400014042848
21.0509602390289	62.83600002288819	66.81800008058543
54.45031997222889	63.71600016832347	66.43399996876715
13.254800173568757	61.585999946594235	65.30000010252
161.0331997808458	63.77200016260145	69.54999987125387
8.59247989768983	59.016000004410785	67.91000020980826
1.3641598804473853	63.07799994230274	72.65600020885464
4.956479841995249	84.97999995738274	90.4179998993873
153.54903967552193	114.19999968916166	118.92399998143313
7.0801601955413735	60.38000002861021	67.88599984645842
6.482320049095164	69.94800003439185	87.10000030726201
-1.879519947052	69.06199980497352	74.65399989128116
24.159520080947843	69.04600001811983	72.34800004959106
5.962000191116329	63.56400005728003	69.0240001304448
3.80183944282531	71.76400007486346	70.39800023317336
63.59087969284054	64.17000004440548	67.99400005817417
118.00903972091682	80.87799981653686	71.75800009489055
20.732719710159326	91.82599960431463	69.47999995708466
30.807200125503513	62.408000141382175	77.55399979829781
3.528399842071543	64.4280002689361	73.36600022792813
11.492400374984747	68.14200012445451	75.11400000572196
17.932480224609378	62.173999818265436	68.61200013160696
36.18992031822203	58.83200018882755	69.96800012588493
202.33920101489997	59.724000084847226	73.31999987795955
67.28592041759491	70.39199989676464	62.96399993419649
1.4303997299194264	70.71600020840759	72.35799974441521
42.508640272521966	64.232000207901	70.3959999275207
24.589199809646615	58.77799993038179	67.59800000548361
6.21312019309997	61.70600003004078	71.07800013959408
11.475999808120722	76.24000021100045	64.1480001091957
30.666320247650166	77.10799985304467	77.33199976801873
12.408079731369012	69.0420001845062	66.45600002408024
8.30080021209717	62.24599986344573	68.4520000374317
6.07863964042663	67.77799996376041	69.54000010967248
41.293840166854885	60.47199997901913	82.42199986621738
25.946320218276952	59.927999985814076	65.23800011157985
3.7309600944519095	65.88599987268452	69.80200033158066
3.4446405838012697	62.41399993181228	85.40399980306618
2.997280195999136	60.66799998283386	70.96199991464617
4.734880072402953	65.75999999523164	68.29800003245475
7.697280411148079	69.40199983164672	67.33000015258781
7.803519692993166	68.80400000691405	71.04800005063412
5.886080001068105	59.952000222206166	67.42799991607662
6.5990401081085315	81.59399988949316	67.06800007700924
0.635120158767697	67.04599989652645	68.40200000286096
4.0904798072815	70.39599991559983	66.7460000562668
27.073200116348282	66.92600012302397	63.496000032424945
0.9159996162414624	64.79000009059905	71.82999984845519
187.59712025337234	71.6979998040199	72.68200013637535
22.3301600353241	69.67600009500978	69.43800016283987
4.1179206836700395	63.12800014019014	85.5639995634557
6.303920175933833	93.39199979603288	67.1359999477863
13.615039698028548	65.57800024226304	69.05200006961829
13.809440010833736	59.78200001984831	73.50200002670293
19.736720167541534	93.00800006449215	71.21400002956392
40.025119312667925	72.18400029391044	69.36799986794593
16.833120219421406	72.90799981236458	71.11799982964992
63.513120326232944	58.32800001621254	70.49800015509125
68.68864034690856	59.20199988722799	72.99600000381473
1.9260001312255937	93.53600033521651	67.13399999022485
25.061280178832956	78.19000028729428	82.69800001576549
8.220000043869018	61.48400007724766	80.77600019454951
4.938959476470956	67.99599989652631	66.90800007224085
9.682160155868532	68.95000010967259	76.56400016784667
13.249599692153957	62.312000115811735	63.789999833106975
15.351760111618038	80.65400017261504	68.05600009083744
1.8552803173065158	66.3620002174377	67.14800013065332
50.588000247573916	94.3300001899899	68.33800021648406
98.09623987197863	67.28400012016296	93.77800025805834
379.8697588907248	59.53400000929835	65.51999997377392
2.521600216293341	63.3239999294281	70.00000019073485
28.586639766311674	70.28399967312806	71.68000006958844
83.02408013191226	64.80400012105703	72.22200017452242
29.961999958801286	80.47200023099782	67.58399994492531
84.9530408851146	63.79800023555756	67.50399997234341
9.222480123138439	71.3719998170436	66.08999997854234
3.095600410461425	69.24200004264713	65.53600005626684
1.4940801136016844	63.57999995708459	72.31600008487706
56.45656044273387	64.06199997901912	68.41200011447071
9.779440311431857	67.07999988555913	64.43399990081791
300.4541591793062	61.64999988079069	71.3600001716614
2.3277601001739416	61.40199995994572	70.87600005269053
34.98759947891231	61.87599985718729	69.31199991703028
75.92920015640262	67.84599993512023	83.3560000997782
118.3267992248537	76.40799989417198	77.30199986457828
9.09951990966796	78.15600007429717	87.5460003349185
54.76015960884098	63.555999921411335	68.11599991604685
1.5838399845123257	75.25999994754791	67.75800018414849
2.484400174331661	59.36400031089781	76.15999983727926
2.119680024719236	64.5059999513626	63.33600009918211
32.292720665740966	61.69800013005734	68.62399996042248
100.7728802696228	69.61200004816054	121.96000033065667
22.65367965850827	65.50800024032591	84.72400033637877
5.552160098266596	66.01399978384373	68.00000013947484
58.40768005142216	77.26999987840645	65.93999976634983
7.561759759521491	71.90200050890437	76.6820001840592
55.27936011390687	65.8980004167556	68.03799989849333
32.57639980964661	63.926000041961665	76.82600008249283
140.01032005920408	69.29400000214578	95.10600009813902
-1.0136001117706317	64.84600007951259	69.2999999800325
8.804559980773922	64.9340001630784	70.40600016638646
6.888960199737549	61.07200018405914	64.59600008919831
62.33383913726806	61.289999961853084	86.14999992489822
114.76879971523287	100.02599991589786	69.64999980419874
202.18983822326675	69.69800022035838	71.79999979734423
87.3150400455475	61.31800007581708	66.88200016379359
7.46864032402039	70.67399982452399	68.7080001497268
17.90039973907471	69.22400021463628	65.59200004577639
8.68456031990052	81.84399984434245	67.68799992352726
94.57656048393207	67.06200014352802	70.96200025558473
7.5404002059936355	66.11599994659426	77.04999978065483
59.50007998809803	67.61400000214581	74.56000014662739
5.1629596424102715	69.45600023627277	81.72599986553195
8.20768025360106	77.38400007605553	74.41399975776675
-2.795920023727409	59.03599989444017	90.2299997064471
-4.5050402732849	74.60399952411656	70.35399997234344
-0.2535201335906995	66.6060000085831	75.98199996709823
56.33799986877438	66.1819999265671	68.24199997067451
72.53040030670168	94.79000002145767	72.25600001096721
22.157199613189647	64.93400018453599	70.5319998788833
33.458559836959815	58.66999997615814	64.58599980115888
26.976160146796694	66.67600011348725	72.00400004148487
-1.6888005149841245	104.2580000574887	70.5840001952648
22.682960016250583	72.46799999043344	66.97000013351436
-3.8174404449462997	61.01799988195302	73.9100001847744
3.7931201065063416	74.59599988162515	72.05599999427793
99.50247995796212	68.82599989891048	67.91399987697599
73.65888005714427	66.84199995219706	75.30599990725509
132.6492803312301	60.47199995666744	65.83600013136859
90.6364002193451	59.340000076294	67.02199981212608
7.11992009277344	69.54600005626678	76.43399995148182
84.17367999954223	71.57200008973481	71.46000019460917
2.9963202217102154	58.47199992850419	71.83000000119205
157.76424003066984	64.4579997348785	87.88599991321568
83.32168009681699	68.04199979186053	89.37399998664858
13.132800257873557	63.12000042438505	75.65600022494796
10.619440168380736	64.30200011491782	71.7340000200271
31.80872036399846	73.45999977588654	93.12200052261352
41.20559988594065	65.59400016367435	75.98199993133551
194.87639886054964	64.32200008571147	68.36400009870529
94.9536795665741	78.0499998170137	71.50799993991855
20.08431995964051	71.69799998760229	73.43600002765655
70.56160028008223	68.60799994885917	123.82199947744601
103.68191905174255	64.92400024056433	74.03599993586536
119.9030398757935	64.8739997553825	70.22999993801125
120.65359982604973	78.79199967384336	71.13000015258783
2.976480102348324	66.38199991062281	126.39999894857405
6.781199733352654	74.19400033473975	82.86599966794248
17.698880379486095	71.016000046134	69.16800014019009
32.25600042533869	67.1200001083314	66.01800008535388
26.095039536285405	62.946000026464475	67.98399995565413
-3.844640005111691	87.14600057661531	66.67200013160699
4.471919820022575	65.0519996954501	73.03200011402366
-0.5330400203704818	56.88400000333786	69.18200007528071
97.02752074203505	61.492000018358176	67.32999997422101
126.36663887519845	84.54200014114383	70.49600034713747
293.0930385652536	66.68600006103517	69.15199986934661
101.2177609333038	70.67800014227628	74.28000013709072
51.57695973281863	59.39400000184774	84.5119997242094
6.357519927215581	71.26600009351975	97.63000039577487
54.79687972335816	63.454000024795526	80.46600010871875
3.8931195713043234	62.1280002593994	74.7640000987053
126.9317605522156	63.939999998807934	66.76399994850158
3.513920214462285	79.67600008442987	73.29399982929223
3.6695198600769094	65.97400031685824	74.75800012350085
0.8170399261474625	61.40200011879203	91.62600037574774
106.46367988700865	56.890000168085095	63.948000197410536
149.14535953979498	61.737999999523105	69.1760001349448
10.22735995445253	67.9000002634525	68.49800023972993
3.291280085754384	69.2859999030828	73.53399985313423
47.29767981529235	63.08400011777872	84.67599978923803
7.457600171661368	58.76800012588503	69.2800001214444
25.153920053481997	67.15000022888177	70.23799996018406
6.571679964828494	65.30200000762937	67.42600009918212
36.15391990242011	71.29000024914737	67.63800005555156
142.73535957603443	62.937999889850616	67.53200025558472
2.587759513854976	77.26399991601711	70.66999985218047
25.90800059909819	60.21599998116489	65.18000018119812
16.243200204467765	79.89399981528518	70.85999992847444
0.6423999958038262	58.738000086545945	85.41600039482115
62.05695993270864	68.68799997046582	75.0840002012252
4.501600376129152	76.46999986171718	70.21999991416935
0.7020002826690707	66.34600014328957	72.90399998247618
9.831439873123145	66.29000006675724	66.84000013828276
12.411760356903043	68.17199995756147	73.5019997787476
31.029760423278812	73.18000009059908	72.78400004863735
35.474160359954894	67.2799997401238	69.0119999675453
75.10895980377207	63.10600002765654	91.8759996628762
11.496959910964925	111.7700001969933	113.10799938470133
78.02096008834855	68.14000011444087	62.47800004959105
-0.3270400764465374	66.06200016662476	75.5900001072884
5.654799840545662	80.53799992799762	81.4979998812079
19.58488025856016	64.6020002269745	68.3279998230934
102.52407931671114	105.93200038433073	98.95999964237217
3.0834406627654976	70.74399998337027	71.23599985599516
5.241680470657359	65.65799998760217	76.55800012111658
2.851039941024769	66.23399998068814	70.79800006151197
10.389600520324725	66.56800000116225	70.71399994283917
-2.0391201141357467	70.24399993300433	79.63800003856429
37.77255995826718	67.37200008869173	67.8059999132156
2.036719570541391	79.63599984064699	75.71799978077415
9.900800169754003	92.67399982318281	70.49400008201594
5.8251996303558276	62.17000005647539	72.05799989938738
3.7857598972320536	214.16599889040003	82.38599997043609
10.75575967140196	64.87800029754644	69.00799989700307
-0.07279937438965293	70.80199989438056	69.0139998739958
8.376239860534657	63.28400017976761	70.27999988749617
36.99008004302974	58.612000029087035	73.09200011491781
10.31920051078795	62.8739999061823	68.78199995517734
189.26208058204656	78.5580001497268	90.35200000524516
129.9422395721435	65.95800015881656	77.91800010204325
12.710879623794556	63.779999894648775	68.21599998831748
21.56712016487125	73.88199996113777	67.4840002089739
30.954239726638793	67.89199993491175	67.01199998378752
19.8925602363587	63.87000000998374	71.30400015726687
97.23168007812505	65.37599987268447	65.86400020122531
1752.994065174745	72.01600026786336	73.19600000023843
10.631280259704555	65.84800001144404	74.39600039124497
11.008000185394298	79.90000014811751	68.61199996948244
104.46199984703067	69.68399977892638	78.56599952846769
96.86928006820686	64.4680000543594	71.50400002062325
4.392560084915171	66.89200043678285	68.4280001735687
3.7383995971679713	65.57400004863736	78.42800010442734
1.2720799671173149	64.30799996137618	80.94200025558467
9.157840242385863	66.56199992522595	69.25999995589255
3066.925169006739	48.59000010460615	94.23199984073638
4.033759833145142	63.25200015783309	66.86800014019013
5.646959812927247	69.96199992850427	84.09000004559759
14.248240657043457	65.70599999189375	87.71000000178817
12.896080238342286	64.16400023549795	68.84599996089925
6.618320285415647	104.38199990883463	95.06599941790093
71.61256070175182	72.44000005245206	100.79000007659182
113.9502398654936	66.5439999252558	92.12000000357637
48.13607987899785	68.16400002956387	70.31200019240383
18.58672031974795	63.94200006067752	67.94199991226192
71.39264010925298	77.51800008773803	73.80000005513432
81.13927983703618	68.3720000219345	72.00199975967408
-4.26664002456666	84.081999809742	69.43399980977185
9.442559714508057	63.853999934196445	73.49399978637697
15.298879978942887	64.21399997174737	91.41400003910071
3.7339997138977004	71.78799981594085	68.55400008678437
11.038639948654186	90.05200006008158	78.76400008201614
1.9387997772216832	64.77400001764299	77.38200019359584
16.08064009094239	62.75199988842003	75.68599997043609
103.16048024826048	63.9079999744892	70.33000002861021
225.37175979480722	69.1980000963807	73.29599980831142
0.6978401226043749	63.4639998185635	63.39600013732905
21.746399965286237	64.55399975061417	68.71199980735786
46.75263953590389	61.833999698162074	73.86800006866457
4.658880188369754	66.53599991619593	69.91000005960467
15.116160241699218	67.77800013303758	73.69200018167493
152.40223951492334	68.9239999461174	103.73000032067303
54.291120537567075	67.62200007915501	73.39799972534178
151.7208794631957	67.31799983978269	69.62400000691413
6.560080309295664	66.62799988746637	72.69200026631351
176.6002399652008	64.87600015908477	68.6399999523162
31.55343977279663	66.70999996781345	65.74799990296361
13.723120478057869	67.31200004339212	68.03200000524522
39.60872025756835	67.89200016573076	80.69800003528594
38.43439993438721	63.13399984955788	70.54000011444093
2.126720212554938	60.85200023084874	67.55000016182659
-5.063199729156486	72.54799986153844	99.5139997880161
4.89792016029358	84.61399963885553	79.2259999680519
28.144880128860482	63.101999771595004	66.79999998092651
38.506959864807136	190.93399909421794	186.18999956816432
59.47464069061276	63.08400006771083	81.5980001246929
282.1877574920658	68.0219999793172	70.25399988770484
23.526720006942707	86.28799947828045	70.42000009298322
6.6208002479553185	67.96600002765656	69.70399994730943
40.208560719680825	77.52400014638903	70.57399970531459
102.73832021484371	73.30999997138974	78.08999988555907
10.939840275192262	74.47200022086496	75.39400015354161
1.841999787521363	96.67800046563147	78.50200024127955
5.03640002975464	66.09399997889992	70.18400015830996
5.935440040206899	63.40399994850157	93.10800025343902
18.44832014579775	72.25400017410522	77.52800024509422
10.356000294113175	62.78000007629393	70.18600006818767
6.438080600357061	60.03000006675722	67.079999961853
96.63983992652916	64.05400017261503	67.87600019097327
165.36983948249807	63.070000018477415	68.81399996757513
12.609119852828957	68.68200018882754	77.6400000989437
23.492240134429906	71.4200000631809	78.05400015354158
-1.0540799289703373	72.85000010788441	68.08399981021884
3.7513595790863126	65.83000003397464	62.23200001895424
4.2283995941162225	58.847999978065424	79.98400006532673
8.846400049209583	68.1420001268387	69.46199984550474
1.7091999664306607	68.47599981546404	73.63599983602758
42.37000052566524	64.00000009536741	67.05199997663496
5.62424049415589	73.4340001642704	71.95600011348712
7.834479940795884	61.674000148773146	66.61600002288813
14.347120572662341	62.512000035047514	74.1640000247955
19.0382400779724	66.1660002696514	69.10000004291537
4.324799930953982	67.97799996376035	66.73999999403954
8.539200080490115	180.2419994716347	67.64199991986153
16.667599512481683	57.56600003719327	70.13799974590545
2.3586402946472123	66.03800015211104	65.40400009155275
7.341440130996704	63.73999982595441	101.81999936461456
7.502720475006097	65.38199997425083	66.69000001579522
2.5403999881744306	73.99200012683862	68.59799993991857
58.99288014335634	78.42600017786015	111.9219996994734
21.33935956459039	60.76399981796741	70.94000030040735
49.197120223236084	78.42599979788069	83.77999960005278
25.789920270156852	70.77200001120565	71.49400013208394
2.353440676498415	79.44799989938741	67.44000028610235
60.609600391769455	70.45400012493126	72.71199996948242
28.46199997596739	74.79999978423115	66.69199997663499
21.31440040054322	64.41800007149578	65.76399991989135
3.911119950485229	60.259999970793686	67.20399996519089
133.57759978542305	76.56800010398032	73.32800001144416
0.624879958724978	74.12400031685826	81.62800019025806
40.97032018051149	65.83400024890896	68.34200012683866
95.91208046874992	89.15800028085708	71.08000002622596
10.344079881668097	64.9559998416901	70.70000009059906
7.13135977859497	92.2680000761151	129.32799986839288
-0.3466398487091103	64.45200013235213	65.75199987888335
113.05463999481202	67.78000009417536	69.21600006580348
31.32056026458744	83.1499998608231	76.02000044882288
85.9440804122924	72.52200017452239	69.08400011822579
5.874880267333991	63.64399997234346	72.07999998405573
9.150879899597154	64.45800038099289	72.3440000915527
0.456399713897698	67.49200018644329	70.14000005722042
-1.8604796531677315	68.95999988794325	74.36400002956393
46.809600466155985	62.78999996721742	66.4899998521804
23.132000403594958	75.66199967145918	72.28800016283986
118.04152033309933	82.00800029456612	117.5819999316334
5.93303995666504	87.95599999606605	68.5600001001358
50.3940004772186	73.28600019469854	75.10600013464685
6.650800101470948	71.56400009036061	96.03800034999844
26.846560235214255	65.68000015974044	79.0119999611378
1.0479196838379008	72.87400000259274	68.51599994659418
22.99024005336769	66.01199980497361	94.72000016301875
2.367679574966425	64.37799998760225	82.95999988913539
5.986640266799932	61.273999804258295	64.74400013446814
56.34384012908944	69.8500000405311	70.43400022029871
31.507920670700088	66.05600012063982	71.6880001807213
204.93872006816858	115.26199994772679	69.39800014853468
524.9249560637467	62.146000142097485	72.7220001931488
165.3037597331999	64.36800011873244	75.26200021743769
8.298400153350835	73.242000002861	71.73999998211859
53.53904033088684	72.39600013539193	68.45000016927723
94.55272001304621	63.364000142216675	72.63200006008148
6.138239560317994	73.56599986791606	73.99800003051755
52.17143995819095	61.83599997490642	64.29000005245206
30.63136067085266	61.99999985694886	66.48000012397765
114.79391966648078	153.15199983239168	202.45399968266517
31.49695984725953	65.93400027751916	65.77200021743774
6.544720302581787	73.93799990624191	66.91800031661988
4.178240069580081	63.36600014656784	70.23600006341938
7.854880067825325	62.864000073969386	72.306000366211
73.71239933395404	63.0780000758171	68.97399985119696
28.344399714660724	61.45999986469749	74.18000009298324
2.7405600528716985	62.09800006151195	70.25999978780746
283.4895196201325	64.29400040149692	203.46599833607686
-2.601760227584836	61.287999740541004	71.45400003165012
5.023279646682726	58.61600003242494	87.16600029945371
31.263919590759283	73.46599989414217	80.54800026133657
11.820159823989878	60.426000096499905	107.58599989295017
7.318960659027116	82.10399981349717	78.49600026130673
6.842560121154785	65.63999993145468	93.9859993082285
5.7181604236602865	60.7420001657307	72.7380001401902
5.289199740982057	71.35799986839294	70.88199989706273
132.0251196983338	67.06200006574387	72.6440001618862
51.149679377555756	68.7040000009537	70.76000000119207
12.558960207748383	64.67000011444091	66.09000005930658
22.672479662323028	66.3780000653863	68.96199985027316
97.51760041999817	63.093999900817856	78.39000007629397
37.35440010604852	96.03000051692128	71.27400015354154
12.004879817199702	61.83999979495998	79.7459999942779
28.983200102233905	64.67799995899198	71.66600001811973
2.806000026702882	67.79200009390705	70.28200013160706
52.295279851150454	61.52800019025804	71.28199986308815
11.513040197372439	65.32999994441872	68.68399988174436
7.513120083618173	67.19399998530743	66.87600003123283
2.2499203907012952	59.84400004863739	68.35799969077108
212.4186388586044	60.65200013875965	71.0880001342296
10.10488007621765	72.22000022411348	65.81000021412966
26.578399749374416	64.85200014948849	65.64200011730195
3.356080833816524	68.91999977946283	68.37600000500682
3.186080046844491	71.50399997949594	64.63800003051757
35.499600122451746	69.81200020551681	71.56599997043607
8.903999757385236	63.277999792099045	68.94800019979485
4.994399977874766	65.74600007057188	70.51000011444094
14.540480317306494	70.56799993783228	72.03399991989136
23.858559634780864	82.54199999570845	66.73200017452241
-3.7142398441314555	62.828000211715725	80.58999977469443
17.39295997238159	74.09400006532667	66.92400011420246
43.49535996971125	65.99600023269652	90.29199986934667
39.93943939666756	67.95399986386302	78.54799993515012
26.69144016342163	70.4180002081394	75.73400016307838
12.660400098800647	78.19200017690657	95.99799995943899
14.368560002517716	61.28799992576239	83.91600008130075
0.37519978294373246	65.9659999799728	76.38599972724913
20.839039884948733	61.01200026035308	69.45799975395202
6.99311991386413	63.31599979832769	85.6399997758865
-2.5870402408599897	91.74400046229364	79.67999987125398
13.01607990112305	67.84200003504748	67.70000015556805
154.4002392398832	65.52399991214267	80.34999979496004
121.37007999076849	76.09399998173119	72.91199995994567
89.36312024307263	66.24399998009197	84.81999971151349
2.4929601108551123	79.0119998669624	160.56599926516418
3.885199934005741	67.4740000753105	68.11599993705748
4.176080376815793	64.75000008344644	72.74799998283383
0.05631984710693167	63.349999938011166	74.86599988341332
5.968080190277114	74.872000246048	70.90800015926354
3.223839694213878	69.4499999511241	75.88999952435489
15.804319847869834	58.91600017160173	72.23999988555906
20.649919556808467	80.77399993419647	71.71399998664853
2.5920003269195515	71.77600017547609	73.78799986839289
218.100479065323	63.2239999704063	68.00200019359582
9.188000436401369	62.71600012540821	68.91200005054478
206.37407862863523	63.94200017467142	70.23399987816806
8.896159880065936	69.0799997158348	74.66600003957751
2.6853598930358906	68.49200024843215	72.39600009441381
4.201519752883909	69.56200001001352	89.03800002276897
129.94855952224734	63.76400020182128	128.86399996876713
12.868800046539311	59.5700000935792	65.23199995219706
125.36231946907051	66.8899999570846	76.07400022029866
16.970159658813497	68.02400025308134	64.17600003242491
0.9656799186706498	68.76600022554385	73.03200021266939
8.567280118942243	65.67200004577634	72.66600004196171
4.286239981079105	61.954000029563865	70.70600009441377
13.084960067749025	63.43800004526971	70.86600009292371
7.651039762878424	64.6740000775456	73.35199993610381
12.586799914169331	68.98999998360877	74.12399988651269
3.1163204689025936	68.28199987649913	68.55199996948244
6.247359889602671	69.34800014138216	80.95400001823899
13.646399312210091	60.21400001168255	113.40600009337057
17.773840450286883	74.20600029587749	68.40799995422364
27.162000131988513	68.2820000195504	75.76400044918056
11.725520407867398	61.56400004386898	70.13799974441527
162.6420013717655	70.74000027060512	120.25999968767168
127.22887983970662	68.86400017738342	111.88599977672102
242.88031951713577	82.96799993008372	72.74399995267397
18.78783925018307	61.7960000181198	66.26599990367889
49.44080019989008	61.36600008964536	72.51600004136564
17.12559977340696	85.46000012040136	69.45400005340575
8.021360017776507	71.03600006431337	70.25800006389618
12.430639758682236	61.93399991512298	69.93199981272225
18.778800168228123	61.59000004410744	70.21599996566768
12.109440927124027	85.4220002405345	66.70599990367889
34.51775979385379	66.02599980115887	71.43800010561945
15.572079185485839	65.13199986696239	67.867999958992
3.480080449295034	73.20800012230862	76.87000002115965
12.212800241088843	62.427999868392966	79.49599979042999
6.065679711914059	69.97000018119807	71.98999992370604
97.20776076698316	65.11599981427196	70.10200005888937
143.9395192832942	64.63399991586806	71.92599998772144
104.76640090713514	63.64000002324583	61.40800017118452
4.172480041122435	70.79400041460987	70.5759999942779
0.07376063652038564	66.02000005245212	66.23000000476837
10.160239689445497	61.23999977588652	63.567999925613364
14.222560389328006	62.92999987602231	67.80599989593027
6.690960531997688	59.732000041008014	80.97600017547614
18.916640239715587	66.31999993324274	67.92599992632866
35.87032018775944	66.4840000525117	65.55200010299679
5.024399825668332	74.20599968910219	71.43200009867542
5.335440026855467	63.357999997138926	71.88599996566768
-5.210240192413312	61.68199998259547	65.62400000452989
2.031760176849366	67.60600023984907	68.74200015783309
-3.2274399646759027	61.69999990463257	64.70199999973177
9.997360223007192	59.54400001004338	64.72200015455489
26.554719790649408	66.47799988567823	67.5739998829365
17.63648015937805	62.20600010037421	66.33799988985058
6.0123201301574705	96.48199998557573	84.13399996280675
4.910799881362913	59.89799966573718	70.26599991798402
8.94800010223388	71.0199998788535	102.62399998188019
96.26727994995129	119.52000043511396	95.69400030970567
211.5800790243151	64.92600017547605	76.72800007820129
98.46047947502113	75.14799986124044	69.2820001041889
18.558639859390244	66.71800003051762	67.59000026226029
5.813679671096805	59.07799969762566	66.95400010824198
6.08608030433655	65.59999990463253	73.25000005960462
5.7892798175811695	64.83399980008602	72.90400023698801
41.13951987838744	73.49600019156928	64.63600000858298
37.297360270690916	77.95800026774404	72.596000084877
1.7799199047088592	60.43399983644484	84.44400022611022
79.73783989219677	66.47200008451934	70.30199996948241
15.041280170059224	78.47800054788588	75.2099999976159
-1.952080232620244	60.82999992609024	73.9319999790191
31.993679975509625	73.74000026345256	66.59200021743774
4.686239661025986	66.93000007152563	113.46799989789716
3.7376800090789852	75.21199985742571	76.20200018733745
5.9884802082061865	62.862000160217264	64.97799995422362
68.32008019294744	64.6919999080896	67.94799993038185
259.15207889537777	64.95200003266335	84.39400025844563
24.071920551681515	72.90399981975547	76.67600034952162
19.17895993347166	80.07799989342683	71.64999986767768
17.202480090332024	66.56799991890786	62.65200025558473
10.690560238265975	71.72999994277947	78.62400003701443
19.055919750976543	69.15399995327002	74.53000006720426
31.03632011909482	66.71999984860422	65.33999987885353
4.673919733428957	62.18599981307982	73.45199988603594
90.87240032043466	61.74199999839068	68.09200006604195
103.57408081016565	61.65599987030026	73.94600023448469
7.877040289688086	68.72599966764454	76.74800024464726
4.931840463638308	93.00799998044968	73.23799998283391
6.785520382690426	74.22799991756675	89.27400004595528
-2.9239205535888724	78.96400000095358	72.90799973487852
28.844559973144545	71.16800016924739	66.41200009346002
15.187439910125748	63.91000023126598	86.16400006294258
4.262240078353882	81.34400024771689	63.002000075578735
8.51080013389588	78.49599942982199	77.61200010657312
133.4509604473112	65.09599998950955	79.22399973392497
59.32320055198682	63.55999991416927	68.1800001049042
6.715439619445814	67.24600005820399	73.0499998950958
7.699359989166247	62.59599990844729	70.69600036859514
7.5144796142578105	63.440000023841854	73.76800023913381
8.062719946670523	67.57399981498719	68.35000000000008
6.132560320663455	80.69799987554546	73.80400001764293
63.29616022682184	66.97799993395809	72.8440001302956
52.42343997001646	94.6620005679131	117.31600050091733
139.83655963058487	69.20800001338124	76.98800000786775
7.234319835662847	65.26999999627472	94.57999992370613
70.31816003684995	91.00399947583678	75.91200003981588
5.673760325622552	65.52399998664858	66.3720001125336
12.11735953178405	56.91999986171721	71.98000014305111
33.41207982254035	65.06800005435943	66.31600005865096
41.942480329895105	70.67199994578952	70.28600022077553
10.39367976264954	63.16200023412705	64.35800020098684
8.254640383148189	80.76000046193604	81.17000023573637
-4.9426402034759525	70.83000007033353	72.54999994039532
4.710239804840097	65.4440000772476	67.04400007843972
12.96511962661743	67.79199983239171	66.72800011634826
17.854880709838845	72.51399967819455	72.4860002791881
-2.908719718933095	60.88399996280669	68.64599999472502
90.11792054748524	68.6179998856783	69.00799989700312
1.2495999542236234	59.45400008320805	68.17800005078313
4.390480349731448	68.02800033181906	68.30999982357018
4.2007202678680375	66.72400009274477	68.82400026798243
24.56888012390139	78.46000027179709	102.8959993946552
54.22200047683716	60.56600001931189	66.07800012111662
12.743840270233152	62.56799988865847	84.77400031089772
85.85295994091037	73.33399970054629	70.1779999780654
0.5996003051757746	73.02599989652639	66.66999989151961
112.20560048217759	68.40800001084801	71.39199990868569
31.61936005973813	65.25399989843368	68.73200005441899
13.680960463714571	83.36599982261659	72.50199998676781
-1.946480291366571	57.4440001960099	67.45399991512292
2.4763999111175505	64.64000015735628	70.05600016772749
1.922080037307734	70.34400021016592	96.40800036787994
7.011280293273921	64.69399991989137	83.9259997849167
60.40512032737734	64.14800011873244	71.83399996638295
34.246880266189585	62.734000017642934	68.20800005078318
18.00359976387024	72.08400054216386	68.14600005626676
8.919520002746568	72.39200030326838	72.18799982786174
23.784479977417	59.225999869108186	79.1299997425079
40.3015203796387	66.97399987176061	81.84799992322925
2.3359197860717713	65.521999759674	73.84799999997018
93.80255984115597	63.694000024795535	67.16999982833866
9.004880105972289	67.81400016665455	66.93199997603892
61.24120030632017	62.53400000303978	78.68399996280658
14.511840575027465	66.37399999618528	89.7000000095368
13.552399922180175	61.43199989318845	88.14799952983857
6.96104040565491	62.07800006657834	93.08999991178516
19.8137598364353	68.47999993801109	68.48000009536739
48.02503914566046	76.04000013649451	78.39599996805195
5.831440358734123	65.82399989604949	71.59399989843368
2.9632796493530225	65.61400016888973	64.48799995064732
2.626720079803472	64.86800013542174	67.38400025844572
-5.599199872207641	68.21600013732909	87.1599997675419
16.407680273056037	69.72600015163424	69.59000009775167
5.095600408935556	67.23200014978644	67.87999994754787
67.00664034919743	62.91199988096946	65.02400008916854
8.812400214767475	65.55399992227554	77.00000001430516
4.139760223007198	65.16200011014935	66.27999989166855
158.32671826171887	76.57599983930585	76.16199973821632
25.50584019470214	67.01200009495017	69.17599993228912
8.321119990539552	61.42399990558623	66.76399994090191
105.09719897079455	88.58399981141085	65.65800012111669
7.233280236816414	72.327999945879	97.79600004196176
214.864240295029	68.78400008201602	72.27599999904635
6.416079639434807	63.57800009965896	89.9940003204347
8.295200179672248	59.335999994277884	66.91200010776524
75.77192073402394	64.91000040054323	89.93799944967036
20.489439215087916	61.21600013762718	73.17399995326997
63.300719240188535	64.44199999094006	64.84599990844728
13.695119638061495	64.82600000649687	73.6180000710487
2.983039839172361	80.81399990320202	64.60200011968607
46.12351928062436	62.24000004291534	73.30599993944168
4.6287199592590325	62.52200008809566	68.66600004315373
10.180080005264292	68.01400013685223	74.04400027558202
19.18783968620299	61.07600013121966	68.37600018978117
4.574159945678714	75.8499995025992	71.42599985480301
2.881920450592047	61.85999996662137	68.62800011336806
6.746879913330104	63.988000075519	94.3080000710488
6.778640254592897	64.56599994629619	70.22000000521538
392.59519950885755	84.27599971145398	86.49999999165529
471.6085567114825	70.1879998262227	68.73399996519086
49.94120012474067	62.621999959945654	67.84799982070922
109.27096144866968	74.06600023120636	73.27399988174442
0.05128049354552569	62.276000048220126	72.29599991038435
13.772399777603159	64.9259999199211	71.53800006628035
6.284959893798824	67.59999996900552	83.89200043916696
7.058800028991691	62.11999987959856	68.79599999904629
0.42456019401550243	68.70599995046857	102.14200000762926
6.695599585723883	65.26799982190127	74.16200000762943
1.2535996868133585	67.76999997615813	73.05000015258788
15.059119234848025	55.73599983155727	62.95200005531312
44.226319939804156	68.72399995326994	71.68400017023085
26.23368032073976	64.9640002334118	71.30999994754787
0.7007200485229437	62.91000008106229	70.63800000235442
-6.6535202201843395	60.39799968242643	67.24400014877313
17.66599977035522	61.45399991676215	65.7980000400543
6.894959813308734	63.80599993586539	72.94799997568141
3.6318398481368974	66.82599979639055	69.59199985146519
52.270159762191746	63.77799998283386	66.95200000524514
53.86848034057619	59.723999872207635	67.80000021219251
15.314479927062976	62.328000278770865	69.86200004339217
0.4451999111175599	62.944000018835034	98.28199979215864
3.3994399806976254	62.71799994707102	73.90600013256069
127.89792005882255	70.18199995398516	67.63000000372529
2.8850397899627707	78.03999993562701	114.53599961459636
36.20967986984259	62.94799978733064	67.71
37.2782399684906	63.61799989700315	84.53999996662144
38.47112031402589	64.06600013256066	67.00000002145764
102.51943999214176	71.86399996280663	67.31399997040623
5.7237599163055295	63.20599993169305	67.35199992656705
2.4845604736328077	68.96000003054738	66.03799999237059
6.463999733352662	64.88199996113778	71.3539999389648
31.475199798583994	56.72599999189386	68.07200005054472
205.06280001430517	64.7779997676611	96.08800004243848
131.02175993881232	56.62400005459782	69.20600006580354
5.533360289764415	66.8919998443127	77.48000028014184
4.148960002899164	58.26199997425075	66.73600006222726
177.928800238037	69.19000005722046	68.69400013923641
2.9449596561431832	61.741999856233576	70.64399985313416
-2.9975197830200124	66.28399975776678	99.72600022792815
2.467520063590999	63.87399977728723	68.38199998855592
2.3757599525451596	63.00600011527541	73.30400013372298
21.167200170135473	72.48999972343441	67.40800003528591
78.20616025276173	61.98799994349481	68.4219999766349
19.87864009475705	63.776000041961666	68.47400003433228
134.10807969093304	61.21800001919266	70.5659997630119
4.272000727462765	63.75400018453598	93.52799974441538
-0.9195196918487594	60.62199996307497	61.97200002670285
45.86967926216141	63.48000008821487	75.99599984526637
21.56416045989989	74.71800014346833	67.46400007873778
23.975999949646013	68.67799992308021	68.67199977874753
4.530480309677132	65.45399990350006	81.95200013950483
2.4180799671172997	64.8239999485016	67.32599997520447
65.03840014534002	191.26999934762685	141.83800011873242
8.78255974617005	67.30000045686964	77.5560002797843
7.265679908370963	68.8460002052784	91.31399974361068
92.65751889266961	74.70200001478199	90.7480000495911
