16.21400017976762
11.372000122070316
21.557999925613405
1.3599999809265124
21.597999997138977
6.04399994373322
9.062000045776376
8.212000045776362
11.65300038814544
8.780000114440924
15.786000237464904
21.05600033432245
14.432999830245976
9.953000068664544
9.98600008487702
7.719000167846676
21.845999882668252
11.264000320434565
11.179999904632577
8.075999922752379
21.190999851226817
15.00899978160859
7.405000190734863
13.862000327110293
20.473000020980848
8.232999782562255
14.74199975490569
7.284000263214108
11.163999843597425
2.403000106811525
6.4090000247955325
6.108000035285948
6.986999912261962
9.096000022888187
4.215999851226808
11.528000054359424
1.9819999217987074
12.946000180244447
10.016000018119817
14.980000033378614
14.068000154495243
6.077999825477598
4.931000018119811
8.734000015258802
21.000000071525573
5.497999997138978
7.892000083923348
11.703999943733205
3.986000094413759
8.750999946594241
12.866999835968016
1.4080000114440916
10.93200026035309
11.015000019073488
1.3469999885559063
22.01700002193449
21.414999933242804
2.242000088691712
0.4899998950958243
12.195999836921686
13.08300023555755
18.683000118732473
17.02300007820128
12.66999995708465
14.617000060081471
17.02599997997285
8.116000051498409
23.84799970030784
5.97900017738343
13.09300001621246
10.816000213623049
39.47399943590165
6.050999851226804
0.6119999217987087
7.858000192642212
5.377000069618227
