2.443999958038329	78.09800030469896	72.29599982976913
1.143999967575074	82.06800021886825	70.17799998760226
2.5900000190734884	72.87199977517122	76.55799989700317
95.74999964714053	79.01000009298318	160.30799962401377
0.5699999618530267	119.98199922770256	65.38200013875958
36.86400014877319	84.3260004854203	68.2820001530647
0.9039998245239249	111.86799956992259	70.20799982309339
1.1139999008178696	84.41200003623962	133.65199994087212
1.6899998188018812	82.52800014778973	72.8240002971888
31.755999774932867	108.94000082731253	70.02999995708458
12.089999847412107	100.64999974459403	75.31600026428701
1.809999980926514	82.5899997127055	92.50600010156641
68.64799991607667	191.85399907469736	134.09400011211625
-1.2100000953674308	75.04999971687788	89.14999976396565
0.1560000514984119	81.73200005531308	72.01399988412852
3.648000087738035	73.45600037574759	67.51000029087068
11.63799982070922	86.48000005960463	70.56999991446733
12.233999900817883	105.82399991244071	67.85200006484978
11.369999990463262	81.22000034451483	76.01399999350306
1.5259999561309818	105.12999996721742	84.09000014021986
1.096000080108643	82.48999953746791	75.04600024700161
14.702000093460073	84.29000013083215	77.41399999618527
-0.23200000762939607	85.0080000217259	81.18799997091294
17.172000083923333	97.60399929001916	71.74199986696243
0.5760000038146981	76.4320002257823	76.83800024420022
33.94800003051757	88.31000024810434	83.0360001087189
1.1700000381469742	92.48000007450571	66.80199982166286
5.2260000610351565	86.29000022023905	67.4420000648499
2.9360002231597893	87.81200013235218	62.566000041961644
7.568000011444096	137.5940011027455	127.31599901050316
6.6420001411437966	74.03799985051157	63.936000188589105
3.30000007629394	77.03199978560215	63.260000086277714
99.18399995803843	104.38199983596797	106.861999516189
4.842000045776366	75.63400014862417	67.1799998235702
0.9940000152587881	74.74799964666367	84.23399991154658
1.767999906539918	78.90600028932087	77.18600006341936
5.1159998893737795	85.3500000655652	57.959999926984295
40.663999996185325	78.5340000885724	70.91400004148483
45.88399968147277	78.54600005999205	72.89599992752076
58.734000139236464	97.94000018835075	84.39200010418887
36.3380000591278	99.00799971818918	71.01999992132191
3.742000036239623	76.4019994997979	77.17399992659693
35.77800014495851	77.4319999396801	73.72600023686884
16.347999939918505	87.68800032377237	75.60600041866304
1.536000099182128	86.49600001394741	84.95400033652788
10.374000062942502	102.42199983745813	68.63799992561336
3.840000019073486	80.17600003480914	91.80800040066232
0.2339999675750742	96.71000025168073	76.7199998664856
39.75199998944997	123.96399984002107	76.37600006535656
17.356000146865846	85.83400003910064	74.65600003153082
1.53999994277954	126.72599954366687	66.02200013160703
-0.3159999752044684	87.73799980282787	74.11600000381468
47.05999986648557	83.00599962711331	66.10800028324117
8.720000085830694	81.25400081783529	69.28400007486337
4.799999971389772	77.76999987840648	68.01200010299684
0.8380000114440911	82.48000009924162	68.54799988746642
64.86399964332583	83.70600027382372	67.8219999432563
56.03800001144408	94.42200024485602	68.0619999194145
7.334000062942506	87.38999999761577	65.91400006294252
14.900000104904173	160.37599900275467	76.22400006487959
6.178000078201294	108.08200072139498	70.77600031852721
14.57799984931945	93.65799984142183	71.78600012302395
17.375999917984007	77.90000011205666	62.67799992680545
23.21199987411499	79.54399988889695	93.81999981641776
12.76200002670288	85.80400010436776	68.46999999076122
2.1840001583099378	88.56600031375885	67.2720001029968
-0.24600006103515532	74.78600015640262	74.09599988281725
1.6480001068115249	91.6339997000992	74.08199967026711
25.441999883651725	140.0260008746385	72.62400007963178
0.4900001049041742	83.6459999573231	74.63799989461887
4.140000000000004	118.5260002839565	69.12000019788734
8.608000097274775	80.76600006699563	69.67399996757507
13.865999765396117	80.31399974465376	105.81199953407048
3.797999944686887	115.6440006001294	68.85799998760223
0.9780000972747787	93.57000002622611	70.198000125885
2.9060000610351566	87.10400008559218	77.18000013351434
35.43799994468685	84.51600034192202	67.95999982446426
39.74999987602233	130.87200051188472	66.53600001335137
5.732000007629396	91.50000014305105	72.55999989986415
1.9259999275207524	117.19999934285892	70.12199994087221
11.1820000076294	85.93799991086125	68.57799983426925
2.8579999732971197	84.43600005507467	74.74000023126602
-0.1399999713897704	89.52400028645991	68.32800010204318
4.972000112533569	122.24999948084351	63.69599997043608
27.697999954223647	139.17599989533417	75.17199948638681
17.83600008964538	79.28600033044806	70.20199990272522
0.9019999313354484	85.84800009965896	66.58400016605853
8.22200003623962	86.46000021517278	78.81800005912778
-0.8480000019073471	83.90399988710874	85.98999992787836
0.5620000171661383	83.5580000169574	69.55000000476839
5.576000022888182	80.80599985599521	72.41799984574325
31.001999979019153	80.17799973487844	70.13200017929083
335.1919990825656	89.98399974048141	76.31199996471402
5.751999845504761	73.39999980211257	72.69600025296214
-0.4499999141693098	80.48199990987781	66.07600008189675
4.88000015258789	89.00199991509314	69.60000001907349
-0.6360002326965332	82.48400028884413	71.54600005477663
4.814000120162963	99.15399940133098	71.20000043749796
46.2080002117157	83.86400043725966	73.60999981164935
1.8039998817443867	96.75599961638453	75.68799967870113
6.195999898910525	90.50200021386149	67.34999985754486
78.97800011634818	77.28799981832499	64.07599979400632
3.407999900579451	83.38599977195263	90.30999975681303
47.63599990844729	80.73600016534323	69.27400002479548
173.0659997177124	90.34599995255473	66.25800007820126
2.4659999084472672	94.4120004175602	64.64199995040893
1.4339999198913578	100.96399963974957	73.98399967491622
3.20800003051758	112.12600049540399	72.78800014346837
0.2719999599456773	94.41199954196804	65.62399988174434
5.05799999237061	115.61600035369402	67.3599996328354
31.002000045776356	84.52199972331519	66.43399998366831
7.9419999313354515	87.49600010216245	64.9820000684261
2.1659999942779526	109.41999942779537	88.0439999437332
1.0340000057220444	89.38400012299421	82.07600047945976
21.324000091552723	85.2419999313354	108.14200024843215
16.185999817848206	106.27199996948245	64.53600009918216
7.881999931335446	84.69600000321856	80.90200030088424
-0.4420000791549678	61.04200009703635	65.08399993225935
0.1840000343322743	130.78399959161868	78.36200010776518
0.1760000610351558	110.86800003215684	70.10200018405916
87.69400019645694	68.67799994051461	65.2660000491142
0.9099999332427988	144.54000055387615	72.73800009250643
9.665999965667725	65.71999987125395	71.45199985027305
4.626000089645387	120.2939997649192	67.51800010487435
233.50600066184995	86.28999976038925	79.63599980354307
10.618000144958494	82.87800017505883	81.93800017654904
0.47400004863738915	80.95599998742341	81.73399990081786
6.598000011444088	78.72600031346087	67.92000006198884
62.67200005531312	104.88800042897465	67.72800023466348
1.3879999160766612	83.34000021457668	60.6880000901222
36.29800011634826	77.08799983620648	71.65800026416775
7.873999986648558	77.32199971795083	80.77000007063154
73.11000033378602	83.9719999924302	80.2960003286599
8.605999984741215	75.93200013950462	64.34399983882906
23.949999895095825	72.52799979209892	82.22400027275087
2.014000158309937	87.17600010752678	75.47600019812585
29.037999849319448	82.29600041955703	69.39800020053977
2.9340000724792454	97.02199940711262	67.37800005435943
24.54000008583068	80.88599988222114	72.18200038671495
23.838000173568712	103.38200063407425	66.7380002194643
74.22000019073484	72.77799988120795	66.04799999549986
-0.8279999160766592	87.77200023323289	132.52199967950574
10.934000034332271	96.78000013560056	91.23400015354149
2.0159999275207525	95.60799992799757	69.39600021630521
7.131999969482425	87.49400018215181	69.3219999217987
1.28999997138977	121.10399884283541	67.33199993193146
28.13600002288818	73.65799989342688	69.03799987792972
-0.3140001106262216	86.38199973806746	72.98400022029873
-1.249999966621399	79.78599952250713	108.91999947726721
1.4240001392364514	82.81400000065571	69.62199987485995
8.714000015258792	93.54000034332279	70.5780001068115
7.168000040054323	93.04199971303336	64.3739998447895
-0.7899999999999996	81.18599987626078	75.55599975109104
9.792000064849859	95.16200001120582	70.66799993202088
2.36000000953674	111.27600078314548	63.10199989318849
23.295999965667733	94.21800012588497	66.53800000190735
1.6779998779296883	115.6999996952713	83.09799993753441
4.616000108718869	104.88799954414365	75.82800012588501
20.47000000953676	89.58000026702885	64.64600002050395
10.357999958992	91.64600044965742	64.16000014543532
8.157999897003172	82.57399977207186	67.1419999694824
15.339999942779546	77.70599983692166	75.16800001859663
11.272000017166144	95.0540001940727	68.42000013828276
0.8059999370574936	143.72399961069218	101.05400050550709
29.272000017166157	89.75999994635572	68.2960000640154
-0.651999900341035	86.36400037080048	69.62200011849401
11.218000068664555	92.68999976918101	68.51199993133545
0.5460000133514414	83.14200001716607	68.49199990987778
38.01000020027163	77.59000018000597	71.01999993562696
1.6120000743865983	85.62999968767173	62.74399977549916
27.075999984741202	129.75399923920625	72.80399995326998
2.056000013351439	81.82600009143336	70.21200008392334
20.552000017166133	114.55999957084667	81.94999976396564
65.087999792099	91.61200029730801	70.86200010061263
-1.3659997940063489	64.23200016736983	65.10999989747995
2.05600010871887	100.46800032228239	78.45399994373318
81.30000041961674	92.84799979761237	68.76399990558619
1.1179999160766605	83.00999985933302	73.43599991798392
2.9419999599456794	102.25800006151195	66.42799995183945
3.07200005531311	110.4780002552271	68.05399967461823
22.667999944686883	78.166000508964	63.60199995756146
9.755999994277955	91.09199969053265	66.3600001811981
4.483999919891356	93.20399963855738	72.93000015258785
-0.526000022888184	98.13999982610346	62.57600006818771
0.4799999046325672	92.20400012299413	76.55799998283388
-2.675999994277952	114.14000027596944	74.28800011157982
80.11199975967409	76.69600006431334	71.30800007581716
-0.26600007057189784	87.41799975276008	86.80600011825554
21.730000066757217	92.47199964046474	69.25400023937225
0.9259999752044675	74.99399966806169	65.21599985793227
17.63200016021727	78.72000000476834	68.5139998960495
1.376000051498412	97.66399969339386	70.48600007534026
0.8760000038146986	102.90799992620948	66.80400005817417
7.01200001716613	101.92599990084756	67.01399997234344
22.863999958038335	84.28000021189455	70.41600000798694
663.9500010681151	82.1459997856616	64.76800002843144
7.065999898910524	78.67000022888189	66.23400003433224
23.91599995613098	82.1539998368919	77.01199999868867
14.489999675750727	86.1700004975498	71.0540000343323
10.279999971389772	105.11000002354393	75.44199990272516
52.003999881744356	88.74399962455027	83.80399995326982
-0.5520000743865966	93.77200010895729	66.920000128746
2.3020000553131115	91.20199975967411	63.9180001971125
226.1259988117218	124.58399941563603	66.10599993228908
-1.374000101089478	95.91600048661228	67.60399989604957
0.39400010108947897	95.0600002561509	64.86600025177006
-1.4339999866485602	125.27599916309124	88.66599995017047
1.4120000648498539	91.45200012207026	68.8879999303817
47.03000002861024	80.71400014281274	66.01799963891501
3.0360000896453876	108.90800052404394	72.37000016212463
6.508000164031984	132.0360006707906	75.56399964570993
62.079999809265146	71.25599974274635	64.62199994564057
3.4040000724792443	136.09999973654735	70.11599971413607
2.1360000801086425	88.06800038442013	89.1599996852875
33.541999588012686	83.23199985384939	66.77000011920923
6.379999990463258	87.28399956271046	71.25799986124034
0.45799998283386273	76.80400003075586	84.96400037229067
1.6400000190734847	87.6179998922348	67.60000005349511
12.198000040054314	76.29200011730187	69.22799988269801
0.4360000133514414	172.7299990172684	85.96799972772595
28.346000251770032	90.1219999139012	70.6639997625351
33.69200034618379	74.35199997127056	66.86000013470657
26.643999891281144	104.55999977186333	66.2619999670982
6.661999912261969	98.13000057771791	74.1379999005794
38.223999919891384	106.70000000521543	124.50399965167044
0.49599983215331905	127.50399914205079	56.18799991965292
-1.5440000438690198	82.37599994808444	70.21199981689449
29.402000017166127	81.93200052857392	67.86799994394183
4.698000020980835	85.82999986425033	91.14599964410063
33.432000093460104	81.68800016880036	72.19399997234343
2.296000108718872	98.75399875044825	81.53599995851513
-0.8980000305175792	100.8019993862511	101.9880002684891
-3.4899998950958273	83.38399964421984	67.81199979543689
11.369999914169306	118.06800058007241	71.79200019598002
10.43200006484985	88.96400000095367	84.52600003123285
60.32400009155274	91.66799956485622	70.14399980545042
119.93799933433533	87.53999998211863	71.04999998569495
0.8139999294281015	73.17200007677076	81.73200006008146
1.6800001430511455	79.39400055572388	72.49800029754641
2.634000129699708	82.6699999141693	73.67599991798399
150.2499995231628	70.48400032326579	68.49000023365014
-0.5139999961853012	84.0059997986257	69.57599990725515
0.9800000000000006	93.48000015854825	77.72599988460541
104.6720004081726	106.64599997639645	73.09800006389611
3.030000085830687	97.81200004339227	58.12599996730681
-0.6099999809265116	77.64399997472763	69.64400048971174
18.68200010299683	95.08999992281191	94.53200054883958
18.306000127792345	123.57399955853819	75.26000000357631
24.03400010108949	105.21000007152557	69.76799975633617
0.8899999809265137	132.11799959301948	110.08199932247403
0.8959999966621418	83.83600041747088	65.90800017833713
8.219999942779541	146.49799965858466	70.00800010204318
2.6679999923706044	80.08800007432698	67.46399985671049
17.630000247955312	86.13399982154365	77.90200025171038
76.34400056838993	90.4380001115799	74.29600009441378
7.735999927520756	87.76400072529908	64.12999987125403
31.56000002861024	79.28800017207854	71.24199997544297
38.29800030708312	129.6320000010729	69.4859999942779
0.920000038146973	94.6100003731251	68.85000006198885
0.6959999275207517	86.50199970960618	92.98600018829103
0.605999965667726	92.6600000143052	70.69200004220009
20.593999900817877	87.28400009155268	77.82400004386892
5.930000143051149	95.90599964141839	74.84200007557874
145.51000032424918	94.53199984788903	95.91799971804014
107.85000006675716	84.15200025796885	96.75399982810032
-0.010000104904174717	71.5599997973442	69.98599983692168
5.526000137329098	88.98799992799755	69.55400005817411
7.7519999313354475	74.44400000646708	71.26399990320208
-0.5120000839233394	83.47000000536443	71.5679998779297
1.2659999179840098	77.2220004612208	71.94199952006338
3.0500000095367437	105.96399998664855	63.95200003147123
36.29000038146974	94.81199973106376	100.05200002789493
2.0620000076293943	84.15199969291686	68.02000009059905
-0.07800005912780783	106.03800020411606	109.2019997024536
-1.9160000228881842	89.63600028276444	73.96800013065334
1.6500000953674325	80.96999997138973	75.16600016593928
34.09800013065337	111.93200035229319	64.76799978733058
9.408000059127813	105.03199962720257	73.55799992203715
2.9379999446868887	118.56599999308591	99.4000003194809
1.047999982833863	100.00800021171563	88.82400005459779
1.5420001316070568	83.24199994921688	73.23400029063224
37.67400029182434	91.26200008153913	77.51400000095364
1.9120000362396254	136.09999936029305	73.98400043666366
1.9779999637603785	83.78600000664582	71.5640000408888
1.2100000476837176	93.3840007519721	83.23000023603451
10.819999847412099	82.04000030994408	66.24000001728534
24.5739999103546	85.39999954730277	67.66799988389016
1.2100000762939473	88.52599956527355	75.20999984025954
12.821999940872177	116.76000002026562	69.16600002288824
27.756000165939334	92.9480003333091	72.03000032126896
2.169999961853027	88.08400008201606	96.39400002032508
2.746000022888183	68.43599997043611	62.87000002086163
5.573999862670898	84.47600003346794	69.0159998989106
51.479999685287474	121.19999969556926	64.1259999680519
5.636000013351442	71.85199979424479	73.20400027513504
348.66400050163264	102.23400047078721	79.19999991416927
0.11600004196166988	79.59999963641152	78.5920000934601
2.653999929428101	75.65999961137771	77.35400022387506
1.4900000286102288	88.65200014412399	78.55400002717968
122.80199979782105	87.76000001534815	68.65000001192081
-1.144000053405763	87.71000001326198	79.00200018644334
116.51199989318852	96.28800020515911	68.09800037860867
-0.5060000991821306	105.24399993896483	83.21800003916023
33.65199994087219	82.29000026702873	74.68399990916255
1.8859999656677267	102.41199969887731	71.62000004529949
1.3819998455047615	101.79800005912782	76.936000187397
8.85199995994568	98.3960002307594	73.63800000697375
8.430000095367431	106.11799931645393	91.5399994683266
18.691999979019148	86.3920003016293	65.10200013518332
17.969999866485608	94.69599999159568	73.21199977874748
0.7299999713897716	101.05400067761535	73.05200008988388
0.6699999809265146	81.40400014877314	72.97600006580352
0.14599997520446947	122.9579993213714	65.7139999632537
21.022000122070327	133.21400080084797	64.96000010967258
10.312000064849856	90.29599990129464	69.44600018501279
0.24800008773803883	87.2660000456871	77.45800015464424
28.57599994659423	114.62400072276596	114.51799958765507
1.2679999351501479	97.88199946522724	81.97600009799002
60.04799976348878	89.49600015163419	66.62399993658057
308.49799877166737	87.79799960494047	66.64800002574916
1.5460000896453856	99.10800018176435	162.25399876624337
2.7479999732971208	87.92400005459785	69.24200006484986
21.400000085830694	102.18200017839673	85.43399984240534
18.545999975204467	86.07000007987028	65.46199994564053
2.8120000171661386	98.19600021183481	66.94599993288521
36.758000106811515	135.43999985605475	92.79200028657911
34.91799999237061	55.09799979940057	75.56200011670592
2.1259999752044654	69.29599998474119	72.18600006446239
13.870000057220462	79.99399987697598	74.5719996583462
45.79199983596802	94.92199988126758	67.7260000038147
29.652000055313078	85.22399996101855	72.3759999084472
-1.2979999160766613	77.69799986839287	62.6059998321533
80.34400012016293	119.04800012737518	85.42400001466284
70.01200075149538	95.19599987864507	65.84200007915494
4.429999961853031	93.16999976232657	75.91199997618787
34.623999767303495	112.37399894267327	67.86200001716611
5.902000055313109	90.87199993968001	77.09200006604198
1.4159998703002934	93.6239997969567	73.79599981307982
1.599999999999999	100.81800038918861	76.84399982929226
-1.315999946594238	102.73200057923792	65.30399986267089
64.2059998130799	72.47000011444091	74.90999988555907
424.14199813842754	98.02399959087369	99.67200007438663
2.8940000820159932	132.9940000642837	81.26000052511696
0.0539999294280993	90.16400017395618	63.50400009393691
2.5339999485015885	83.42999990463254	66.22800014019019
2.0460000610351563	95.0500000524521	65.60599995136268
-0.7240000343322766	76.10600060448047	65.02199979782107
4.779999933242797	89.6359995515645	68.6219997847081
-0.626000061035157	144.77799994349473	68.2320000946522
23.911999855041493	90.03800036415453	72.5079999685287
0.8779999637603764	124.8799999797343	71.59999995425348
27.19199985504151	74.8960000324249	77.59600032985209
64.55399994850161	173.94399924501758	76.61399986147885
9.949999971389778	101.84999896705153	69.13400005817415
1.2799999237060549	94.8780003148317	75.86399996638305
16.496000204086304	96.1680001926421	64.52599998950957
263.4379990768434	84.94999992370603	72.43800016641612
1.292000093460082	82.34600038170818	66.5600000798702
15.28799995422365	79.854000056982	64.6919999682903
21.865999956130977	78.63000030875206	75.52199995994559
2.3800000762939435	142.31399929404267	94.64000018358226
0.7780001163482664	95.84799988210217	86.89800024837253
13.744000024795534	77.75999960780136	67.52999989032749
-1.4359999847412104	122.29600043967362	104.98400056362149
-0.447999935150146	90.28399945691223	66.66599993228907
8.177999963760378	78.6439998221397	91.13200039625163
-0.2560000133514401	109.27800006657826	69.98600005626678
4.932000160217287	81.23999995529653	79.2240001392364
48.2519999027252	122.97600003048781	83.19999998569493
5.0059998893737765	89.84799987554551	67.16799988746644
4.206000013351439	82.59600007057185	68.8480000400543
-0.3040000152587905	105.32000008389345	80.95800012230877
5.612000017166136	82.58200001478193	69.59400011062621
-0.8599999618530282	82.44200019359583	74.35199996948239
-1.5860000228881823	92.38800039649006	67.51400008201601
1.5979999542236336	100.89999937325722	69.03800016686321
41.0180004119873	93.32599989175796	69.2340000295639
25.82399987220765	94.16200034022324	67.05799993038178
1.4780000591278097	87.23200013220315	65.02600009799006
0.6359999275207538	131.33399923846122	71.6100001978874
12.607999963760372	78.4860003471375	68.65400009989737
22.737999973297118	85.37200041845435	79.41600008487711
2.2099999523162825	99.25199961036444	77.72399984568362
0.2999999904632581	147.14999949157232	74.50400031447413
12.877999954223629	76.3039998006821	69.97599986076354
18.301999998092644	90.5960001257062	72.36599994659427
4.981999902725216	87.90800026029349	65.1840000143647
0.5580000591278093	93.15600031286478	66.14400002524259
10.817999987602244	64.5979998421669	77.5259998574853
4.772000102996823	83.15800056695946	63.35399991035454
46.57399996757506	132.98400018394003	67.83799988746641
11.923999948501582	89.75799990653985	73.98999986648562
10.973999996185302	77.43599966108803	101.97599965244514
-1.2539999485015885	112.64600020170205	104.29199954390528
-2.1059998893737797	92.21600029706947	63.31399991750714
44.31000017166138	77.6200000627339	64.06400005310766
12.95799993515014	80.09399996042254	74.35199982404708
2.099999933242797	87.43399962469931	79.88399992465983
21.716000099182118	73.89799996256818	74.30600003242488
0.15399986267089716	65.12199982762337	72.43200000360608
10.953999919891352	151.20999930113558	72.51599999397982
0.17000001907348544	81.9679998213052	68.9919998264312
2.2480000782012968	131.32599937558194	68.51400014519695
17.742000112533567	89.38399961590773	63.145999991893774
0.4719999504089367	62.0760001221299	68.1259999608993
12.160000066757199	96.69399951145043	68.59600001931189
3.9680000495910637	81.38199994564047	68.1640000271797
1.1940000057220448	88.1340004062653	69.0320000457763
30.50800000190735	79.34599985659122	67.36000015974047
10.546000108718868	94.03199999690065	63.03600012302398
1.7039999389648455	92.14800001978878	101.0220002937317
-0.8160001277923599	93.84799975112082	67.0660000395775
-1.5360000419616702	124.76400060608991	67.89200017824773
2.6319999504089355	71.62000015899538	74.37999995574357
15.807999992370606	102.63600051805373	70.7459998703003
2.371999959945678	78.64600030899042	63.698000056743616
17.846000165939323	83.34799955129613	65.30000000953675
1.652000045776365	115.20800008371492	69.67200007915497
-0.050000133514404674	84.34600001811972	121.1800003616513
18.408000030517588	79.2899998489023	69.39800004959096
17.030000119209287	130.75399958208214	124.097999970913
43.91800004005432	145.31799975067375	174.0639995536207
124.37200043678284	80.23599970310926	67.37600007653242
9.941999950408933	88.05000006794934	67.84800006926056
37.278000040054316	97.57400041580196	73.76399997711178
3.3280000019073492	86.97600032806402	72.1340001702309
-1.474000024795532	91.34199965000148	67.8020002889633
48.744000072479224	97.74599978253252	71.94999998092649
8.91400007247925	74.22799987703573	66.14399976134298
8.588000001907352	79.74799985527997	68.09599996328356
6.519999980926513	79.64000035881993	63.95800010442733
122.7659996414184	122.56599979698665	72.09400011628868
-0.3860001087188706	109.41999925285575	74.41399976253504
9.048000097274775	92.22800000250335	72.87600007683044
4.9040000343322765	103.69800017476084	87.71200016736985
13.520000057220454	97.44800045490248	67.72400014877313
46.283999929428084	95.11199897050855	81.6539997577668
14.703999958038331	106.07999955758454	69.02200007081026
48.49399994850157	87.77600048422812	68.74200013637548
1.5680001068115212	78.30399970471866	71.58200043007727
1.3680000782012933	82.02000025749203	68.06400025486948
0.20600004196167035	98.45999944597476	67.7580000758172
7.63799994468689	82.60200012207027	80.64399999737735
0.93599998474121	87.87999988362199	76.89000003710402
32.14200017452241	99.86199999496341	65.92000004291538
2.808000040054318	124.74599971950047	75.68399979889394
38.78399979591369	85.74599998548626	67.88600004196174
40.47800004005438	79.46400009289377	64.96999989986415
16.20400003433228	99.73400014638898	66.85800028517845
1.0400000762939452	87.79400013446795	105.60999974876638
14.821999988555923	87.7619999969005	72.5139999341965
1.602000074386598	73.82799993664015	73.2600001174211
3.680000028610232	83.48999985575678	71.39000006914142
55.31199950218199	86.9259998840093	72.01600008487704
6.8039999580383315	110.0059998244047	68.34000013589863
-0.64200002670288	85.61400029897695	107.8279999247193
19.154000062942504	83.65400001049028	70.05400009363888
0.6859999084472655	85.14599987268451	118.84800018787372
-1.048000020980835	85.46000005960462	70.79600003719325
0.6620000267028813	110.49400001674898	95.45599977612497
15.620000028610235	90.66200047761204	69.81600019276136
1.0300000762939459	82.35400027990333	82.24400007486345
8.323999996185304	87.5599998998643	68.41999989509587
23.427999954223615	84.59600010871874	128.29399992972603
123.17599982261662	95.54600000858305	86.63199980735786
19.53599989891053	90.94999963119625	68.00600003033877
0.5579999732971204	83.34600032210349	69.89399986356494
1.5299999713897716	98.27000001192086	69.26399998664853
15.33799991607666	97.18999972641471	78.05399969339369
7.049999933242796	127.35399983167642	86.89199995756162
38.14000018119811	85.87999964416024	70.08200005054472
0.3499998664855939	87.49199982285504	71.48999980211252
5.436000089645388	84.99999984741213	79.40400011479859
9.680000104904167	119.65599998861553	66.47599999070168
0.23400008201598993	77.58600037574772	66.60600005865098
7.010000181198118	69.65999980986113	67.20599996089935
2.75199984550476	80.42200026378026	64.45199996799234
1.3719999980926498	94.16199993923307	90.28000015020365
20.50999987602234	134.38400156497954	77.35399980068209
24.71200031280518	104.7860004916786	68.19200002193455
18.93399993896483	84.54199967384335	89.43800030648727
23.820000057220447	82.82600000619884	65.90400008395311
48.94000014305115	71.31999985337264	63.992000026702854
-0.3659999084472672	97.91600022718312	72.15600011497732
5.7880000495910675	112.9479996944964	66.46200003147119
1.0620000553131086	79.18799986824396	69.0080000209808
61.08200007438658	130.710000101328	67.69400000810627
2.2639999294281017	112.56199989616876	69.7679999780655
23.538000078201293	104.61000052705408	75.69599989652632
-0.01799989700317309	120.83999984800819	71.0039998555183
-1.3140000534057614	94.61799971818927	68.42999988079062
-1.4060000228881846	74.18000006079671	79.15600012302387
1.262000088691712	107.8000002056361	71.80200013637536
18.93000005722047	148.4019994390012	84.94600032031536
18.363999872207643	129.73999969691033	66.50200000524516
243.70399939537054	91.0019999861717	71.30600017070773
1.9120000648498554	96.04400016307825	132.23599974989892
17.200000085830684	86.35000040292735	65.99399994492529
3.9139999580383287	99.96600008472801	71.77000022083524
0.2659999370574942	75.71399989962579	68.07600013554095
84.54399980545041	77.68199993133553	90.21400044679632
14.70799990653991	93.76599982649088	71.86199985980981
0.6780000591278077	105.03600066185003	77.02799990728502
0.9800000095367423	98.11999944016337	70.4700001001358
-0.08800012588500879	82.72799965262409	68.45600008964544
24.63000012397766	93.62599930211906	70.18599990129476
1.243999938964844	83.19799995183946	76.34600028082733
2.944000043869019	84.65799983024588	72.86399985313415
117.55800040245053	154.23799951195727	104.50800044059748
1.556000003814697	88.4619998168946	81.35599997520443
28.626000032424933	88.68999949812891	65.4500000143052
258.23999888420116	110.10600019842397	63.31199987888341
24.26400012969973	90.6099997228384	73.33400005459784
44.71800033092501	78.57000005245203	68.24000002935526
4.583999996185301	93.45199963808054	65.65400018453596
-0.5759999561309803	103.62199993819006	68.29800015211103
19.28399990081787	100.92799922198061	67.14599990189072
20.03999999046325	94.61200018003582	84.04400031983856
2.0160001182556155	101.38399988979116	67.37600010871887
29.66799983024596	85.45800053834918	84.14599990367888
57.62599990367889	94.41599999070165	68.28000005960465
1.3900001144409184	87.51199937149886	90.41999993503087
117.7800006866455	104.21799920633434	77.76999981641777
404.3879989814764	103.51000103041538	63.94200019836422
35.63799986839295	95.40199995100497	71.07600005328656
0.7579999542236336	84.34999946326015	78.6020003730059
43.09799984931943	86.272000015527	71.47000008106225
3.026000022888184	84.14199989795672	71.58399997711184
16.144000062942496	82.29799979567518	69.49399991035467
12.174000043869013	93.96000044494872	72.41000000834461
128.0900000953675	65.26999994307752	88.02199997127056
12.772000007629385	122.44599913537505	83.59000013530259
8.426000070571904	89.04200021386137	71.69600002050394
4.2380000877380395	85.71200031042105	73.06600007534024
1.0999999713897692	96.13200017184023	81.50399984553452
-0.2880000400543227	82.06199958145616	96.5360001850128
36.30600007057188	94.01600028321145	68.10200008302921
35.73999985694885	82.32599989295007	68.06800029993052
2.0660001850128165	90.66399994134895	114.6000000596047
1.6039999485015868	87.53599995136257	76.47199982479209
2.3240000057220445	95.50599979966881	67.91599989712233
1.8540000343322758	85.81199995696538	80.99400041103368
42.07999994277952	88.8060003569723	71.8539998078346
18.229999952316295	96.99000002562994	66.07200008630751
42.695999822616564	88.57999999403962	79.83799989700316
14.388000020980826	122.9100005342066	65.04399993136524
58.60800043106082	92.92200044929982	66.01599993228908
30.306000204086324	101.17199975863096	64.40999996185305
13.764000034332277	87.24600008368493	83.261999938488
4.862000083923339	86.21000006079667	103.27000030159942
13.150000133514402	100.15999933838835	68.14400009632108
6.053999891281127	99.92200004458427	80.60799986839302
60.242000079154955	94.46600028812885	81.1520000469684
30.660000019073497	116.12199994802486	76.81999981880178
1.9940000438690193	65.44400015681984	91.70600018799314
5.651999912261963	78.42600001573565	72.18200002193458
1.177999906539918	95.38599986672392	77.50199971675868
2.6900001144409145	90.23600018501273	72.66600005626674
24.452000045776348	90.93599974632264	71.52999987304204
8.679999876022347	85.3420000398158	65.32199985623357
1.954000091552734	100.12999976038925	69.23000028803939
2.005999994277953	82.25800044894211	61.38599985122677
3.0340000152587883	82.1600000917911	91.86400035589928
0.7940001201629632	85.25799993276601	69.4820001423358
5.866000051498413	76.61800027817492	71.02400018692015
38.624000129699674	76.29800007581716	69.89600010037418
23.758000040054338	95.20000019192682	73.25600018307577
32.219999923706034	81.44000023275608	86.39399997234345
25.27400009155273	151.06400009259585	88.46400027871138
2.267999963760375	81.41799980789423	70.87799970149997
14.92600008010864	85.89599980950368	110.54999988794324
18.485999946594255	86.71999999970193	69.77999978780747
39.616000289917004	95.07400023847812	80.5319998511672
4.984000062942505	87.7900001394748	117.60399955272668
77.8779997062683	74.53800029516222	68.53800004959105
0.6880000209808366	100.07000003576276	66.56400007247923
-1.546000099182127	79.61799993276595	97.47400020837779
31.940000028610207	93.96799997568124	70.22800009250636
253.52400024414052	80.63799977868794	80.8280000686645
-0.9179999828338605	96.26600007057182	68.98599995821712
69.45399990081786	104.36200047016149	68.64200016260146
56.39400012969971	91.85600051701077	68.03600011587142
4.6640000057220465	77.72999997347588	68.24600013300778
0.4099999618530287	103.01799878716471	68.35800011157986
-0.7300000667572011	88.81000022232531	72.77800005793573
-0.16200007438659753	77.15599976524715	72.21800002336498
62.90400013923644	116.39400008976463	66.93800023078921
90.29999974250795	94.4439998334646	66.23600013494492
61.235999717712396	78.56000029772521	75.71000006631019
31.377999925613416	84.06799998283384	66.89000005960465
13.691999731063836	95.08800000190726	75.7639998483657
3.4820000743865958	81.52800048053261	70.14399993419646
-2.148000020980835	90.77000030934806	68.70599976286293
5.096000070571897	80.3200000941754	63.40599999904629
2.9480000209808352	95.15799940228457	68.21200016021729
4.984000167846687	114.5379994632304	68.11200011730186
-1.1899999809265134	96.38599986031645	67.72400006473062
137.38599978446962	91.47399979472156	66.90599975585937
-0.005999908447267095	132.13999927490957	76.40800011157998
126.4840002059937	81.60200016915805	73.49599998235705
39.26199996948244	91.42400005698195	67.17400016307838
60.80600017547613	78.1759999829531	81.89200014829636
37.52599991798402	82.43600006178023	70.96599987030032
0.981999979019166	81.24399962559336	70.65200005531308
1.467999982833862	64.5840000870824	68.9719999694824
29.657999897003194	68.63200019717216	69.33999997496609
25.89800018310546	114.41199952512981	63.99200015068059
11.83399990081787	115.91000022187812	80.23999997735022
23.223999881744405	81.04600001275544	75.01200018405918
29.93199981689453	96.33599971011282	91.92800058305252
39.308000230789176	91.23400028109542	75.8780001997947
-0.7199999618530266	85.09800039157261	66.77000017166132
1.0900000476837148	123.52399993658074	107.27599966049192
1.910000057220458	96.15600012779235	67.50399985551827
82.5159997463226	116.54199992120272	76.09000004202132
5.013999996185302	79.30000017255544	73.74199997514489
-1.6680000591278061	100.47400091320272	70.85599994182586
20.035999956130976	95.48599997609855	65.12600024700166
2.9680000400543207	93.93600033342838	65.90800004959105
4.447999906539918	88.51400030851356	73.86800004184234
2.1220000362396227	100.53599970012898	71.99600000768899
7.466000013351442	89.2760003443061	68.35200010299678
4.246000051498414	87.83399983450762	67.21800003409389
19.4060002231598	85.85000016450883	67.26399990260609
46.836000061035165	72.69000025987619	73.05399989366524
-0.0879999065399182	102.51600053071971	64.95599986195562
0.14599996566772258	114.07399937748902	101.71200016915799
7.61799996376037	76.0659998607635	68.807999998331
74.5239996814728	159.8820000946522	67.73799990177143
16.378000011444087	82.70999996587626	94.8320004498959
1.3680001163482651	89.03400007307526	79.01600012123589
1.9360001087188714	89.08000005245204	86.68999974250802
-0.07399994373321514	116.5579997611045	66.87200014829635
1.529999952316285	90.4560000884533	72.65400001525873
6.383999919891355	127.63000040531163	71.7940001058578
1.7660000133514406	88.59399972051374	77.3320001840591
0.1900000095367416	80.39399991989136	69.74800020396714
0.6679999923706055	75.90199997872105	71.24600013926623
102.86999994277951	83.50799981027839	65.89800030708314
120.69000038146976	94.41599970698351	78.96199964150786
-0.5320000457763684	78.42799997478717	71.73800020605329
-1.283999967575074	186.00599940329806	65.3359999740124
4.844000005722048	84.33600003689529	67.55200009226799
48.82999980926513	83.36799990653994	74.48799967765807
6.59200001716614	82.84799991011613	74.23999986648556
2.892000036239621	96.15799996614456	68.17399987697603
60.58599997520447	79.38399999022475	81.36400032043444
49.970000085830726	93.9660002698004	67.22000017881395
0.35400000572204404	78.94600035756825	71.92599994480611
13.332000112533569	89.59599990487088	71.17000031471247
1.4380000782012932	76.56600037693981	68.17200025796886
11.505999822616575	137.26399947255868	70.68800009563559
10.77599988937378	96.6580001735688	67.30199996471407
54.7420000553131	93.26000038266177	66.83400021031505
2.021999950408935	81.67199979007239	66.73400005817415
2.4880000209808344	126.53599971592425	67.92000009208914
45.06399994850155	88.65200032293797	70.16000004887583
-0.04399997711181509	120.31800078749659	67.16800007343295
5.953999996185299	97.67399970769885	65.11400015830992
31.043999977111827	62.712000240385464	66.36000007152555
1.2919999694824222	100.73199975192527	79.08999998569485
20.346000032424914	144.28599926114072	85.86600042819971
-1.7839999580383317	104.14399906814104	67.0700001585484
1.2140000247955312	98.11399958193307	70.68800026893616
27.193999872207648	98.18600042462359	73.44600023746482
32.21000000953673	82.19200002118944	67.91599999427801
3.7659999847412093	91.2699998432398	85.05000015258781
30.19000007629397	94.31200006067752	67.68399980902666
3.4880001449584976	106.2500008648633	71.88400012880568
0.07200012207031138	116.03999979019171	76.75399983018634
1.2540000152587896	91.52800032109027	77.52999962806697
159.27200029373168	94.00799926877025	69.74399988651278
83.94800045967104	90.79600001096729	67.68400000572208
29.842000131607072	76.3740000867843	63.27200004339214
44.9900003147125	89.61399938553569	64.76799994826317
6.723999938964842	98.73999968409532	99.88599984884262
-4.482000045776367	103.12999969825147	72.03600002050402
10.169999933242797	94.21800005197518	72.35800022482871
16.199999828338626	134.04000094369044	62.93800007224083
-0.15999995231628483	73.32400003641841	68.66399987518781
0.8860001087188714	76.59599976956841	70.59600002765659
69.49599999904632	82.8339998602866	72.45799985945229
48.996000242233244	73.77399983167642	64.23999997615819
21.358000144958503	72.209999961853	74.78999996662145
9.796000099182127	110.17199965000145	65.82200016498568
0.2740000343322766	109.81400034189227	75.35600027903905
10.162000007629402	78.39600010320542	72.34600018456584
1.3600000381469732	92.03999970436088	77.21600005626678
147.39399967193606	88.1440002274514	101.91999998167154
40.11399997234345	55.97599985539908	142.04000015825025
37.35399997711181	88.78999985367072	72.3520000123978
20.2339998626709	126.37799998551611	78.54800036311151
15.646000041961676	89.20799968242648	66.98799986839296
4.098000059127809	120.7399988150596	73.71599978446962
30.529999902248374	89.89600008949641	71.78000004112718
15.156000013351441	78.86400013118973	68.22000005245205
37.792000036239614	78.66999996945262	70.18000037670136
8.53599992752076	81.20199990749359	75.66199966907506
10.842000083923342	93.35999952554698	66.56199997812517
2.3199999809265126	94.21600019618863	102.46399959936744
78.49400039672862	86.54200008928773	67.61800009250635
-1.2999999427795417	128.89400015845877	86.02799994111065
10.171999931335462	85.70400002956384	69.74000003337862
0.5919999122619617	81.15000040203326	73.89400008678423
39.34999995231629	75.03399990797047	70.48599984824655
2.0460000228881836	83.04200012803076	69.44199998378754
94.97799992561345	89.86599997505552	95.4779997074604
14.365999898910516	104.92399939775474	67.19999991893768
-1.7500000619888294	98.23800043463707	81.05599994778623
-0.9860000705718991	87.97399976789957	75.84599994182581
70.16799999237067	86.17799990788099	68.10799989223483
5.168000049591062	117.15999989062558	74.92400006085637
2.135999975204469	95.68400015830986	72.20999994784596
5.521999959945671	88.58200038194654	71.7700001621247
2.024000082015988	164.82799864917988	67.28599986553192
-0.04799983501434489	98.44599997997284	69.16999989554286
22.895999908447273	93.87200041368601	122.00000034019351
3.27799994468689	109.13799982190136	67.07599993228912
1.4220000457763686	94.57400038003925	81.3040002226829
5.2239999866485585	85.64599965095528	81.80200001239781
-0.06399993896484199	109.81000096499919	75.1220000457763
0.6680000114440925	141.28799982741472	91.17799953788527
7.359999923706052	82.65599998772137	71.63600010871882
342.340000386238	167.07800004810073	111.51999963760369
17.883999910354607	78.61200034320356	67.44600020647043
7.626000089645385	78.94999989330766	68.37000018984078
2.1779999828338634	84.46999960958955	74.36000007376077
2.5979999732971204	87.89199977591628	71.975999994278
45.35999988555909	92.41200047865503	63.69399992942804
26.12399998664857	79.28000000953669	76.0559998905659
6.254000015258791	94.11600031375876	67.75000008583076
18.328000020980827	127.14000010669234	145.96799898207195
2.0099999237060557	83.76399989247322	77.12999980568884
2.4160001087188707	86.10800005912772	67.39000003695492
0.5240001010894788	90.8640001092851	77.50400015830994
18.068000049591056	120.81999985545869	70.33800001621243
1.2379999828338615	89.51600035667418	78.29199986457826
0.05400012016296342	72.1900000846386	72.27399979352947
-1.436000022888185	143.27399975523352	63.3179999518395
2.1580000114440945	105.788000665605	84.93599976301189
2.3719999027252197	79.02999985575683	73.89400008440016
55.08800025939939	92.05600013852113	76.3300002622604
13.536000165939328	90.70199989676463	69.42200001955042
1.2680000019073498	71.00599999636417	85.75400002717956
-1.2820000362396233	69.30600021362301	80.90600055217746
0.49400019645690835	84.99000014215704	69.18599986314767
20.313999967575082	84.85600034475333	67.46800012588503
8.769999828338628	93.18399979040026	66.64200006484991
3.582000055313108	80.87000019609918	66.80400000005962
161.03999995231626	84.38400000333796	62.2000000810623
21.32599996566773	95.27799952626216	63.06400014579296
2.3720000362396236	141.61399878486992	76.98200031757354
-0.3439999389648439	88.65799972772597	69.50400010108943
47.34200028419495	89.39599992990495	73.33999973297122
1.6420000648498525	103.47200001701712	68.70200000762942
43.90999970436101	78.93600020051008	69.84999999880789
0.914000139236452	94.19800013974302	63.91000010490419
90.35200068473813	75.3080001854896	71.75399996280674
16.780000019073505	70.61199983835226	67.7180000567436
33.57799992561339	120.69600073039531	73.28599996089945
3.7880000877380375	82.07799993097784	65.89799982309344
289.22599940299995	75.97000048398965	65.38200017452242
0.23400003433227592	87.70999961853025	71.69400032564991
-1.3659998989105218	90.002000054866	70.32599999308586
5.631999969482419	56.73199984312053	125.70799973815673
1.2179998493194588	94.25000039368874	67.28400021314624
-0.3580000019073483	116.36400039911261	92.25399996370079
0.955999965667725	96.30799971818928	66.20600006461143
3.6180000591278083	81.2700001047551	66.86800008952619
13.795999994277956	88.07600003108386	69.41600011914969
1.166000108718872	98.16600012391804	67.18200004100798
2.634000091552733	109.55199975252148	107.49600043535243
32.34800002098084	75.5359999684989	66.1859999072552
7.233999996185303	76.151999835372	68.13399991989132
6.124000110626218	88.35200016677388	66.32399990081784
19.614000129699708	96.06800021052351	71.08000011742114
0.44199996948242254	91.56999991893767	78.81399996638294
-0.8359999847412097	84.54000010013576	75.95200017362826
4.278000087738038	89.19599965572353	73.22400010824201
25.210000000000015	73.49999982535833	68.82800004601481
5.868000001907345	130.68599965170017	72.80400006771089
0.7659999465942391	92.80999952912326	83.72999999552968
6.368000059127806	99.73799947410826	68.86199985861776
6.128000202178954	124.79999855637548	74.66800038337703
-0.8759999132156364	105.97800038725133	87.1720004685223
2.580000143051149	111.98399985045192	67.30599993228905
5.918000211715698	99.55399949178103	66.51599973201749
3.131999988555907	100.31200048685074	104.33399990081779
1.6000001239776607	73.01600008726123	103.59599942445745
38.32999978065491	101.7900003099441	72.28999980926518
51.57799995422366	96.68600030601024	65.96400008916854
13.270000181198126	90.13400033652785	67.1680001592636
15.193999900817865	77.23400014400492	68.36599986076355
5.417999973297126	98.63000030517577	73.33800006270408
7.3800002193450895	118.64000046297905	93.13400051116949
-0.7679999160766613	97.32800011545417	69.99600000500679
28.05600010871887	83.75800003364681	71.46599992334839
-0.40000004768371594	79.85800013661378	67.8520001745224
69.0679999923706	72.87999949455256	69.33600000381469
2.187999963760375	85.99800031185146	70.6840000474453
4.042000026702878	85.34000006407497	66.5340001451969
1.2379999256134029	86.85399999305604	97.18200023785225
18.85200008392333	79.05800003111364	98.0319997525214
19.689999809265146	92.26399978488672	66.1960001039505
22.98399985313416	88.4080008304119	86.75200027644641
33.285999898910504	78.12200007438659	77.8779995512963
30.09599997043607	138.93999941974866	67.91200011730189
1.0659999179840074	139.6299990734458	95.61799980401989
15.333999948501587	72.58000001817936	70.20800004005437
0.8620000171661362	88.2259995278716	76.26999999761586
1.6840000629425043	126.7400004991889	84.00200027942665
1.3359999752044673	90.67600028827783	78.21999979972843
-1.1559999275207522	96.52599975898856	84.20800014615052
-1.2220000267028817	89.9799995666743	70.7660001087189
3.6239999389648454	72.05999987334012	90.03800014257429
0.03799992561340197	103.07400009393692	86.51599980831149
278.0640001773836	95.2380000352861	65.37200004577635
68.79999975204471	87.84999960184099	100.93600015833971
-0.026000099182130032	77.08400011658668	67.92600019454956
-0.3179999446868906	104.04600011423229	66.68799994707102
127.48199948310854	83.98599962830548	76.281999809146
0.8659999847412124	81.12000005960464	67.27600038409236
50.52399996757505	94.16399978250256	65.82600002288815
57.422000055313156	86.87000004291531	100.37999942302704
3.8639999389648443	103.36600031971928	84.34799996137615
23.4779999923706	118.11199996367085	69.9179998588562
1.687999839782715	116.38000019788743	72.62999989032745
17.548000059127823	98.82999972224239	130.6940001153946
79.42599987983704	90.48799987852577	89.67399968504898
1.7740000152587898	108.18000014334916	81.32599991947414
1.3980000591278055	79.67799989730125	71.28999994754787
1.7300000572204595	79.76400038659575	88.47599983870987
18.61600008010864	82.38400016188619	70.42800011157988
2.5740000247955344	94.15600033640858	72.24400000005956
23.888000307083132	84.99399990081781	69.67200006008139
11.958000078201295	83.68599940970535	85.6059998345375
8.534000034332285	79.87600011885161	72.18800022050736
0.11399986267089997	106.45800060376521	104.72799934059374
1.3460000514984116	79.68199941724538	69.9620002651214
-0.11799995422363264	94.98800035282967	73.82399982810017
4.012000083923341	100.68800012543792	74.12399980783461
36.89599981307984	97.50800069808963	70.18599996566778
-2.462000055313111	85.70200033664698	66.60799993798136
1.8139999675750735	95.28599996030341	73.79200005650523
5.898000030517577	90.62999954745172	66.05999993801115
37.34199995994569	77.69799997955565	89.96799991697077
2.381999912261965	80.30599995791913	84.73600013732906
6.41199990272522	83.9800003385543	67.81200005888941
15.300000047683719	93.7160003492236	68.18200010061268
15.127999906539923	90.65599996045233	66.67799985408782
59.41199994087225	72.77199995756145	62.10600023746484
32.94800011634831	94.79799989894039	70.1259999589622
2.3859999275207517	119.99200016185638	70.1840000009536
23.367999935150138	83.48199961572878	103.02399984225629
60.99399990081786	93.0659996503592	69.44999982833856
1.4220001506805395	86.39999971389771	108.27999957919133
30.000000114440905	83.92200028955939	70.7579999732971
20.49999993324282	78.4899998439849	70.76599983453747
41.50399984359739	78.36800025701521	93.46399998664864
9.949999914169311	81.35800032854071	71.76200011253357
14.457999982833872	84.516000097394	71.1479999184608
48.58800002098087	90.01400004863739	69.0220000910759
0.48200000762939393	112.84799946293238	75.86600036233666
62.0399995803833	96.50200048327451	72.81600001335141
0.591999835968017	149.41799987524735	74.74000030696392
0.9479998970031723	100.88999960944062	82.33999979019168
30.24400014877318	95.12599982351061	76.56400030851358
-0.3680000686645502	92.15600019931789	68.92199990689761
-1.5080000233650195	89.41999970436089	70.22000008344654
18.630000171661376	97.17000039830796	67.32199989318848
-2.806000022888184	80.85000018775456	101.94999983727939
7.5199999332427945	107.91199996680021	74.81399989128109
18.091999931335458	84.05599991157641	70.00199987292288
6.451999921798708	82.56799962520593	68.156000175476
40.1599999523163	109.54199988737699	64.44000011444088
49.17000007629392	141.402001159191	62.04399995744228
2.843999958038332	88.19400030136102	87.30999980211254
0.7360000324249286	122.18599979415544	71.9520000739395
0.8299998664855961	150.7919997255504	73.26400029182435
3.4500000572204605	93.0679996466637	67.57599994659422
7.369999885559085	140.21399971082815	69.44200011253353
0.5820000171661359	83.93200045943267	70.46200002133848
61.62199994087217	93.51599970340732	69.84999971389767
21.114000082015988	105.45800008788703	83.38800022482876
3.74200015068054	64.54199946165086	96.65999996423719
2.1499999904632587	92.86599936753517	65.72199994087218
1.317999906539918	101.49399939641347	73.68800009727477
97.7200001621247	96.63000020518906	93.78599986732011
18.91600021362304	96.50999930024146	68.51399991989135
9.960000038146973	141.2299990266561	61.51600017547602
10.108000049591064	74.75600029706946	71.70800005912776
70.92800006866455	115.32000040680163	67.59799983024595
24.884000186920176	96.89799996972089	73.30200021147733
35.837999887466474	96.28999989271153	70.03400011062615
11.150000071525579	86.5079999315738	91.84199965953827
5.188000087738041	93.66000014498836	71.2920003199577
3.546000003814698	67.46799999803304	84.7279997201264
24.102000122070308	198.24599912345408	151.2899996024369
0.33199998378753603	73.54199994087215	66.88999995708464
7.669999990463252	97.01799962997436	63.06399997234348
3.4219999694824192	80.96399993360036	68.34599976539614
63.55200057983401	91.41599931001657	71.12399975776674
36.068000078201315	82.55200009524826	72.7080002863705
25.788000011444087	177.69399975821358	76.53399987220757
86.35800002574918	90.34999995917077	75.94399969398968
39.083999881744376	85.65400003641841	64.34400011539456
7.269999914169315	72.76800000905993	69.57200005054472
30.665999898910513	83.36999965667721	66.349999961853
24.885999937057505	99.2460002160072	101.02800001934166
11.028000059127805	80.05000012159341	75.60000031709664
114.54400045394897	97.92599961638453	73.35399981021892
24.826000080108642	133.66199966698895	91.9199998873472
1.1239999198913575	91.7099997560681	67.79399999618538
25.271999998092653	77.44199980020525	62.53600016295916
18.72599998474122	99.0900004698337	81.60200043320661
1.7340000247955305	71.89600031018249	77.77199987292292
37.28799996376038	81.05600042372949	69.8099997138977
0.9679999732971181	155.03999922499054	106.46999964311723
1.0520000743865965	90.97799978882071	102.62200011730188
23.26800002098082	82.03599974542851	86.65400017857557
24.938000093102456	140.19399991527217	78.08799985408777
39.07799982070923	69.02800002098081	69.11400000333786
20.679999933242808	93.77200022041802	67.32399990320205
1.7099999809265145	82.7600001725555	68.64800009608267
19.967999925613398	86.9479994937778	66.58599998652939
3.5599999141693117	77.21399983406066	68.58400003671645
20.26600006341935	79.0900003916026	65.79399985313411
-0.008000059127808129	61.950000135302545	107.00399917125705
5.090000066757203	87.85199980825193	68.47600010871885
8.490000047683724	66.77600007206199	142.20600034758465
4.334000015258791	94.27600020736455	73.83399998545644
76.87400020599372	88.57799995273353	69.92000004768373
4.571999969482424	100.89000052541503	75.53799975633619
174.6119995880126	76.54600006744262	81.71399985790251
62.13599999427794	78.02000026702879	77.63999974727624
73.89800022125243	93.96799992799755	66.2480000448227
7.810000076293948	92.31400045394895	73.65800015449524
6.681999988555909	95.20199968755239	83.65400011062619
1.1200000572204607	104.40400013357414	69.12800008922812
-2.657999992370605	95.49200015664103	115.82600014686605
2.7620001029968257	117.03799994230278	68.34400001540776
0.3860000324249274	96.91400031089776	67.25200010776514
7.647999897003179	91.9040005064011	66.28800006389612
0.5880000877380385	91.20399996161461	70.96000017821792
31.73999984741211	87.65799939855935	65.60200015068051
19.475999927520753	82.69400028109536	84.92800027489659
43.08599972724916	91.95000043392173	69.84200013309713
20.112000160217274	101.24999977231033	66.52400006771089
0.21199995994567802	75.01599966287607	67.4059999164939
-0.9880000972747813	109.18799919053913	180.03400029301645
23.019999990463234	85.10199996069073	66.13199981033803
4.485999965667726	92.9439999639988	71.56200033187865
6.765999736785891	79.3059997749329	75.54000023603433
6.173999958038332	90.05000008225434	70.52999999150639
82.74199964523315	99.59400032281863	82.35999991595739
20.057999773025504	93.49600022315965	98.60000035524365
3.772000045776367	84.95200009986749	74.25800017118453
18.65800001144409	102.13200039744383	86.43599961921576
7.128000087738035	81.00399958610528	74.4859998703003
31.75599998474121	84.19199972987174	68.75600003153089
4.272000093460082	75.75600006595252	65.15000024080275
67.21199970245362	93.82600024104109	85.79199977874747
329.2039998435975	91.38600016832346	63.547999858856215
8.76400001525879	117.41800081968307	66.92000006437299
14.893999910354617	109.74199996039275	73.49999994993208
12.110000038146971	70.29800017312165	69.76800021529198
6.676000022888186	81.69400021672253	66.00399987220763
1.937999916076658	84.61999979734419	72.72000005438923
-1.153999948501587	71.00999972343438	67.28400009155277
9.29599996566773	141.581999811679	67.46999991834163
0.3640000534057628	85.36599931433796	68.32200013682244
13.865999994277956	111.73999972820276	108.86399986699227
1.4520000267028819	81.43599997282018	65.37799998044966
1.244000062942503	85.35400026857845	78.15199991941452
1.6939999294280998	95.05399953603734	67.98800002634523
74.73799988746637	86.18199981018915	78.47400043681262
0.06200010299682523	164.7659988114238	82.5399997079372
2.3500000858306884	85.7499997067451	67.55600003480905
3.555999917984009	79.7100004033744	61.27400000810619
112.48799960136422	92.47000037908553	70.83000003337861
36.66000024795535	133.87799982354045	96.9559998615086
110.65799983024597	99.65399976491926	71.23200014710426
24.357999935150147	100.97399980068205	86.33799965903177
-0.21599987983703745	92.16800063133243	72.59200029850007
-1.0519999790191636	100.9719999313354	66.73999995231628
2.246000051498413	137.04400004222992	98.94200012683874
-0.40400005340576245	146.73800005927677	77.60400001645084
15.155999994277952	117.27600029870865	70.93200021117923
0.5719999217987072	96.78000074863428	135.5299996495247
2.7720000362396253	97.90800023242845	75.13200014114385
39.594000082016	72.46799966335298	80.92799978256215
8.405999879837033	102.39400014758114	74.38000014305109
0.8160000038146973	85.38399982690812	66.2579999852181
5.260000009536739	80.84600012779221	75.5439996695519
0.4379999732971189	87.64800006389619	77.72200005531312
