96.73599995613097	61.88600012302398	76.78600004673001
61.26199996948239	67.13000021219256	64.5319998419285
1.3740001201629646	79.33399978503584	74.35199974536891
-2.035999884605406	65.5939998936653	77.16400009199984
19.33200029373167	105.84599986538292	150.27999935433277
6.043999948501588	65.93999997615819	65.59000014066693
20.88199989318848	63.41599986553192	61.51199990749361
7.521999902725218	62.355999971628144	68.62599992990492
-0.1299999904632584	78.69800035282972	66.15600000143051
14.707999887466428	62.94999998226767	65.9839998793602
9.327999966144562	70.76399961873884	71.08600014924994
25.306000041961667	56.978000077754245	71.48399993777274
13.872000198364262	67.03199996039277	78.48200001090761
-0.06400003433227654	61.58599997952583	66.9680002403259
-0.6079999637603779	64.00400009870528	69.72400008082388
1.4300000762939462	64.62399968624118	63.103999950885786
4.9720000839233345	60.84200002074241	64.59999997615812
1.7319999599456795	58.06400006055835	72.03400017499922
34.52200002670288	63.296000003814704	67.85399988889688
-0.0019999313354494563	76.0339999461174	58.93199980527165
10.247999830245966	64.76600023984908	67.85200011730193
1.8959999179840106	71.094000044167	72.33199994087212
4.334000062942504	77.08999993234869	68.82199993640188
10.203999996185306	85.28400014683609	71.96999994039533
7.980000028610224	59.387999644279496	65.63000007629398
7.713999938964846	65.34199989080429	66.20000006675723
0.6420000267028808	66.27199989646675	73.81399974584585
4.600000019073489	76.01399959996346	62.390000041723226
2.687999954223632	80.01599996238946	65.28799993231885
4.956000003814701	66.4000003285706	67.34000001430509
1.4919998931884744	67.21599996030328	92.88200032830227
6.98400022506714	61.403999958485386	71.38400011390448
10.09600008010864	60.161999952793124	69.12399981975555
0.9200000286102287	66.71599996805199	68.93800003528592
1.4560000896453853	62.4119999170303	63.47600036025049
3.292000055313111	74.87200021907692	64.44999997138974
1.1000000000000008	70.35199966818092	66.20800018906597
1.1659999752044679	60.35600004792212	68.35400001525882
50.788000020980846	62.92599985003476	73.10600032329553
7.5480001258850145	70.11200028717515	74.74399981021881
13.377999992370595	61.99599993169313	67.41600011825565
15.32999980926513	64.76999982073897	80.68199962615972
8.985999984741218	72.36800048828123	81.94199972629549
4.40400007247925	65.3900000464916	68.20999976634985
4.1360001087188705	64.79799984708431	74.04399993896494
1.1239999198913593	60.849999896138925	71.61000023216008
-1.661999950408934	59.21799995809795	75.94000023841853
2.666000089645386	82.59799997001896	64.92000009059903
4.2940000057220455	68.10399979114531	65.33200005054478
17.59999997138979	62.47400024056435	68.02600014358761
-0.017999954223631355	59.443999768495544	76.32199978828427
1.4860000419616712	62.576000081002654	69.38200003385539
0.4159999561309812	71.66400009900329	69.01999997377396
4.508000078201293	74.27199957102538	72.17000011920923
31.884000158309924	60.327999964207415	96.73000039294354
0.6220000076293933	63.469999923706034	75.63600010871882
10.532000017166142	66.56600007206201	70.48399998307228
11.014000053405757	71.69600000426166	88.99800023555757
0.3479999923706069	67.69399981856341	62.74999991416932
-0.28599989891052163	65.79000017881398	67.8280000019073
-2.3800000858306887	63.126000138819215	77.63599968314173
4.62799996376038	63.02199997738002	68.04799995064731
7.346000051498413	66.5000001800061	68.50399998262529
34.573999662399295	60.853999987840666	63.90600022792813
-0.9380000686645515	56.07999999880784	65.1540000134706
27.080000085830687	76.9440000867844	82.27400016784667
34.089999961853025	61.5519997271895	65.37600013256069
-0.18999991416931059	67.5500000190735	85.92000003814707
13.915999994277954	65.71800034418693	71.81599987506866
5.0980001163482624	64.33200009107581	64.94599990487094
2.1420000362396245	57.34599987268448	71.1780001321435
10.864000015258792	64.33600007534025	68.34999980211255
12.993999996185305	80.21999949857586	70.40400000929831
14.012000055313118	61.28800002455709	70.23200003623961
2.235999994277954	65.90200002133848	73.16999999523162
6.213999948501586	63.316000105142614	68.16800016880039
3.2640001392364497	66.39199977993965	68.01999970793727
22.11599996566773	63.025999969243976	66.70400022655728
29.338000040054325	62.37000003844497	67.24199985504144
11.198000144958499	62.42400004267695	66.18599991872907
-0.8739999675750716	57.83600011467934	63.05600006580352
5.734000072479254	68.54199989557266	67.6140001133084
-1.6639999485015882	64.5380001755059	68.38199993133549
12.29200004577636	58.831999913007074	66.82399992704391
29.78600011825561	73.15200004458421	62.07599992036822
21.084000043869025	74.66600048899649	75.02400030374523
14.382000098228456	77.273999928236	70.12399993181228
0.32399996757507254	70.06599981665615	65.51000004440546
8.382000141143793	68.96999992370603	69.01399986743931
233.3939991950987	57.082000206261895	88.04599988639356
1.6139998817443848	68.69199996471407	79.74199991226202
-1.883999977111816	98.07199987173087	81.83199979990714
1.834000034332275	66.2739999246597	70.10000024795534
3.358000059127808	62.27200001597399	86.07599997043607
0.05000002861023119	53.918000149428885	66.29200026065104
3.0140001201629647	62.41800000399345	70.2479998397827
0.9899999904632559	62.06199998661877	70.15399979397652
3.677999897003176	74.00799998804933	65.12599980980158
-0.3800001335144044	62.63999995708461	73.05800005197513
0.8419999504089368	76.09200005769729	78.02799997523428
156.19399947166426	165.22399940371503	131.49199933499108
22.043999900817873	70.5760000503063	70.37399995952848
3.259999980926514	65.37999980330466	69.89599973797796
2.097999982833861	61.22599991202355	63.308000130653355
1.21199994087219	56.149999920129794	63.64000014781948
13.674000015258786	75.67000028192997	76.43799994349489
1.518000011444092	58.97399994134904	112.23200056225059
15.803999977111813	56.98000011444092	67.61600008964541
1.8760000133514394	71.10799985885622	69.5919998323917
5.5120000553131145	65.11400005698201	62.85000013828278
3.6340001106262174	56.05799986004829	66.27999998569487
13.294000120162966	109.44600026667115	71.30600014686581
6.953999910354615	66.60999989271163	65.83800024807454
2.2920002269744857	66.89000030323857	73.16000000804667
13.926000070571906	64.56000015735623	64.11000009536741
13.505999898910511	68.04000030875204	67.22399991989138
17.981999979019164	74.48199979469172	71.17800005435937
38.66800000190736	57.66600007057186	68.75800024867053
2.4220000839233404	70.38799984097484	74.71599997043603
0.2639999961853023	61.88800006151202	68.94800019741054
2.013999958038331	72.57799991250037	72.3380001592636
1.8800000667572003	66.92400003314015	68.65000010013581
2.537999992370602	64.31600016400216	67.83600013256074
-0.46600007057189996	93.32399968370801	71.4159999847412
1.0199999809265152	63.455999958515186	79.05399990081786
17.032000083923357	70.81400028198952	65.6479999637603
-0.33200006484985184	85.58599995672701	78.982000041604
7.521999855041505	69.3739999830723	80.48799988746647
1.9380000877380377	75.67399962902071	56.777999852150735
4.576000156402586	56.17800009578465	70.32800004005428
3.700000076293945	65.91999986618757	76.68999977111815
8.502000083923337	59.752000118494	65.80199978262186
-0.7139999580383286	66.68399996280672	73.78800006628039
0.2679999828338622	69.4620001335442	72.08799973964685
-0.04800006866455143	62.44199997946623	70.67399998903277
2.289999923706058	64.42199992328888	89.7640002059937
11.76399995803833	69.94399990081789	72.67399982020262
3.590000057220459	76.37799971818923	75.0120000433921
12.509999876022349	66.47200003236533	93.49800026535992
14.274000129699706	59.559999904632534	63.78399990320206
4.899999990463257	61.77199982643132	72.41199982166285
12.86399996757508	70.20999982237817	62.013999991416895
31.724000082015998	61.462000212669416	73.66799993991856
8.410000009536743	62.309999904036516	67.17000001221892
3.650000019073488	67.83000018417832	68.68199991703031
32.908000259399415	64.51599992185825	73.78999989867201
-0.8980000019073487	63.618000118732404	63.67999991893766
1.6240001487731948	59.623999763727205	62.44800010442732
2.1119999694824214	74.07599992036823	62.51399996280667
16.24200012207031	66.39400026321412	96.94800017446275
3.5360000514984145	67.55599980473517	64.47200006484988
0.9819999408721921	67.29999975502491	68.18799996376042
33.70800012588499	63.32400016546245	73.31800016403191
1.1219999885559084	61.75200001955029	67.11999993801119
21.397999901771538	66.26599993586545	64.26599987506874
20.069999799728382	82.71399984478948	66.67599999621513
28.356000308990488	70.94600002050402	67.30599996566771
0.02600001335144099	60.13799983739854	66.3920000076294
0.15599991798400703	65.57599984079597	71.18799974918363
-1.2420000648498535	64.6740001296997	84.58199990198018
0.9219999790191651	62.36400004267698	67.84600002765654
0.6000000572204592	67.26799989998342	71.23200014591215
27.054000062942503	72.96800024628631	71.5959999579191
2.642000102996825	80.81600027680392	90.32600003242483
0.20599993705749467	90.29399973511694	69.70200011253354
2.4180000114440943	64.6820001073181	73.8219999790192
18.397999916076657	64.45200020700686	71.63600021839143
10.942000007629392	63.31600025951862	69.83199981212616
2.4900001525878914	57.26799995660785	81.66000018000601
41.88400024890901	59.309999947547894	70.46800003439185
11.02799977302551	85.18599978610867	65.73600012779231
1.199999914169311	71.3320000123977	97.89199991106989
72.05800010681153	59.317999961972276	70.77199988126758
17.910000038146972	63.05599989175796	64.68199999332427
5.6319998741149835	60.482000102996814	70.92600008487699
45.220000076293935	65.59200013279913	76.38400003433227
-1.2919999217987066	66.48400009632107	67.90200017929085
5.536000032424919	59.97599995583293	64.08600012063982
1.5939999771118158	62.13599996447559	62.75399990558617
0.6780000305175796	63.67199997901917	117.10000053003446
-1.7480000782012937	70.6559999477863	67.47399996444585
0.9980000019073486	80.538000087738	65.00000014662743
22.932000055313097	74.05599968075751	97.5999997067451
4.14800001144409	62.878000155687346	69.55000006198884
0.12399998664856073	77.38400024890898	121.06999988317486
2.9120000171661387	84.10999964788556	74.84799998879433
-1.3099999237060538	60.250000007301544	66.09600016593934
1.637999868392943	64.67200018882747	73.86600001454352
1.9240000438690157	64.08600010693077	66.75599990844727
2.6719999694824224	66.494000171423	63.65200005203486
36.192000207901	65.63599985420707	62.17200002193448
1.729999971389769	61.154000210762014	69.46199997425082
0.7700000286102285	60.63800019890069	72.59599986076357
1.8959999942779542	62.57399998903274	68.66400012016295
23.339999971389773	63.65200011268258	66.06600009202954
5.096000175476076	78.687999919653	71.66799990370863
4.9059999752044705	63.36000001192097	68.10199992656706
0.22400004386901776	64.86399986028667	86.19999999523164
68.0779995918274	57.3139998316765	64.95000020980828
0.05399993896484413	68.7880001087487	71.29600038528437
42.26999978065492	79.24799965381628	78.38199975967412
24.403999872207642	66.39000000238416	69.50399996280662
33.77600006103515	65.95399996474382	66.62400002717973
1.5680000495910655	83.4779996471107	83.98800007104869
15.556000022888187	61.30599996089933	66.52400002300739
6.960000085830689	67.07399985015391	81.3940001821518
-0.6900000476837139	73.1319998937845	65.90799967765808
-0.39999995231628244	71.35399985551837	98.48600031942135
-0.3419999504089345	60.35599982261655	70.24999977588651
4.4159998226165795	66.79800001144403	97.17400027275092
7.511999998092653	60.84799982264631	72.59199986457827
-1.679999952316284	92.40999980404969	76.3660002565383
-0.06599998474121109	67.1260000658035	64.80799999713899
15.810000114440923	64.21199985623359	63.788000049591
-0.09399998664855932	63.27600018143649	86.80000015974045
7.825999984741214	57.00999993205066	68.88199999034407
8.710000019073485	63.87200017929078	64.09800001144409
1.4119999599456796	62.83400006413459	67.75399979308244
21.724000043869026	56.565999917984044	66.06400002717974
23.645999956130986	65.88799981653693	66.46399997711173
12.091999883651729	59.851999950408995	85.21600013971324
14.823999881744383	89.92999978467817	66.67599985122683
0.4840000152587907	63.438000100851085	75.59199973583215
1.2760001182556142	86.06800010621545	68.19199995040888
18.881999788284304	65.8060000304878	72.21599993705753
13.68399993896484	61.19599991530177	76.47200022220608
20.353999919891358	67.75199991822244	77.9500001430511
0.47799990653991753	64.16799982026218	65.09999992415301
12.538000125885002	96.8960000470281	86.31199997425082
6.945999956130984	61.10799995899194	70.5179998397826
4.263999996185298	76.25399996042252	66.92399998903277
2.543999977111813	64.4320000457763	65.02599977493283
16.312000017166145	71.33200016021735	77.53200017333037
0.05799996376037635	68.87999994874004	70.68999998927119
13.965999984741218	73.17599972605709	69.5980001723766
23.565999898910526	61.77000007390977	74.22799999624495
6.8839999961853	65.3920000225305	69.09000012397763
7.344000129699706	63.71400012850763	64.4679999110103
48.676000175476084	77.33799993365999	71.52600002765654
11.81599989891052	60.318000015020395	66.9519998455048
9.74000001907349	77.57000012397768	70.12600008964537
32.23800034523012	58.71000001668931	80.1700001148879
-0.8660000896453867	64.03400021374223	82.46599976956841
2.4760000228881833	59.4900000876188	74.67599968910224
11.635999917984003	58.978000025749246	70.18400002479554
3.334000167846678	63.41199967458841	69.1420000696183
14.734000024795531	59.83999982833859	76.57000013351441
2.823999967575074	62.06800008535381	62.932000018656254
19.350000123977654	81.64599987924092	66.189999871254
20.838000173568737	65.88200004100798	72.19600008010858
2.4759999179840086	62.29199974536893	67.37799997150888
2.43000002861023	82.46000037670125	83.33600020885471
19.50200010299683	68.22800002932544	73.92200006127355
1.1759999465942372	111.10200048476439	82.17599997043612
14.275999994277969	64.01200006008143	66.11200000762932
4.137999963760377	65.70799986839292	81.08799985885614
81.93799943923946	65.57199997901914	92.48399970650667
0.834000005722045	69.8740000301599	62.990000025033936
13.16399995803833	61.08400003433229	69.01199990272522
-3.0199999904632575	62.8740001897514	66.43199980258946
2.127999858856201	66.80799997568131	63.958000121116655
1.5720000076293927	68.96799988299611	72.22800016164781
29.723999814987195	68.26200008392331	65.52199995994566
0.13799998283386383	68.51799979805945	101.14800009965893
5.778000068664553	74.11799998283392	67.59799994707107
2.264000215530397	65.8080004549027	75.8000001525878
3.728000011444091	65.34599986910821	73.563999967128
1.517999963760377	81.7200004005432	91.42400025933982
-0.24000021934509205	85.17199977040293	71.13199997663496
3.418000097274783	65.15400005295872	72.3779996907711
46.181999740600574	59.79199977442619	68.03000018119819
1.7919999885559084	63.902000167369785	67.98000003337866
35.30599988937378	62.23000000834466	75.45800029635434
0.3180001068115238	60.67200009882454	65.53400015830995
107.02199919700615	60.76400006294253	66.59999997913843
8.200000104904175	64.16600010395051	67.48000000000003
13.793999900817873	64.88599998712544	68.79599985122681
1.9700000190734863	65.56399983614675	70.60000011444096
-0.11399999618530218	68.2380002522468	100.79000013932577
0.8659999942779537	65.81800035238258	81.65399949520838
1.3379999446868895	63.10199996709826	91.853999876976
14.176000137329103	69.09799997091295	68.08599990844723
10.830000057220452	62.29199981451037	72.12200001716616
2.653999958038331	62.65600002110011	96.21399986863143
4.170000104904178	67.17200004100802	67.09400015354153
3.3680000400543233	63.690000054836155	69.63799998939038
22.38800014495849	63.652000224590324	75.5520001029968
0.9639998912811294	61.92599971055981	92.45399996995926
4.0500000190734875	73.35599974274636	78.77599997758857
6.675999975204464	62.75799994230268	64.7300001335144
0.6799999427795406	69.09799989819523	66.26200008153914
8.624000196456906	65.63199990093713	70.33799994707114
0.009999971389771342	75.552000208646	99.0379997274279
3.4560000419616714	66.25399985790253	70.1879999029637
3.420000066757205	66.74599992275236	68.74000020310275
-0.1639999866485584	66.43399988651272	74.23600000500682
7.778000192642213	58.638000016212445	69.92000018119813
0.9099999523162828	74.62600000858306	80.93999981060631
7.522000179290774	72.21999997138975	74.16200017169118
7.540000009536746	69.70600016683336	69.54400012627245
-0.02600012779235709	70.2319997084141	71.42200002670288
4.148000030517579	70.50800043582916	69.37599990606304
32.63600001335147	61.85400026440616	70.79599988937382
19.68400005340575	62.064000182151766	71.022000002861
1.7940000343322766	66.27800014495848	76.20200027942651
3.783999843597412	64.83600033760074	72.6700001013279
1.5200001239776597	65.48599985957146	67.18799985885616
9.155999965667727	63.58599995017043	72.19000005722039
21.57599993705751	61.522000045776345	67.85199997305871
-5.7220458183964915e-08	65.4060000362992	66.41399995326995
6.605999898910526	61.32200017809875	68.61199997186658
5.860000171661378	60.49200014710427	66.05200015068056
0.34999997138976974	68.82200022727248	78.5199999409914
10.295999984741199	78.64800004884607	81.71399997800586
22.123999881744385	61.15800015151502	65.34200016975394
25.038000078201314	59.35399995729328	67.23199996471406
0.816000003814696	65.78199989199638	66.44400014370676
1.026000127792358	61.784000334739666	118.98399940595026
1.936000080108642	61.40799980223177	96.4600000579657
0.257999925613405	79.77400010064235	76.60400002479562
6.476000013351436	64.56199986428017	64.78199985504143
4.010000095367432	58.74800019457937	64.7260000562668
0.691999921798707	73.92800009965895	65.73200011074542
25.336000070571885	60.63599974796174	68.3599997568131
-0.8139999771118157	61.24999984651804	83.65599991083154
48.19599996566774	61.827999859303254	70.53399998426438
0.262000036239623	77.91800002455719	82.97400004550806
35.53799985885625	63.85799998879429	68.42400011062618
2.7240000438690175	95.49400004386908	65.39199990749358
5.483999967575076	77.60000021755688	67.7740003156662
32.03600002288819	71.53000012159343	76.74199986457832
2.982000026702881	68.5180001759529	87.50599994897848
2.627999982833864	70.4540001006424	65.21599990040063
120.79000087738034	63.93800012201073	73.71800005078316
1.2020000362396255	66.75199996054168	67.99999986410151
18.588000068664563	72.2839997935295	65.10599992275237
18.158000164031986	68.22799994111067	67.75800019264221
0.09400003433227375	73.93399999380118	72.62599993705753
-0.6520000839233391	64.40599995136265	66.37799991220236
-0.6400000190734852	67.73600002646444	75.74200018599635
4.990000076293947	93.59600031137458	71.69599996566772
0.28600005149841473	67.30600027561186	68.31200012519952
7.81000017166138	88.52000014141205	132.56199992299082
34.951999912261925	59.95400004386906	70.83600013732915
11.733999967575073	81.1600004148483	83.60399987459185
3.2960000514984107	73.53400022700427	73.56199990272518
49.906000022888186	66.27599991500377	74.73600002288816
271.1080001163484	230.03599804714335	218.13399909019483
-0.6860000801086418	66.97599984362724	69.45400014877322
4.851999965906143	63.39200022518634	80.61999981701376
0.3919999980926516	82.28800000011908	75.62400027513502
7.706000070571897	70.51399998620148	73.41000004053113
10.062000131607062	67.94000009059904	67.783999915123
1.892000017166137	67.46800014019003	68.5800000913441
-1.494000072479248	75.57999981969594	68.14600017935035
9.094000148773196	64.4939999310672	62.98600016415117
0.40599987983703684	89.49800043553113	69.32199998736385
0.6560000610351566	80.02600006580349	91.5820003604889
17.04799991607666	75.90399966657156	72.14999998092647
73.14799965858462	72.3820000457764	127.7419998270273
1.277999944686889	79.4499995572866	80.36799969434723
7.034000034332272	63.53199990510944	67.95400001764301
2.266000118255617	76.27199999615543	70.22000010490422
4.2119999217987045	68.04000019788741	69.4979998397827
10.59600010871887	62.40999987602232	80.7859998989105
5.052000122070312	63.17200009107587	75.37600000739097
23.886000032424914	71.80399971321222	66.42000029563903
6.953999967575067	68.90000012606383	80.140000090599
0.06400005340576247	85.7419997727871	70.1079999160767
2.4560000705718985	63.629999978542344	74.72800002098086
16.2860001564026	70.93800009220843	69.81599976539603
3.5319999504089354	71.27999992251401	83.8900000452995
7.2799999618530284	70.47000002622596	75.97800002694132
1.338000030517577	67.9800000360608	71.56999999046324
1.062000036239624	63.80200007915497	65.12399988651275
0.8639998626708979	68.36599982693788	79.20800014495852
8.623999919891357	69.03999986648562	70.85000011920935
2.4440000247955327	64.04600011587141	85.5379992437363
7.653999910354613	66.3680000853538	66.93399985313411
0.27600013732910017	66.914000300467	79.36400009632109
6.709999837875366	113.04400030493734	77.87199982643135
9.101999979019173	72.18400019705287	70.5239999008178
59.86599970817564	65.52799989551302	70.89800029873848
3.299999952316281	64.34199998289341	67.02000009536741
3.631999969482425	64.6760002136231	69.85799990773201
1.4880000591278073	65.23599984169003	69.53599985435608
1.8000000476837166	71.16600003242493	70.27399984836573
15.780000085830688	70.04799982130517	74.29600014686585
29.291999711990353	62.29000006064778	71.768000112772
11.071999988555909	72.99200008198619	72.61200012683867
4.130000038146974	75.1959999370575	71.08800020411609
11.000000000000002	76.99800006330008	80.04800011157984
-0.06399997711181768	63.61400018125772	84.5040000176429
1.1620000553131105	74.65600009918224	76.90800022602082
21.33799982070925	67.00599999904637	80.6759998291731
-1.6139999389648445	59.85400014400483	67.66199995517728
0.8499999427795395	66.11599978446961	80.85000024676322
5.3340000915527375	61.95799991577864	68.93200002670282
0.9320000171661367	65.5459997916222	101.97400033235546
3.9620001220703163	63.50000008255241	66.98200002670286
3.2920000171661346	75.63200028419489	71.57199983596799
11.439999980926501	64.47399978667497	62.15199994325638
1.7779998588561985	62.474000141024625	69.75800021365286
6.364000015258789	68.70399990320205	96.88400023460387
16.471999807357797	68.86399995565417	95.46000015631324
17.380000028610237	79.17000024795527	61.27799999952319
3.251999902725222	62.403999958038256	74.78200021430855
6.194000101089481	61.17800004959109	70.93000021934505
1.5720000457763683	67.9720000576972	82.26800013542183
-0.2619998264312724	67.82199995994567	66.91600011348726
5.423999929428093	66.53799999415868	64.26600011825556
25.704000120162952	59.43000014185904	71.03599986791608
1.6299998855590847	65.71199985504148	68.42399993896483
1.1900000095367416	58.973999841213235	86.68400030791757
3.4240000057220445	75.04200011685494	68.68399996757503
1.8599999999999985	62.768000166416165	95.55800015062094
0.6859998893737805	77.92200010061256	66.80199998855588
7.750000095367426	89.82799993365991	88.08200040832158
58.79800040245057	71.92199983716002	76.58599990785117
-0.31000000953674345	68.36799999922512	65.32599995136265
3.549999923706054	64.3320000576973	76.23600003242495
4.665999937057497	72.08800019264228	68.00400001049044
0.05399994850158838	66.17600009322157	90.32799958199261
19.185999879837038	116.18199966430666	112.95599910706284
3.2779999351501483	57.725999977737736	64.31400008320804
0.8399999904632559	59.86400012254711	77.20800022602081
1.9299999999999988	74.03000019848342	74.81199967861174
23.504000167846687	92.8560002017021	65.46400014638897
1.8900000095367444	63.18399995535614	65.66999981880184
16.43999998092652	60.06600021362308	67.19799997806545
0.9000000858306877	61.37199991703032	64.55999992370604
-0.5739999198913578	58.15599991932511	64.42400012016294
14.334000034332272	68.83000010967255	70.52599996566774
3.643999977111817	67.59799987077709	67.66399981737139
0.9239999961853023	79.62200037479397	84.87799981355668
4.69000008583069	66.40999984219665	67.12400008201595
7.837999916076659	70.12199983358384	65.83599984169007
4.6199999356269865	73.51600015133626	95.95199962437157
1.7459999799728398	48.68800000488761	56.69400011241434
7.273999986648557	69.8240001618862	68.04000000953668
0.43199982643127527	59.32200003147119	68.53400012254713
12.564000082015983	75.2659998512268	70.69599987834697
0.32799998283386167	71.57800033330909	72.5699998497962
0.2839999961853016	73.82200016453864	73.96800027832393
2.9759999656677243	61.68400013208388	71.64599991843099
2.083999814987184	64.99800002947451	67.11600006580356
2.726000051498416	75.8260002049805	70.60399999141691
1.4759999275207527	60.76200022697445	61.241999933123566
33.79999997138974	66.51599998250607	77.25999981522558
5.213999938964843	67.09000031650062	68.03600018024453
52.58399973869322	66.11000003695483	71.02999983310703
0.4019999504089345	65.65200016409163	76.36200011059641
34.169999914169296	68.71400001764297	71.96999985575675
1.57599998474121	62.985999979972796	110.18800007671109
55.7100000858307	67.61600003525622	71.83799977838986
0.32200007438659695	74.0060002660751	67.15200005531308
-1.4819999885559059	64.74800005435945	67.69599983096117
2.162000083923342	63.462000266313574	73.1080001479387
-1.6240000057220467	88.5700002324582	69.18399979114531
-0.654000053405763	66.98200002193454	74.23400004386903
37.1279998493195	72.70800010144711	81.12400015354147
30.516000127792363	59.65199999094005	68.59199987471096
1.948000116348267	60.22600011900065	73.04199986457829
14.710000038146973	63.2100001811981	65.23200020074843
0.3059999561309806	60.75799982905387	65.53199998259544
-1.3319999408721934	57.41200006425375	72.83400030851368
31.7979999256134	61.452000291198516	75.38200006484988
-0.5079999446868905	63.54799969911575	99.35800032436853
-2.7840000629425043	70.5319998133182	71.4260001039504
0.9660001182556164	66.77199979543684	66.64600024938578
50.732000131607066	79.2039998373389	83.06800017595285
2.2439999008178693	59.90599990189069	72.65600014448165
5.479999961853027	67.9660002869367	66.69199989318844
27.00999975204469	68.18400007039307	66.32799974203107
6.461999921798707	66.6239998395741	67.66200008392332
1.2459999752044664	59.830000011920845	64.05200004607444
27.681999826431266	72.65999990269543	72.81200004518031
-1.1940001964569085	71.80399983942516	79.40199994802484
0.5040001201629627	66.85800007581712	67.50799996808176
-1.9600000190734874	62.19999997138975	68.47000007659196
36.496000070571895	62.64199993819002	74.05799976915122
6.0619999504089375	60.798000187426794	67.02199969708917
46.093999967575094	69.13799999892707	77.75999999225138
-0.7539999389648434	86.2659998252988	79.45199996352196
2.8440000152587857	77.47000016018742	100.62200030803672
6.0359998798370365	67.22600014209749	70.40799995988608
4.1179999637603775	69.84800006151205	73.23999999523147
4.086000013351439	64.40000006914138	64.02200002908711
3.5579999732971204	79.788000048697	67.11399996638296
2.46799990653992	57.00400007724756	68.10599995136256
-1.6780000400543216	74.17600007534026	76.0379998517037
0.7800000286102281	65.91000016450884	69.06199990987783
26.17399982452393	61.67600017547605	71.69600003480912
25.15400016784666	66.4779999494553	71.16400020718572
23.296000061035155	65.69000017121431	67.34800004363059
15.522000141143801	63.04600011736152	69.95000010848044
13.884000091552727	63.64800023704763	63.66200024843219
0.6160000133514405	59.30399991035456	74.5160000777245
19.798000106811514	59.76799996972085	81.35600047588352
-0.1679999732971194	61.93199995771046	99.91599986121057
9.25599992752075	72.66200004994862	65.61799998044968
12.307999830245974	67.81399998664854	82.56600035384298
5.167999839782715	65.75200014501809	72.7080000638962
1.980000000000002	64.07399999260896	79.6360000562667
-0.2599998283386244	68.95400022387497	73.09999976992599
6.587999982833863	67.60600032135842	70.49400006055828
1.639999980926512	75.24200030535464	69.92799984276297
-0.04400018692016655	63.21199999988078	73.57600032329555
2.9040000629425053	60.94599998950962	74.29800005763768
-0.7899999713897722	65.79200005769734	72.63600003242495
3.0039999198913567	69.14600001692766	70.52200000047672
3.03999994277954	68.62800044894217	78.58800021842123
22.285999956130983	69.10599986195568	65.98600006222723
0.37400009155273295	66.34199987366799	68.15800011634826
38.66399980545049	61.25399992704385	73.2399997106194
1.0820001125335672	61.413999951779864	91.27199971199039
1.0220000267028815	64.17800005197519	71.12999975204474
0.9760000801086433	65.8520001292228	74.97200003802774
3.0200000858306866	63.144000124037255	68.78999998286366
5.874000043869017	69.27599950492373	67.5719999858737
27.24399993896484	64.55600015163418	65.34199997901916
-0.5179999923706062	59.74000016361473	67.23599991053342
1.0439999771118154	58.58800006017088	70.92600001215932
9.227999992370606	60.795999836921695	65.52800000846385
16.767999954223637	68.76400006294246	68.91200015455482
0.7080000019073477	61.63399999886752	66.38800001621239
-0.17800004959106344	70.11600000783801	67.17600005120036
19.29200015068055	62.77999976918097	64.46800013780593
0.4880000305175782	65.58200014442203	71.58599997237319
7.641999998092655	64.81000019311908	71.68799995422361
13.048000078201289	71.74600011825567	65.39400014877319
1.0400000762939452	80.8959999501705	73.12000027179718
11.328000173568732	73.24999992430205	70.7859999084472
0.9379999923706059	100.22400053739557	58.883999879360225
2.81200016975403	72.67800028800963	85.05199990913268
10.91400004386902	59.99800002336508	62.159999943971656
3.206000013351438	58.187999966144595	79.52200039505955
375.6819973850249	72.15000019550325	69.0679999637604
-0.5960001087188722	60.49399999976155	64.40799999237059
22.16600023269654	64.8259997761249	71.06800003051755
-0.1519999885559091	70.83000017166135	69.92399994373316
9.980000104904178	78.05000008821483	75.95200007915498
7.938000221252443	67.6759997220338	81.72999996781347
28.11800007820126	63.57400006443259	72.37600000858309
26.570000152587884	67.38800001144406	71.75399995863435
1.3660000514984156	71.76800038337704	68.9400000028312
3.0899999904632582	72.86400002002712	86.7220002506673
0.6540000820159906	65.40199998855596	70.94400007784373
-0.3740000438690188	58.2079998984933	108.66599982619282
4.6840000152587855	68.56000009298323	65.21800013124944
2.6240000724792494	60.65200011253358	69.93399983406071
12.90600007057191	78.71199990928179	71.81400000050667
2.167999916076661	68.27599990129461	69.90800030231475
4.522000093460083	70.72199995875359	63.36799986839286
-1.4500000190734876	64.89800012826919	68.41999975979331
3.2920000934600826	60.865999996662104	77.6319999742508
10.26000005722046	63.69199997067453	69.13999978244307
245.85599925041203	84.28200000166896	65.62800011157991
9.485999946594239	76.28800001263616	68.82000009357927
11.215999927520746	63.32000016123058	62.8720000076294
3.8740000724792503	75.96599969148626	82.83600011825558
-0.17000008583068715	72.5299999907613	83.8659999883175
27.923999910354627	85.39600054040544	76.09799979209905
2.580000028610227	63.84000005245209	68.02600008606913
3.942000055313112	84.22400007948275	67.5920003563165
25.053999710083012	63.05799994170667	69.5779999256134
102.1760004234314	60.683999979495994	68.22799997806553
0.09200001716613887	73.60000022888178	101.34800046756867
45.95800019264221	63.72400012314319	67.39000002220273
-0.7820000553131111	63.26800012588494	71.37399982452392
23.357999830245983	81.34399999022476	74.62000002384184
2.4260000610351544	64.818000152111	66.37800009727476
4.855999965667725	59.989999988079	68.62600002288819
3.3980000305175784	69.49600028991692	71.74400012493135
0.856000061035157	66.10600001811977	60.39999995231628
0.9940002059936532	69.16799970746045	69.2860000300407
0.6060000610351564	65.3120000390709	64.64400019645691
5.93399998664856	61.58400018930435	63.103999865055066
22.853999900817893	63.78999999761581	70.65599994942535
1.0500000286102296	77.64199930310252	103.41800029635434
22.21999998092652	61.117999901771555	69.63999996185294
16.806000137329086	66.18800026476379	67.69599982738498
2.699999990463255	68.87800004020335	66.82599992752073
24.50200003623963	78.1939999389648	156.92600003361719
5.272000112533566	62.54799994707108	73.29400005817413
3.7620000267028852	81.8140002799034	68.51400007009505
1.4279999446868905	67.4359999668598	71.8260000002384
0.620000104904175	66.96000002235174	69.93399992853405
5.1779998397827125	60.94599999666211	65.82799980163571
2.2999999713897705	96.5560004593431	68.60999990463257
8.039999933242793	60.43200000286104	70.17000014781948
0.037999982833862654	60.12200007706881	78.44600013494488
8.785999803543087	61.61399981498716	79.28799999043342
0.8219999408721937	68.57799983024594	64.93999995112421
-1.0440000915527325	68.46599955275657	76.80999994710093
-0.5940000534057603	103.00800018966204	67.79599994182584
45.623999500274664	67.72200006961822	68.67799984216697
7.165999975204468	71.15599993944174	88.6339999532699
6.808000059127806	62.18999993711707	68.88000008344653
-1.58399995803833	63.48600005388261	66.74799989700315
6.6379999351501455	63.85400016784672	69.08599994659423
-0.8840000534057616	66.39400003910062	67.15599989533423
11.284000062942502	69.59800020933153	95.29000032350412
8.691999998092653	66.27200045436624	70.49399995088586
2.1099998760223406	65.35800014019016	71.7019997525215
14.2399999332428	68.97199995294216	64.83200008064506
0.6780000114440904	80.69600007638321	86.45800009876484
0.5020000553131122	73.23800006628028	62.99199998378752
14.09600003242492	65.52200011253352	65.8360001087189
20.523999853134157	111.27400035917763	64.03200001120574
2.972000045776367	67.78199996471406	68.20800016403196
27.527999887466425	89.7820001852512	87.58199978351605
6.7740001869201665	75.95399991393086	68.35000017762182
-0.8040000247955327	70.61800008341666	58.387999985218094
4.200000143051147	58.33200013399123	64.64000012397767
4.227999887466431	58.712000079154954	67.96400004297499
25.6339997577667	70.37400002151725	66.51800022691484
57.44399970054627	66.63400020360945	72.60599984109402
1.6519998455047618	86.5480001068115	67.61399966359137
3.8080000019073483	63.78600006818776	62.72999991178516
3.1679999732971202	76.51999994963407	75.86400035142896
9.96600009918213	77.2339999580383	82.23000053763391
5.574000120162963	62.51400006771092	70.70800009012227
1.8920001029968252	64.62800015568732	80.21999985218045
0.5820000457763683	67.29200023531912	71.34999980807301
4.104000043869017	70.02599999547009	66.11400002241135
0.20200006484985514	67.44199991315604	64.81200002908709
23.894000215530387	60.0199999117851	72.82400018543002
7.892000112533573	64.5540001940727	63.56199994683259
0.4459998512268059	65.757999765575	63.79599995568389
2.1760000610351558	66.53199988871812	67.94800017639996
4.423999967575073	59.14399982452395	75.96199968785047
3.4119999790191664	61.53600017309184	72.47000032186513
-0.5220000648498523	61.49199988603594	76.90399997711182
0.9639999961853043	66.35399987339976	66.76400021672242
8.233999958038332	67.6960001373291	70.68999993801104
0.5599998664855947	69.11199997663499	80.7379999518394
5.527999973297114	61.57600000858307	73.02400014877323
9.98800008773803	76.44399993807085	68.74400004863737
0.359999923706056	58.42399986386299	78.62800005435936
1.2519999980926502	82.01200030267232	75.1399997673929
19.423999996185316	68.56000017642975	68.02200002670291
16.93599999427795	61.33400004819042	67.04999994426964
-1.439999866485596	76.45200019836423	71.29999994158742
24.640000038146965	69.67399992704391	98.74800021797422
2.3720000743865945	63.37799983501429	61.97399996280672
-1.1100000953674332	68.19800004363061	72.4100001600385
1.854000043869018	65.17800017595292	68.84000010967252
8.068000059127803	66.83600016236306	76.61400002241136
60.817999687194806	59.10399986505509	87.98599959492677
3.7680001640319833	69.16599999725818	74.70199993133546
6.069999986886983	61.35000022649759	69.42999986946586
81.1399995040894	71.70799985885617	68.60999978780745
5.695999913215639	60.423999941349045	75.34799978256223
2.961999969482424	67.69600030303002	59.308000111579894
-0.6360000514984144	77.12799995705488	67.87000002443789
0.3299999141693118	71.51799988269808	77.80999998018147
1.0540000963211054	35.83999995827674	50.635999946594225
0.5520001316070566	73.5359999895096	88.28400000691414
-0.35600005149841185	65.282000002265	78.16800002574927
1.648000106811524	63.04600022196773	71.70199997305863
-0.5259998798370363	59.699999986887015	73.02000007033342
2.7400001621246335	63.276000004410726	64.09799995183941
3.4840000152587924	60.287999925613406	70.25000000476832
2.0880001068115224	81.84600001230837	64.40200008392335
1.3979999828338625	68.47600018322473	65.39400011062621
-0.03600002288818313	60.81000010490411	61.53999998569489
5.217999935150146	86.26400009989727	68.24200007915492
2.0020001125335694	59.73199994087217	79.75199994012706
5.871999940872193	63.8620003214478	69.76200003623963
22.1300000190735	58.27199991703031	114.34599996730687
2.8379998779296844	61.47999990880486	66.86199997663498
2.3039999961852997	108.32799970984456	66.81599998474124
23.234000225067135	67.7380000331998	85.27000014305116
5.033999805450439	64.02600002095103	69.85200004577635
1.588000106811526	70.3060002961755	84.93999980330454
7.775999927520754	87.53400025248531	67.31599991753698
1.4339999103546137	77.57599999904627	63.55200000762934
2.3400000762939452	59.420000097751625	70.6620000377297
12.018000125885004	68.43800011396408	67.61799987792968
7.751999950408934	68.29199993848795	75.15000021576884
6.050000171661372	59.9920001590252	67.69600027918815
13.037999963760372	63.7920000147819	69.9419997394085
-0.04200024604797518	73.19199989855294	91.65400015115745
31.03199992179872	64.00000001907347	74.13000014781942
2.954000062942502	69.40799977347254	67.74400002405046
-0.7859999847412085	60.097999780476094	65.1320000791549
16.01399991989136	64.37799978882074	67.72799994945524
2.6540000343322747	70.29400031089777	70.83799982070919
3.770000028610231	64.27799995422363	66.67000026702875
0.7979999446868887	64.11400005578992	66.7739999055863
0.638000106811523	78.25799993038177	85.79400045067075
2.8440000915527306	70.16799991846084	74.01999992847443
-0.9320000076293948	64.2440001256764	73.20799991130822
43.35800006866456	65.182000002861	70.48200018972155
0.15199995994568033	84.58000051975243	67.9679998952151
42.72199978828431	192.15399929523437	116.15599929720163
0.613999996185301	125.09199946299195	135.24800063788902
5.0199999332428025	69.78799993708715	94.29799980252983
0.6159999847412119	67.47399979829781	65.36400007158515
3.7140000152587893	59.95600002765658	61.278000121116634
33.14800019264221	65.18000005960461	88.00200009584432
15.485999937057493	65.87600006341935	70.69599999427797
25.993999967575075	63.30399980306625	72.82800010949374
13.271999902725222	63.7040000104904	67.49200001001358
21.325999879837035	70.40399987339973	75.15400007724756
58.38200000762939	79.78600013494489	76.42800002336506
9.033999843597414	74.54800014078617	71.8499999809265
7.104000082015989	61.96799993813042	76.15200010299685
-1.0360000038146964	66.40399986267087	69.54999986410141
1.5319999790191638	67.44400004506107	66.28999990463254
5.221999988555909	62.33200010776518	66.60199987411501
3.0900001049041754	68.60400024563076	82.6300001093745
9.872000064849859	64.20800008654594	71.36999997615813
1.5399999332427996	61.57000007629392	70.2640001153946
12.86599996566773	115.1820002372563	81.53199978590023
35.95399984359741	68.1579998660087	74.21399992942811
10.084000062942513	65.19599997401238	64.45600002765654
54.13000003814696	64.30400019168856	66.27999985694885
15.399999961853027	66.09800003468995	84.63400004670015
0.24199995040893635	65.3359998965264	84.793999607116
56.62800002098083	60.329999995231596	66.5999998307228
0.9900000381469708	62.98999996662141	69.77400015443567
-0.18199994087219262	70.29399978592993	73.35400008440021
219.39599999427782	79.1239999938011	72.71999979019165
0.7419999790191646	71.32599963665015	68.86799986362459
-0.9139999866485574	80.57199987709524	74.21000003248457
0.7979998874664297	77.55999969959252	71.3000001096726
16.02599997520447	65.78200017809866	67.5960000872612
146.24999919891366	71.63199969053261	67.71800008773802
5.311999912261962	63.90800009489056	70.88999990463257
5.49000009536743	67.91799983114001	69.60000007629395
13.928000154495228	64.353999954462	71.13999993801119
21.746000232696527	64.0140000483394	69.33600024700164
0.38400010108947846	61.83399990677835	69.38199987173078
2.462000112533567	59.10999998807905	64.03199991226197
2.21400002479553	62.964000046253226	89.79600034832956
-0.2560001754760751	61.77800004363058	67.32600004673002
34.06200000762938	69.74799996852882	77.53600018024443
2.385999956130981	65.84800016403193	64.59399992316958
0.7900001430511472	59.14199981927871	95.5679999423027
2.008000049591063	82.98200021624564	71.24599974751477
19.3259999704361	52.30999972730872	43.01400013327598
8.171999979019171	67.2099999970198	74.62600032329559
2.9680000877380377	65.43799961999056	81.82600020915268
1.1180001163482662	71.29600012183185	64.9359997797013
0.6420000457763652	62.97600010752679	81.64800010144708
14.88799999237061	63.44999982789167	66.54199998140332
44.296000022888165	60.45599994838236	80.34199991747727
-0.592000122070311	70.78799990221853	64.49800007343293
10.890000076293962	58.97000002622602	79.90600028038023
15.05000020027161	68.34799967169761	69.51800002574925
25.09199987411499	62.44800005197528	72.32599980354311
18.059999933242782	97.10999990463256	97.42400022223589
3.45000005722046	68.61600017666817	80.81799990057941
34.56399998664857	65.07000014126302	65.97399999976152
-2.321999988555908	85.84000037744633	65.45000009626152
0.44200008392333984	61.902000278234475	78.21800012826918
165.86000000000004	63.75400005176663	67.31200000092387
2.054000072479247	69.86800015985965	70.52000006616113
25.394000263214117	88.75399976968771	64.9879998278618
15.313999967575075	65.91200009465216	72.38200014591216
-0.7300000095367426	90.45199996769432	79.07199987530723
-0.3979998874664298	64.21400036573411	67.51799996376032
65.7379999923706	68.29400013685228	73.57000004887574
113.08799970626829	70.54800000190734	69.3000000369549
2.2659999561309823	66.3220001095534	63.07399984836579
0.8239999961853032	64.48800014853474	68.90600000202649
4.4879999256134075	69.34600019097326	65.52600016593932
12.318000240325933	88.01200005054473	73.2639999061823
47.36799962997438	63.39200031638147	89.92399995326996
21.803999948501577	62.28999999046326	73.73999999284746
-0.4040000057220469	64.62800003290172	65.98400018811216
5.423999977111815	65.04599977537985	78.12800042599439
1.5920000362396214	68.88599979877468	66.83000009298323
70.39000017166137	69.43800002694127	107.74000053405773
0.20199995994567732	70.44400055706501	62.94399991989135
0.1919999599456778	75.04799983978272	110.32400000333789
6.331999778747562	60.72999994277952	71.57600025653836
20.915999917984	68.50200001910328	74.09400005340576
1.8359999465942385	70.32800008103251	72.68800003528591
73.21399971008303	64.22199976921085	69.92399980455633
2.059999866485597	61.89400010585785	73.95400006294248
-0.04200001716613697	64.50799976766109	93.47200024038555
0.6200001144409172	71.79399970605967	81.57599997758864
5.369999952316281	90.09199970602988	68.02000022411347
49.05799992561339	65.48000006675717	69.09799991011619
5.325999965667725	64.38599982857698	65.95600012779236
22.853999738693243	77.17199996903535	139.73600009024136
20.12400018692018	92.80800076723095	68.6220002412796
34.107999992370615	70.28599989891046	73.09800002098078
5.486000118255615	78.6059999443591	66.46800010710955
-1.8140000247955308	78.45999990224837	65.80400009155271
33.83800001144408	64.71999996185303	69.022000041008
26.650000162124627	63.418000099658926	73.02999992370604
26.931999998092657	67.04000012516977	69.87000008746975
-0.026000032424925146	66.53600006580348	97.62800047397626
5.067999992370604	84.18400000527504	87.70999987363808
0.7680000686645504	62.15000006675714	76.44799998179077
14.036000213623053	63.25200016617777	71.91600007340308
1.393999958038332	59.41200017541649	76.70799996420736
11.44599994659424	67.71999974489209	69.26199995994568
18.341999921798703	64.70600005745882	69.00800020217893
11.036000108718877	59.48399978950619	66.38399998426434
-1.063999891281128	65.74600006222721	104.41000017046926
21.542000026702887	66.16200011983511	82.72800008296966
0.3979998588562009	76.58200003862376	72.49800011157993
30.3360002231598	69.31200035154818	63.84800013184546
2.1159999942779537	61.93400003910065	74.72200019761924
12.34199999809265	72.89400004699836	66.692000002861
4.268000020980834	56.428000006675745	76.7679997110367
0.7180000209808345	64.19400001525875	67.62399998664851
1.6760000801086419	67.60800000190729	69.98199996709828
14.616000061035157	122.56199930459269	89.00999996423727
7.367999963760376	66.69199995443222	81.43799999535094
1.8420001602172842	71.69799999237063	68.05400002241129
0.35400010108947827	61.75400002479552	68.49000010490415
36.375999555587754	59.54599993288517	89.60200036823751
1.4780000209808324	67.3620003700256	67.02200013399128
3.1000001907348627	64.64999971747393	66.6979999700188
6.0659999656677295	68.83600003719326	73.96800019264218
0.7059998989105217	68.24800011754031	71.61800004720683
287.34199891090367	85.1999994666874	74.91999987930055
0.9600000381469703	70.83399995803829	69.98000005245206
1.7640000629425046	63.98800001621247	97.40400005221369
2.4680001735687256	95.10199999645347	92.6459997916222
0.7879999637603754	63.976000147759926	68.82200010150677
18.899999876022342	85.72799998804925	104.23199996948246
0.6219998931884778	82.98800003409374	95.13200024008745
-0.014000034332275896	72.93200026333332	74.78400016695267
2.9800000572204595	65.0800001341104	79.60799992084507
22.607999877929682	67.50800024032588	69.07999999999996
-0.27399999618530296	66.18400010347364	95.41599985599512
5.179999961853025	99.37599943637845	81.95000008344657
-0.6899999713897701	62.41999989882114	64.71400009632113
-0.2040000152587885	69.14600019887084	72.40399994373325
13.74800008773804	78.37799981594085	67.78000007629396
1.118000106811524	58.987999995946865	76.16000036239619
4.114000053405762	70.61600000381479	71.68599988937372
1.6620000171661367	58.00600019216536	69.3079998779297
0.39400000572204535	71.34199996471402	66.82000015348194
2.886000032424922	85.66200048744675	76.47800005316725
5.874000053405764	90.09599967181678	66.61600009441375
48.27799986839297	63.10799993664025	67.9879998461902
14.918000135421764	68.77800016641619	74.50399970829474
44.110000171661376	66.11599965453152	68.03599998831747
134.0460000991821	68.70600012660024	80.259999935627
-0.8359999847412117	64.58000012919302	69.2100001460314
135.3659987354278	63.65999981403349	91.631999976635
4.4999998092651365	66.64799978613848	68.17600021362308
4.954000101089478	78.90400017380718	73.15599992513657
1.4320000076293946	60.96999987602232	67.73200022697446
1.2520000648498535	73.83600004434582	69.79400009080769
3.9319999027252184	59.97200021386142	62.91999999284743
24.575999917984007	65.80200013160703	70.4420000784099
1.464000015258789	63.31599991798396	76.63999984622
42.94600019454953	59.58199993461371	69.5480000662803
-0.6500000476837138	55.10999988511196	72.01999998331064
1.8259999275207521	78.65799997687343	117.73000032335517
19.18599994659423	74.95399983048436	73.01000007838009
0.5259999275207531	74.73200011670583	71.52999998211862
23.873999805450445	57.020000145435354	66.11199997901923
10.186000003814701	66.25600007534032	70.03400024056434
15.343999910354611	67.5780001449584	71.95799993515018
22.331999788284303	68.3200001151859	66.49000003099438
4.715999879837037	74.90000001549726	66.12200002670296
80.57400049209592	62.29799987316126	65.10200034141546
13.18600012779236	82.00200018167496	70.39600015640264
0.561999940872193	90.59599991083162	71.35000041007996
0.6040001678466811	64.65599997162812	67.33600025296212
2.0539998054504367	68.90799994781621	71.64600004434584
1.953999919891357	59.729999829530705	67.51200000762942
7.963999948501587	65.55799984693529	70.30800007700918
0.9379999542236332	63.595999908447276	72.77199987173086
0.9620000553131101	62.20000021368269	75.22200038999327
2.9699999713897696	66.33799990653986	87.48200000882154
2.063999938964844	58.81200011849404	72.52399997711174
14.573999919891358	72.56600007444624	88.88399980545051
16.62399990558623	57.52000002741818	67.48800011157986
2.7400000953674306	72.18599975347517	71.23799985885611
7.211999969482421	66.73399989604958	73.94999997138974
19.18400004386903	61.03600001335148	63.91999995231625
30.449999952316293	66.16199975907807	69.53400007531039
-1.038000125885011	72.96400001883511	75.40400040149693
3.9439998912811265	69.92599990129472	80.21599995702502
5.820000019073483	63.34200009465221	75.28200021117928
13.158000087738035	67.75400003314012	76.18400011062623
18.611999969482415	60.15599990606301	66.08799996852873
17.73999988555908	68.57200007557867	77.29999995961792
4.328000018596649	68.86000002861024	72.02200025379658
37.724000082015976	61.97800004124645	96.66199987173079
12.348000001907343	65.54200018674135	68.61200019359589
2.4700001049041775	85.61600076198583	67.69400003582236
9.16400010108948	101.08000102609408	74.90600016355519
7.938000068664552	68.01800009727484	67.93800006628035
10.031999988555919	64.30400029599666	72.72199998378753
4.572000112533568	118.05800038456928	72.46800024032588
55.54199993610382	131.39800002992155	74.69200000524518
99.63199967861173	61.883999907672425	70.06800002217292
4.869999837875368	64.19600028514866	67.11999988555912
0.36399993896484567	68.39800010025505	67.37000000715254
0.24800003051757796	59.74999983966348	66.77800004005435
83.94800009250643	59.80000004768369	69.68200007557866
7.507999925613409	70.35999984025958	73.01399991512297
6.763999986648559	68.23799978852274	67.71000003099444
2.488000183105469	64.75799988269804	67.03800022482869
40.660000114440905	70.3520000541211	69.15000021457674
45.951999683380095	65.56000014245511	91.201999669671
4.681999940872196	69.61000001430517	70.91399999618531
0.657999877929688	73.01400022029864	106.7780001549423
0.4899999237060543	62.199999971389765	72.40800000309939
4.510000038146973	58.80800013780596	68.89799994230269
15.231999864578244	61.344000210762054	80.63799980968231
12.201999902725214	77.12600003436205	71.79800008475785
92.20000003814695	66.15600003123282	65.18200011253353
15.40600014686585	70.63599971532823	69.98399981021873
18.427999944686892	74.59400021851054	65.29999989032747
34.929999971389755	68.4199999323487	83.71599997490637
28.794000005722044	61.838000096678755	70.6859999108314
40.06999987602233	68.44800000429153	116.194000095129
12.646000041961676	67.85199993252749	67.87400001287462
0.8360000610351558	63.94600012779234	71.59799988389007
8.42600003242493	64.2600001609325	66.09600009918215
4.722000131607053	64.07200017333027	85.98400035381307
13.044000110626216	74.75200042203063	65.57600001573562
14.415999860763547	62.28399993419647	79.73399998009207
0.6099999523162825	66.94199956610795	76.0100000286102
3.6759998798370344	59.00000005722042	70.5840002068877
1.7899999618530271	64.03199999809262	66.34000002622605
4.61199993133545	67.19799998879436	70.78800007581714
-2.467999954223633	65.10399972438806	56.706000091284515
86.12800044059752	226.52599925994855	132.2019997902214
10.042000045776373	73.9720000767708	72.74599981188771
1.0479999637603765	85.04199999272822	75.25200011253352
0.298000020980836	62.01400011435156	67.65399996995922
2.666000032424929	70.10000018596654	81.31600027084353
0.5060000705718999	59.108000007867766	62.8120000082254
13.161999940872201	60.2559998425841	84.29200024604793
1.0520000076293945	78.74399968132367	63.038000048399006
12.866000013351428	97.83599998384717	85.03000040292739
0.22000004768371714	63.10199999049303	71.31799991220225
10.548000125885	59.295999977141626	70.94000002861016
14.747999982833864	74.06999998420484	74.4600000381469
29.53400000572203	60.39599987506871	85.83199995040897
13.79599995613098	63.22599993586544	73.16600009679794
0.04800004005432128	59.02799999207253	69.1980000972748
-1.7420000171661363	58.59999999999995	67.2560000514984
222.85600023269643	67.51600024700161	67.24199990987776
19.024000167846655	62.331999840140355	71.40799980640406
2.6360000038146976	78.96600002765659	70.32000016883016
-0.3380000686645513	66.4480001159012	64.54399977639312
4.0919997978210425	66.5259999792278	75.49200006246569
13.98999997138976	70.20400016739961	67.84399985075001
8.490000114440925	65.73999988079069	68.20400022387504
0.5640000343322765	69.72600016832351	65.46600008577109
0.6959998512268075	59.4600000220537	75.98800029277803
1.335999937057495	63.1340001606941	67.5460000419616
9.250000143051158	65.76400003731247	74.91400012731546
30.28800008773803	60.29399991989142	70.54599976301192
1.5180000972747805	66.20799969434741	76.26399983882897
1.430000095367431	67.02799994111054	68.47200006544591
21.255999937057492	72.2739999504387	69.40200013637542
45.22599991798399	75.58799985766412	71.47000015944249
0.8959999561309804	69.62599993824965	70.92600015640254
2.324000024795529	64.86800010681146	73.17199997663498
24.330000200271616	71.5119999989867	68.38600005507466
9.189999904632565	72.52600008964538	65.89200005054471
25.287999505996705	63.628000311851544	90.06600000858293
0.7240000629425032	62.528000159263556	113.75199976399544
23.2180002307892	68.95200001478189	71.68799975872041
36.36599986076358	74.50399992913005	70.27200004816048
1.7800000286102273	68.78400000572204	74.86400032997128
9.403999872207638	71.61999993324274	62.67800009012223
8.297999887466432	73.5559997832775	66.37000005006783
4.605999860763551	63.41399991229178	71.74599990844732
29.69599991798401	71.22199997901917	70.51600015163419
3.11000005722046	62.33799982786184	67.58200001716615
209.87399857521063	62.87800006866455	68.23400032043453
1.7480001068115223	64.5720002794266	76.98799997806555
20.201999893188468	83.35599965453147	65.39200002670289
154.99199936866762	67.34199986696237	64.13999995589255
1.3280000305175799	65.93800026416777	72.45200018882755
25.119999847412124	75.14000020742414	72.91400006294252
29.405999851226806	63.23199967145917	67.0080001354217
10.681999998092644	80.81600047841668	66.38800023466347
3.098000068664551	81.55800008058547	74.93200015544885
69.01999954223635	62.21600006580357	110.46999971389769
0.014000043869018113	69.23200017511846	68.12000041991473
2.3440000820159943	68.45999994277956	66.54199994087219
2.4579999446868896	59.830000017881346	71.16600004196162
55.31200075149537	62.68399977087975	69.95399997711183
8.143999795913697	74.51599996447561	67.26600013971331
0.8679999637603765	86.7940003418923	73.24400001525879
-1.2840001106262229	59.78400011301041	71.87800009727474
-0.8719998455047617	65.12200001239769	69.3079999577999
-0.07599993705749475	62.909999969005625	88.30800020456314
