8.836000013351455	62.84999988555907	69.54399996757506
2.0060000896453887	65.46800004959104	70.7219999861717
8.268000288009643	66.8180002318323	73.09600007340316
48.508000020980866	104.90400015115745	127.096000316143
16.508000202178952	66.1800000524521	71.2379999303818
5.753999967575068	63.08600002199412	81.83200028181079
40.749999618530296	67.19799988269804	67.73399999022482
11.869999780654922	64.47799997329716	63.93999993637203
1.9460002136230439	70.57600006103513	66.53799991846077
-1.3059999656677201	58.62999992251395	69.94600021198386
1.0960000133514387	66.7659998369217	70.90199991941451
9.06399998664857	69.35799994826311	81.45799977540968
16.9340002632141	68.07399987697599	60.259999988079066
17.57000020027158	65.11799977898596	72.02400007605547
6.389999818801876	71.1060000878572	70.76400004863727
52.57399975776668	63.496000045537954	67.34400004386902
0.0960001182556148	67.1240002650022	102.53800057247287
6.48800010681152	71.55400027573104	79.29400019884112
9.331999845504749	63.926000047624115	64.14399979949
12.406000175476079	63.53599995374683	67.38000005245213
1.9259997272491425	90.6440005648135	84.57799976497884
1.477999830245973	63.61600006103513	73.50199985504146
45.14999988555907	56.48400018274786	44.20599990963932
0.9059999656677276	66.56200014531615	67.42199984788894
16.307999944686884	96.57800057172781	73.049999923706
62.804000258445775	61.092000132799136	91.34199986219413
12.726000003814683	88.18000022590168	87.39999993175275
13.041999921798718	59.236000046730084	64.57000021457671
24.8479998779297	63.145999878644965	82.42800039291382
40.2159996461868	60.440000141263	75.89399966955169
1.6939999580383276	69.90399996638297	67.64400002285836
-2.7080000209808426	70.72200019359597	69.75200009733439
1.775999956130984	62.41199976682662	82.85800026774409
68.73599944591518	76.4519999670983	70.6419999241829
46.13799988746642	68.36999995589252	127.61600015163425
7.889999942779541	66.54400019168857	111.22600057512523
3.2299999904632584	59.15199994176623	65.87399974822996
10.711999921798693	76.6199998128413	63.422000050544725
24.545999765396136	66.1360001057386	73.59200000762938
1.1519998931884763	53.62400006294251	65.65799976527693
91.60599997043622	67.08599992245436	69.07000028684742
1.3139999389648473	60.10800006389621	67.56800013095135
7.979999914169318	72.43600021839141	66.10800000190736
43.16999987363811	69.70999986708162	72.38399967372419
28.643999681472774	70.85600013852113	76.12399998903275
2.2459997177124027	61.58599980831151	62.02200015068055
25.890000133514395	62.71599990889427	66.95200011536475
30.755999913215646	89.97800017476074	60.34599995732308
-0.9980000829696632	66.83600012898441	71.50400004431606
81.70400040626542	61.051999940872186	62.5079999446869
1.5999999332427948	64.44800026416779	83.9100000086427
14.694000310897826	72.63600008815521	100.71799954175947
1.0519999408721958	67.37400013327603	99.53799988269803
120.48199996232988	54.16799995660776	63.59199993431567
15.175999937057492	66.08399993002415	83.91000050544737
4.8479998779296904	60.25999989271162	67.67599993348121
13.09999983787537	64.2300001007318	76.086000059098
0.9080000114440929	69.79000012546769	67.78600021123891
24.011999893188502	58.35800002336498	63.58000004291533
1.4960000705718965	67.23999973416325	76.79200017213809
59.305999951362594	62.42599972724924	69.01000042676925
3.1580000972747815	73.92599957704539	75.51399994656447
1.11800004482269	66.16999992370604	63.38199999898673
47.62399994373322	59.0659998059273	62.13799980998037
27.189999980926512	71.27200005531301	72.61599989712239
7.410000143051147	67.78600000023843	74.6100000190734
4.863999948501586	85.96400000333787	64.27799989223479
121.39600002169617	61.17599991917611	87.81799988552932
1.6900000762939438	82.28799975872033	63.86000004291535
-1.7200001335144053	64.09800007343289	79.40399994850154
156.37200025320053	94.67600030347691	65.80999997586015
119.61799921512603	70.91399983167649	66.72199975967408
27.509999923706037	79.54400025188906	63.918000180721315
23.76599955558776	66.44400001674892	123.65400061786177
5.575999870300292	67.52200009584423	75.3460003708303
13.491999692916869	61.980000001192096	65.78200009465216
20.381999988555897	67.08799966916435	66.8660001248121
12.07799969673158	72.68199990302315	67.80200000882147
61.77400002479551	67.53199992090461	70.57599993228911
-1.0500001144409148	65.67799999773497	65.19800004839895
9.92399975776672	68.719999935627	68.6900003254413
-0.2660000896453869	70.60599995166058	92.98200019717216
25.847999858856223	69.01400016739957	66.65399988651274
9.082000007629391	58.418000015169426	67.7199998235702
2.842000093460082	96.08800013288848	67.637999932766
-5.261999969482421	67.04799974918362	72.30799995630974
3.5379999542236327	70.3379998230934	74.12999979346985
-1.5359999656677252	67.86599987745284	70.50799966216086
23.89799996376037	85.08799978971476	88.8339997164905
5.370000076293951	61.082000290155456	90.51799957692626
5.031999988555907	68.54200008749953	69.11599969863897
6.301999921798699	64.26999992638822	65.30000001713628
10.320000143051157	80.70200018659233	68.91400011539456
-1.7680000019073474	63.9579999732971	68.80600029230116
-0.25399997711181366	59.142000102996825	65.1060000038147
4.676000223159791	66.96000007033345	69.95199978590011
1.9799999237060546	64.02800021722909	74.0679997605085
3.4159998893737806	64.71599998772143	73.08799988865844
164.15599966049209	58.88200025677681	62.072000078856966
13.988000278472898	67.98800010591741	99.07200050771235
4.664000072479241	75.36400054931642	63.15600003480912
4.920000038146976	61.888000017106535	69.2039999604225
-1.6660000324249262	62.410000061988825	73.15399994134894
6.819999866485599	60.50000004708769	76.36999988645309
68.193999710083	67.49799985319376	73.90200005650519
26.3880000782013	66.45200002551077	68.59399974822998
90.07199988842007	57.837999857366086	73.1420000477135
-2.9680002403259276	57.667999897003256	64.37800010561945
3.7680001354217594	73.12800004482266	74.47999996960164
1.410000104904175	66.09799998760224	67.71400020122525
19.72800007343291	64.88800008773798	65.54999992847442
61.27399986743929	58.66999986499547	76.79200014829628
60.68199983596799	59.73599988937378	65.12800016403202
-0.5959999752044663	55.81400010794403	85.18800018981102
17.9540000629425	70.30999986141919	65.43000011533492
1.3280000686645546	64.74399993062016	73.83800018727774
33.13999988555906	70.17799992218616	66.5159999585151
20.92	60.738000023961035	78.40400022268297
21.69399965286255	63.07599997490646	73.58200000330804
1.6820000457763702	105.27799963116657	72.07599970489731
1.6340000247955306	79.80200006246561	65.52200037479396
54.68200021743773	63.643999857902465	73.10999973773957
-0.5260001850128174	74.32800023525952	67.8240000545978
8.90600026130677	67.40599998950964	67.66599983185523
87.23599976062775	60.07599973261354	66.573999824524
0.8560000514984148	65.37999996662138	108.20400000944733
2.4659999561309824	62.67599996805186	90.70800038099297
6.9419998645782455	90.95200030326852	62.99199993848797
13.80799998283387	57.91400002956386	67.06400003522631
17.393999891281133	65.92800003767015	60.11399991065266
3.282000083923338	69.18799993842836	71.25200037017467
14.412000026702893	62.90599997431036	68.88599985361094
5.581999769210811	60.23800012066961	94.25999947592614
0.5239999198913555	74.1699998855591	65.16999989986415
12.382000055313103	76.33800019174811	64.43400021284816
9.26200004577637	65.50800013065333	66.63399992465963
2.7739999198913585	69.4779998570681	78.65599992752068
-0.7939999771118195	71.52200003266337	64.78199999868872
11.765999965667715	68.68800025194882	89.82200024932625
2.6499998950958257	71.25600044965748	72.1380002570152
6.255999984741204	70.02999971061946	83.43600001767273
32.29599961757659	79.04999978184696	68.87399987936021
8.052000007629399	61.67000016570086	81.89600023418657
0.5960000705719011	60.77200001597413	68.94799994468686
67.8459999549389	80.3359996831417	79.26399982333187
-0.4100001811981167	64.4159996405244	67.66199991703039
0.7279998493194576	59.22000010222197	65.77600011110303
11.63400002479553	58.94800007820126	76.63399990737437
6.545999898910525	71.05400004848829	82.31000000715254
-1.147999868392945	106.66399975851178	88.98799989596009
16.706000061035162	58.9840000028908	62.57200013399131
33.46600016593931	76.0219999194146	70.80800006389615
-1.7820000553131108	66.46599997043613	75.11399976730344
0.4439998531341554	64.93800020575524	94.27999977827076
1.4380000591278068	85.52399998918175	72.62600002914667
82.66000051498412	65.8539997211098	62.74600013732919
0.7199999904632589	62.46199977397918	84.58600028753278
234.7139991521835	88.8899997591971	65.38600025892254
13.873999929428123	66.92400019749992	64.2920001482963
0.512000007629393	68.07600016772744	142.0000003951789
5.146000232696539	63.42599995076654	71.77799982547758
10.625999965667729	64.01800011306995	66.30200010895724
-0.08000005722045957	69.75799952030181	67.38999955192202
3.3000000476837164	68.88999929621812	78.49599999904632
2.8100000953674322	68.86199996709827	93.54400004863739
36.36399970054631	66.49999974533918	71.34200011253351
2.346000242233277	67.18599995687603	69.96800008296965
52.21200006008149	70.3900000858307	66.09400016009808
27.3379999256134	62.1520000195503	96.147999997139
123.71199970245367	67.32600001513957	75.99200019836418
14.341999864578252	82.21600023746484	69.44200020790095
1.3739998531341535	69.81000008076427	75.01600007146591
10.898000020980831	69.79000003337862	74.50200011745099
15.65000015258789	64.61799986243247	79.2280000667274
3.520000038146972	64.38799996614448	82.11799996078021
2.4560001468658466	61.80399993479247	110.77599994182593
22.99799980163574	78.00000013217327	69.22200003147127
-0.712000083923337	86.64400016784674	73.12599975347517
11.25999993324279	63.02000028848644	65.90199994564055
2.729999990463256	70.66399970173829	75.78000025272377
0.22799994468689155	81.27399988412859	69.30599991321557
358.07799672365167	69.665999906063	68.22200007289648
2.31600003242493	90.10599960714573	79.63199984550482
18.011999969482417	60.39799980819222	76.8520001268387
-0.2259999370574921	77.77399951696397	77.79000005900856
7.753999814987194	59.829999881833835	64.70800031617279
0.6159999084472636	64.81399986445903	67.64400042742494
19.365999946594222	64.936000071764	66.26600004196173
-1.5640000820159925	82.41200015664093	89.35399978637696
21.628000249862687	65.50399975061418	70.25200015068053
69.72200029134751	66.53799997210506	71.31800031900407
23.586000118255637	68.88400022923949	73.34999993324274
10.940000143051138	70.29799991250043	72.1079998922348
2.720000038146974	66.11200003981592	73.85600037097923
89.23200034618372	69.96400002479551	70.87999992847436
3.224000215530395	68.95800014734266	71.35599985808145
253.28999879658238	72.55199996292579	86.02200012922286
9.980000171661366	61.86200002789494	65.4700001725554
-24.577999916076667	63.0479998143017	67.97000019073486
2.8179999351501515	69.97800008386368	80.20200002670283
93.12599958896648	62.713999986648595	87.2699999380112
23.213999814987186	75.71199970424178	69.23999992370608
134.3320001745226	70.94799997806557	78.57000004887578
15.805999937057516	68.74400010108945	87.59600024461747
91.66999948501592	65.740000063926	79.01800009310237
4.266000051498411	62.66399983167649	69.85200018882745
15.956000232696526	63.42200001686808	63.895999922752345
21.00399996757508	62.557999974489164	74.01600022673605
11.06200007438659	64.20800000041729	81.98200029641386
77.64400012016301	98.806000021249	66.16600008845329
-0.8360000705718976	70.73400007486337	72.31200010225176
239.6199994345007	68.83199987530705	71.38199995040884
28.6160000562668	55.91599988937374	78.34200021922591
13.768000116348274	59.92000013232229	64.91000002384186
8.472000102996832	73.15400010719894	67.46599983453748
-0.3120001602172858	60.32399982690811	67.75599988341331
59.54800024509436	53.1060001182556	68.38400000035766
23.5939999294281	65.05199985980984	75.2240000128747
10.571999979019171	71.5080001735687	70.89999997854234
1.7240001296997043	66.88799974679945	70.90800004482267
13.581999692916868	74.76200048446655	65.91799992203715
15.806000061035162	67.59400007724756	90.14999993324285
0.5099999999999985	121.55799949243655	75.00400002107018
42.900000290870636	64.96799979448323	65.36399981603019
7.3000001335143985	66.7859999468922	66.95200002670285
2.1100001049041763	66.89000006198883	75.95800008654588
42.30800006866455	64.54000006914137	68.07000021353362
17.598000106811554	70.65200006723407	68.24000004485245
0.7880001544952429	66.41800002500416	99.38599958658213
2.310000047683712	60.328000035285946	67.72600037977097
2.448000087738033	68.11799994632598	66.20600000143054
1.308000125885007	73.59600000575183	71.53799978733066
-1.311999921798706	77.98999988019465	67.3399997025728
11.415999803543096	86.3900000298022	72.85400001287455
29.38800013065338	57.22400010228156	72.76399969100956
20.41000005722048	67.17799996674057	76.61399999618533
4.569999885559076	64.43199982404707	72.101999797225
2.892000055313105	62.097999986708174	122.91599956482649
9.465999631881715	64.59599995970721	68.19599990844723
57.33999971389778	63.370000014305084	69.7980001449585
8.9280000782013	103.88399950504302	75.35600005626671
0.46000003814697193	67.20399991750716	91.73999997645619
0.47800012588501084	69.56000034242864	66.4900000715256
4.653999967575075	70.46400019571185	75.71800016880032
3.221999893188478	63.309999848604164	76.72399995803832
3.058000268936152	72.54400012493129	76.34600000381467
-0.34000009536743186	63.302000076770796	67.37399988323449
110.65200040817258	89.96000028908256	76.36000027686359
0.9339999485015869	60.69000018060197	82.39200004890562
0.646000251770021	64.93800000786783	72.00800014019018
51.96200007438654	61.31200008392335	71.77800002574918
0.17200006484985206	61.28200015276669	62.774000093936884
2.5100000190734835	64.27200004577637	78.92800001621256
1.2960001277923585	65.90199984431267	76.81800030708315
29.926000280380265	74.82199963212011	73.6880000993609
7.46999983787537	74.46199982166296	68.70399983689187
4.124000043869016	71.18600003719322	75.2040001012384
0.09999996185302598	70.5539998316765	72.22399988561865
5.246000032424923	57.924000196456944	66.33200000762939
14.678000431060779	68.93800029844043	69.97800013542168
100.84399943351755	64.25799986600879	67.05799989700321
-0.79000012397766	73.6260000629723	67.29400014877311
-1.7820000553131086	62.23199978828429	69.05600009292358
70.65200021266939	65.51800004482267	86.1400002859533
33.62599989891053	63.85999979972833	69.01599986299867
42.75399944305421	66.85200004100795	67.230000205487
20.153999786376936	60.29000024795531	68.7160000324249
5.174000091552735	59.40399997711177	68.18599994271995
1.2320000362396228	105.50199950695043	79.01400019407275
11.746000061035161	61.47399986028679	65.04599997818468
-0.013999991416930372	64.78000012636184	82.25000017404552
24.98800017356874	65.65599997997286	74.46599992752081
-0.7480002593994122	65.2839998954534	77.705999686718
2.690000162124631	69.72599992156024	68.50799983799453
0.6079998397827158	59.314000102281604	66.33200004816058
-1.7919999408721954	62.433999713659325	68.76799974396822
68.55399986267098	60.065999822616604	89.69799990952012
64.2999995231629	64.5779999434948	66.25400020748377
1.0659999370574968	78.1579999032616	93.81800055384637
52.82000014781953	63.31400014311075	72.94800001621248
85.27200012207018	74.678000227958	74.19800009250638
23.793999519348134	64.19400007486341	79.4840002910793
-1.379999923706056	95.9659996400773	66.30399994850156
1.2079999732971154	70.40200009107593	65.50799987673757
5.206000013351438	63.136000275611956	77.0959999656677
2.960000057220463	87.02400007963172	69.69000009059901
5.0040000152587885	61.93000018790363	72.58599995136262
2.292000207900998	75.25400016516448	62.2280000782013
-0.5099999523162841	75.46999973833559	71.98400007933373
1.3919998073577886	64.69799970805644	118.39799948394288
236.8119982296229	69.49000003814692	66.76600018262856
21.702000265121438	75.28400004431599	73.00599993705748
2.9660000705718965	58.91400003388529	72.964000108242
25.096000347137487	59.010000337660315	66.90799971222876
-0.41399997711181796	64.84600004792212	98.80999958947311
4.760000190734866	74.44400008037682	113.95999977707854
2.0280000400543203	65.12800039857626	79.37600021719935
10.2860001564026	81.0999998384714	71.59600028514855
41.70399989128111	76.60200007140641	65.94800018787386
257.26399936676023	72.33200021058327	74.13799974560743
6.412000074386605	61.29799982547757	82.47999980211256
38.75400001525881	59.79799979925152	76.09199980586767
0.05200026512145749	59.590000095367465	73.19800014108417
-0.16800017356872327	72.81599989384415	70.2640001524985
-0.02399994850158869	68.0299999801814	84.34600020766261
2.6760002517700188	60.29999995946884	63.551999958306496
17.314000196456924	64.42799993991846	64.44399982929232
10.230000181198129	64.0480000078678	66.4160001993179
18.23799993515014	64.36800002634521	72.00800011336808
1.5759999370574929	72.2839999422431	62.29399989962578
0.8940001106262189	84.63800042867645	62.01799993872641
22.55200028896331	65.86000026062129	71.89599996119739
-0.15799977302551152	65.36000023633243	67.95000010371206
2.842000007629393	58.92399999946353	66.45000020742414
-1.1519999504089344	73.17600019216533	80.1340000298619
0.5579998683929448	58.47400020599371	69.00800008654598
39.55399986743927	59.60799978554248	64.6280001401901
-1.6260000038146958	65.50800023436545	69.33199995160096
44.81400037288662	76.03800017833697	71.08600000530477
16.812000064849833	61.46999996304512	69.7560000896454
28.112000198364232	66.23199981838461	63.657999764680916
2.4060002136230465	62.063999730348556	65.60600003004073
4.139999847412112	66.61200003266333	68.39600036859508
1.8000000762939463	86.04599989563224	67.84000013232227
18.50999999046326	84.31600003957752	73.12000002503395
2.253999576568602	63.92600034624339	66.33599982261656
101.53400046825404	65.68999991297719	68.17599996089928
-0.18600010871887257	63.62199990272522	67.75200011730193
7.353999938964842	65.70800010561943	73.33199963092807
6.278000230789182	67.97399995326991	61.00200006246566
98.83399974823	91.86000004827963	94.13399981424213
3.452000150680546	56.855999903678864	72.68999999999993
12.97000004768371	65.67399992823597	73.94599994599812
0.016000013351438507	96.26199989795695	78.79799986720086
12.575999908447283	60.46199994131922	73.9699999627471
34.73399985313411	65.92800011798748	70.34599991172554
6.476000137329104	75.05600007414822	59.90599999427793
13.943999948501581	70.17200034379954	68.1860001091659
1.933999948501592	134.71399957865472	63.404000180959706
0.12999992370605745	64.16999995753167	68.38400003552441
3.834000005722044	71.91400043725963	63.73400000572206
1.5719997882842982	66.91400000229473	76.61600006937972
-0.5139999485015839	79.16999997109164	73.05400002822275
14.823999881744376	62.64400010108945	74.10600004672997
0.5359999561309795	56.69799990534786	71.4140000355244
6.8540002822875925	68.16800019741054	66.67199990749359
16.649999980926516	62.463999993801146	61.98399989753963
32.86400019645689	65.56199972659351	68.78999985933302
98.68600049972541	58.04999985709789	65.50200010478495
39.5959998989105	69.11199986457811	67.97199993610378
-1.626000156402586	83.47200023651122	70.34799998044967
22.53199987411501	62.697999961376176	69.85200018212203
0.43999989509582443	66.14600000694391	77.5959999799728
10.308000211715683	62.765999968051915	66.27399987697599
3.0040000247955305	63.64599993199109	78.93200006008139
-27.936000428199755	61.54600015312429	68.36199976921073
-0.6039999008178737	59.93399997949593	63.951999957561476
6.837999954223627	74.9520001161098	75.06399996519094
34.599999990463246	63.874000141024595	75.54799998372792
1.8919998455047615	64.8700000309944	71.73199982643128
1.265999908447268	68.14599993348118	66.8920002174378
4.3380001449585	64.14599995255466	80.20200052037829
12.623999996185296	57.896000053882595	67.30200004667041
5.00400004386902	73.84800007939336	69.88199988842014
21.04799992561337	68.60600009083747	71.36399984851485
60.26599967002875	68.09799989655616	68.19799985170368
-0.5999999332427984	65.81400008678432	66.85000014781953
1.186000013351439	66.82799965709454	67.79999999284749
31.3179996585846	67.00599991798401	73.95999978721134
7.917999830245972	66.40000012561677	78.08200017496941
0.16600008010864348	86.11400025010101	79.08800001621243
12.683999948501578	60.72200002670288	68.21200006887312
228.08200034737578	68.79799984216683	92.41399981498718
3.578000059127806	67.22400030732148	81.68599983558057
3.1439999294281025	58.692000122070276	69.32599997520454
3.763999967575071	64.05999981641772	66.37400001600389
2.347999782562253	79.0839998789131	70.67599995136261
-2.4299998760223427	60.96199982345107	67.93599990129475
75.6960004997254	80.27799991458662	69.08199995160105
4.68800015449524	79.6759999933839	75.86599976345897
12.268000030517596	68.14399994805451	62.48200004622335
1.3779997539520237	58.45199995160103	70.01799987792975
-0.6800000190734888	68.79200031280521	65.44000005960456
2.346000032424928	54.75400001168248	67.23000020146375
-1.7959998989105217	66.40400003388521	61.341999927759126
36.27199980735781	85.79599980592728	69.20400011777875
-1.3039998912811261	69.8559999895096	88.06199991345392
5.485999956130986	66.49200003445144	78.52400007575743
13.631999931335457	65.91200015902517	71.28400011122226
132.26799980163585	56.55999984264375	61.40600009918213
2.768000068664552	64.91200008511544	75.94599989533424
3.8439999866485635	66.34199995636934	68.04200014114375
15.287999782562272	64.83599974095819	68.71199993133541
5.071999864578238	62.46000007867817	84.95000038444992
99.27800005435934	72.95800014168026	68.46199995517723
4.247999773025512	64.23599972888823	78.39199993640186
1.7919998073577859	69.26599996373055	67.10400000095365
1.125999946594236	72.09600024938585	82.53399995148176
5.343999814987182	58.539999954700434	64.56400021642447
43.37999977111813	62.46000026702879	71.85200003266338
2.4520000839233407	101.03799979642037	80.33199983358381
1.1840000247955316	63.73400017499924	67.9259999409318
267.9259992980958	66.59600002288815	97.78999994754793
0.6379999256134015	65.58999969914552	89.33400063991544
431.79799818992615	58.34000003337853	74.7519998943806
2.3140001106262194	67.60799986362458	77.58000020116566
8.035999884605413	83.59399994015693	78.09399996131661
35.94800019264221	85.46999979734423	129.7920001339912
1110.4439880537998	72.61400024414057	76.75200006723402
85.1540004301071	69.4379998731613	92.41599987268447
13.467999906539909	64.75999995231632	83.0299999552965
1.5560001373290977	74.07399982318286	70.20200013637537
38.172000398635916	65.94800007879738	98.99800009965892
12.383999872207646	59.84800011515617	86.3340001511574
3.246000213623044	80.49599997460857	63.68999995708466
2.2080000877380375	63.62000014781951	73.29599950432775
0.14800005912780817	66.31999980151652	100.96600035667421
44.46799986839299	68.44200008764861	69.62600034713742
34.7099999856949	58.7460000181198	65.31200000584124
2.947999839782716	63.05799991250038	88.66400033831592
109.75999973013988	66.38600008845329	67.6599999380111
2.8060001468658444	66.07400005191559	79.20399973586211
8.455999946594236	64.4779999911785	77.19200001120558
10.068000097274782	58.87599994227289	67.59600019216536
1.3920000076293941	78.79000017285347	75.15400012016293
0.9059999370574968	65.57000012218947	75.14799995005136
11.18600003242493	57.62199994236229	69.63600012302396
1.1979997825622553	70.60400002539153	63.319999852180445
29.57999965667725	62.66799985408777	76.98199977636335
2.9359999656677274	96.48800026699894	62.75399997711189
1.3619999217987038	70.05800000667578	77.47000032186507
1.362000074386594	76.06599982544775	70.52799990132446
1.554000310897829	67.26000014305114	66.77000005528332
10.038000001907358	63.204000172317016	68.36399989128108
2.344000053405763	70.17000002413984	102.67599941670885
20.93000003814696	62.91799968242647	67.66799994394181
2.75999985694885	86.04800011634825	71.2759998254477
-1.1699998760223365	84.17399945735933	88.81800001621242
1.8560001277923577	62.09000004172323	66.2319999814033
2.3419999122619637	67.25800005242226	68.72400013566016
26.60000000000003	61.361999882161626	63.69999991536142
323.6079993677141	60.09599989652634	70.84200005531312
2.5879999542236316	64.6240001392364	79.19000013828267
911.7059922790536	77.96600002527248	76.68799996733665
2.421999893188477	70.97000015020369	60.847999930381754
0.5599999904632551	68.06800018787384	68.34000014305117
-21.88799964904784	97.82999990239739	77.17799996376039
1.2559999918937705	54.96600015401837	71.47000022888186
5.848000020980836	61.16399994492527	63.9079999780655
2.525999956130984	66.90399975597849	73.80799992561333
1.4999999523162872	64.03399987578395	74.78800006002179
28.54000014305116	62.38000003576281	66.01199997067454
11.31799993515013	63.6319998574257	79.88600042581557
50.270000514984034	64.02800009846688	73.61800010204307
2.2460001945495587	57.96600008487701	69.35000003337858
4.178000040054321	57.70799967646599	65.69599994659421
0.5939998722076388	81.52199983835216	65.29199995756149
22.715999908447273	71.6900001764297	69.80999991014606
-0.2759999942779524	56.959999947547885	72.35399995326998
-1.526000032424925	88.67999999821183	56.01800009965898
0.06400011062622335	74.97799986481657	72.73400001287459
16.062000102996816	83.03999963283532	65.5359998098015
4.982000198364256	72.98200045466423	77.9199997635185
44.72400001525881	59.55000005960466	68.71400001645091
10.725999965667725	95.14800039842716	78.83200017333027
53.53800034523011	62.9580002622306	74.23000030040738
2.687999944686887	74.68200005844236	84.45400007247926
0.5239999866485564	69.6680000305175	119.6540005862713
11.23400002479553	70.06599993824956	66.20199978590001
31.83599967002867	67.04399994134906	71.54600007295592
2.9139998531341553	80.15000041961665	73.23999993517997
-0.40799988746643034	86.29400002062312	78.33199983477594
240.62599861502645	63.62799982398751	70.08399994850161
1.384000053405765	63.323999834060636	79.35000001072886
3.0500002288818395	64.66800006151199	68.59400007247925
16.40000007629393	78.23400030374529	73.70199984550472
2.907999868392944	63.235999845266385	70.37599992305046
51.37999988555908	69.37399996280668	72.25400000572203
11.16000002861025	71.27800030589107	67.87000011235469
14.635999975204479	69.05400003552433	66.06400012016296
6.490000085830687	62.96199990272524	65.43000006675724
4.973999805450433	63.21400011837485	75.69199999555943
45.419999752044745	70.91199977487325	78.07999990940095
1.8940001583099388	61.236000000238406	64.27999999046328
13.59799992561339	56.82999986231328	103.20799959540382
2.3420000553131155	56.6859997460246	68.48800006866452
1.565999946594241	98.26000046849245	115.57199977099894
61.2579999399185	68.15999988883735	68.24600011944771
12.944000053405748	70.67200000956656	89.09799983620644
-0.054000196456910225	58.68800005495547	63.5020002627373
26.240000133514403	62.91600021481512	76.93800002127884
-4.413999910354622	90.4420003032684	104.71800036549566
-3.2219998931884803	62.524000020027145	66.86000005483628
19.588000545501696	74.35600043028586	61.67000007271766
7.827999944686893	63.810000032186515	69.62400013208394
37.64800005912782	81.63399988472452	72.72800024032593
70.19600022792821	84.25599954366673	67.98200016498566
0.36199992179870816	68.43800009995695	82.83399975538251
14.076000003814695	60.2820001235604	66.84999992489813
4.495999898910525	79.38400015443558	65.72400000795727
30.45999969482421	65.36000015050169	65.2920000553131
45.185999946594215	72.49400023698804	63.620000064373066
11.025999984741212	66.88600013732906	65.83999990940092
30.143999986648545	73.31000033617019	130.4959999752046
1.3340000247955297	57.82599986076351	64.54799994409082
61.747999587059034	66.64200012922286	93.02600010871886
5.149999904632568	90.69399997413156	78.66800036668783
237.5639997816087	68.1320000402629	70.25400004923348
8.159999847412113	82.72000005051495	80.72600022271274
64.31999950408938	68.62400012016295	101.71800020456303
31.219999961853024	58.83800013303755	70.13399995923038
279.3979993934928	63.35800001204012	75.85800006866454
1.8839998054504399	64.12799983888864	80.32000018835065
32.392000150680545	60.11599997282031	67.63600013077256
13.756000175476082	66.35999995321035	69.05600003480909
1.7799999809265143	67.60400021553036	86.25000025510792
52.86400020122534	83.23599997282025	68.71400020122525
2.0799999904632585	80.27799977064132	77.44399992942809
3.1000001144409173	61.7740000391006	67.35200014591224
-0.2779999256134065	75.79800010263921	71.34799981176852
0.3839999103546164	78.96199968338006	70.75400009930135
-1.0440001106262178	133.11799901261918	215.22999943137154
15.74999982833861	63.61400007605553	63.14000014305114
12.714000005722037	106.49399989366536	70.28799999356274
28.555999956130982	63.18399998903276	77.94599969387055
6.608000154495242	62.404000016599966	69.30600016847248
45.21999972343441	68.94200026035304	67.29200020074842
2.246000156402588	58.70999982237818	58.48200015902519
14.78799989700317	67.72000039100647	66.11799987763165
21.06800015449525	63.46399988293647	93.95799999237062
1.9299999713897698	66.0340001255274	66.43199987888335
15.509999837875384	74.18600036382665	73.22600008010865
75.64799951553337	85.19799984991552	79.01799996286624
37.61200035095215	66.11200017213824	71.12399990558623
162.54600022315984	60.1940000927448	68.08000013291836
29.414000234603904	68.85800017118456	65.48999992847442
4.390000162124632	65.47599983453748	65.6239999628067
-0.8959999179840095	64.90600008249284	66.61400008440013
2.085999889373781	62.70399997606874	86.95799979150296
4.659999971389767	63.230000271499115	71.99399991452692
0.81399981498718	63.008000051975216	71.61000006914131
1.462000207901003	70.2659998035431	92.6920008295774
29.749999971389755	76.77600017979735	64.20200002431868
0.9559999275207547	64.332000079155	76.86399977326398
17.139999847412113	61.22200000762942	62.51600010395045
30.11199984550474	63.896000003814656	72.62800032973296
18.963999919891375	63.62600000619884	68.60800002947455
15.773999958038338	62.43799969434735	71.5899999284745
3.5620000553131077	75.32200009822843	67.8399998760223
2.172000026702882	105.48600022554398	70.31199984908102
1.7660000038146964	77.07999996662127	79.32599969565867
7.1180000114440904	65.73800002098075	77.74999980449675
-0.8260000801086448	66.78199990272522	78.61600029706948
154.9739988017082	72.54000030577185	74.23799990177156
3.2579999065399177	62.31600002288816	57.40600009307267
19.689999933242795	68.01600012779228	71.82000001430515
40.8239999294281	87.02799971818916	88.08799982547761
17.644000005722035	56.86799990177155	78.33399984598158
91.03400019645686	62.863999844491474	65.79199984684581
1.9399996852874744	76.90200011253353	94.14199992179869
0.8280001449584972	78.53400015920393	76.8720001029968
5.214000139236454	58.67999982357021	68.77599993705734
5.542000055313115	76.16000004708765	65.23400010585782
2.902000017166138	72.89400012299413	151.95600037977096
7.620000238418577	68.43799979358903	158.8620003859698
7.116000261306766	70.51799999356271	70.415999981463
2.7599999713897714	68.53199980020517	69.77400003433225
2.900000028610226	75.7400000682473	66.39600003719329
0.3159998989105204	72.91399956822386	65.30399995714427
36.836000175476094	77.44399976253507	63.16800016641612
0.15600023269653124	67.77799970746042	64.97000035941606
47.85400024890898	60.273999678790574	89.92799964904779
2.025999965667726	58.91600000858314	73.79600032329566
2.4319998741149877	64.79800004601479	77.64199979379777
1.2420000553131092	78.72600011169916	64.48600009918216
169.76999948203576	58.66600000381469	66.97799991130822
3.5920002555847192	58.61999996900563	85.49799988985068
1.7460000419616677	65.89400019168849	74.25200016140941
1.478000040054319	70.58000041484827	81.03599980831142
3.0979997825622565	64.63400008559223	73.21600010156621
9.328000116348264	76.12800018906599	69.87400020837781
76.72199982643127	63.67199992656708	63.255999946594294
5.364000148773189	75.30199994921684	79.01999994561076
2.4119998550415067	80.84000001668922	70.28400022745132
131.44999950408933	64.64199995279317	76.80400016307826
9.782000083923338	68.73399965614082	69.96799991369252
38.749999861717214	61.28199995219707	66.7160000824928
27.20000001907351	62.397999910116205	67.21400000333784
46.28599996566771	60.210000220537175	64.9299996876716
5.052000083923339	95.50799987852581	72.81800008356562
-0.7740001964569055	69.1040000009537	70.25400028228759
13.31400021553041	65.2319999694824	68.15800006061792
-0.9620000076293952	63.95400026261804	73.60799989134077
0.1280000495910614	69.95599980384108	66.34799997568129
19.222000064849865	63.98600006610158	68.32799997806544
0.5859999847412125	58.88999979570507	64.42600014448165
12.152000188827524	67.87400023937222	66.38199989914894
1.8919999694824192	69.18999994516372	60.53599992752075
0.5460000514984115	55.39200020790105	81.99600001007326
40.06799984931943	63.84400015443564	69.63600013971327
90.34800001680843	70.1600003910064	65.58000001072878
151.48600089073173	66.52399992585183	110.97200061082847
2.9060001420974744	59.1340000423789	76.54200000807643
0.13999978065490523	64.62799987435342	94.12999973297126
92.30599973678589	77.45000034093852	63.24200005531314
1.8480002498626742	68.42599977448593	71.74200013875969
-0.10599983215331814	63.10799992606047	68.61199984073637
20.210000181198097	64.7020001274348	68.00199984550473
14.244000205993663	56.179999998807865	81.99200008690354
0.2860000610351555	74.77600005626672	69.13600027441983
55.12000017881398	58.33399995863438	66.57600007593624
183.048000035286	77.95200006604179	97.53599997639665
142.61200037479406	70.66799956172713	68.87599996328349
2.4120002841949506	68.1480000495911	68.37400005340582
1.650000171661375	74.07400008916854	80.9939998579025
1.4640002822876004	70.89199979782099	79.25399983882903
47.742000160217316	153.01000021666297	97.97200038447978
30.32199990272523	61.073999975919705	66.3180000209808
54.92599964618685	59.44800006449222	69.75600001275534
23.247999787330627	62.92400008320808	70.05600025176999
11.931999750137328	76.04400032281883	69.55000011444085
31.257999906539908	73.53800000697365	73.70200032353397
13.124000062942484	88.17599989712227	69.81800028249617
16.02599997520446	61.89600015223036	63.00799993991849
9.64800010681153	60.566000101268315	67.48999998807899
9.865999536514284	62.87400016099215	69.26800015449518
120.36600001335137	65.01199975490572	73.50600017786024
12.781999950408931	75.46399994730939	78.43999945878979
118.78199952125547	68.40999980807304	69.29400011301036
12.241999959945675	62.3099999457598	66.51799985170366
22.092000064849845	69.54800007343287	71.17200027421121
0.05599987030029513	67.64399956181639	69.30200001910328
13.811999864578251	71.54999998614191	68.87200024604797
131.15000017881394	70.73800007581708	99.56600008487702
17.825999937057478	85.4999997568131	63.22999987363806
0.7580000114440911	70.00400011181829	67.29399993658065
25.897999835014332	75.38600061848756	66.0479999551177
0.6779999637603754	69.18799988746633	77.9520002937317
17.726000204086308	148.20199909642315	88.54000014811761
33.906000003814704	62.17999979019166	79.52799973249437
1.1199998760223415	86.66200009956961	69.89200005888941
0.35999979972839036	97.86000018224117	66.01400019437074
97.93799982070918	85.17199987918139	65.552000041008
1.7579999732971197	62.723999902009965	66.1119999885559
-0.3279998874664301	86.25000045061098	63.22199993178253
9.543999962806692	59.29599997907874	65.84599983602762
-0.7179999637603756	61.95199993431562	114.58600025743245
20.06400004386903	65.83600007310508	65.50400038003924
102.0780002212526	72.71600001841779	71.55800016283983
64.36999999046324	64.68399987652897	69.95400008916857
5.125999956130981	75.22000031471252	72.93599993750455
29.642000131607034	64.79599985033272	71.4400001955032
3.9420000267028774	67.14599992752079	82.17400025963788
13.060000209808337	71.5339999589324	67.29000006198885
37.61400016784668	60.569999874830195	74.53999972462657
24.298000173568724	60.61400004506115	89.12200005248192
0.5700000572204553	72.81999981015913	79.20399992465975
13.205999984741224	59.185999965667655	69.1199998855591
92.077999830246	58.84000013589858	66.76799994856123
1.6699998760223367	63.31800003826624	67.8700000309944
12.544000139236429	70.8320003569126	78.3360001182556
172.8960005378726	73.20199977785352	66.30399986267082
2.428000040054325	63.89400005117056	74.39800006195907
-1.0959999084472682	70.53999976158146	74.67000011086455
-0.32799985885620253	67.50000023901467	67.38599999472494
12.695999870300291	69.52799999892707	109.29799960896378
8.215999917984004	63.96799996018409	68.25800007820128
4.148000068664554	87.4119999961555	74.70800010263923
9.03399997711183	67.0179998880625	63.68200023859738
20.539999942779556	73.03799993872637	62.45000010013582
1.7300000667572037	62.7660002377629	65.75400017261506
3.713999986648559	72.69199980139729	69.19199985504143
7.951999921798709	62.63800022125239	70.84999999523164
51.94200025558471	69.59399999290704	89.70800003096471
-0.8359998416900657	65.1940000379085	71.02400016844265
23.780000057220448	114.29999911397695	92.16999960422521
23.71000058174134	74.9919996801019	67.63199996888635
13.247999992370614	67.84599999904624	74.48400006294254
0.26599992752075025	64.28800012946131	78.02599965766059
1.7180001354217544	63.92599973678584	70.73399998188012
4.684000015258789	67.79000015735626	69.76999982833858
0.1420000648498561	56.591999972164665	76.49599956512452
68.26800042152404	65.99399994313714	67.8480001294613
101.10600018024448	68.55799974441526	69.40599998116488
2.7980000019073468	67.33999995231625	85.883999376297
14.642000083923337	64.80800004243842	69.76599968433378
15.82800019264221	60.82400030136107	64.8580003118515
12.566000070571903	88.07199991464621	69.50400003433221
-0.1619999599456811	79.08199986696239	75.7440002763272
8.863999977111815	62.961999812126095	74.33199996173381
41.43599995613099	98.35000055074688	69.16199990794064
2.464000205993653	92.1699995243549	73.60599966213104
1.2039998722076393	66.89000002861026	83.34399951457975
14.593999958038331	62.51800005614754	66.743999941349
24.963999805450428	59.88200003862384	74.11800003409381
3.92799967765808	69.51199982285497	69.97999999761585
12.738000173568713	84.05999975323677	63.62800012484194
13.820000114440926	65.92199972391124	68.29999970003969
0.4659999084472692	85.92800000384452	71.72199964284898
17.788000154495233	59.000000090003006	106.66200025558474
3.353999891281124	67.33400020837789	80.13800002813333
15.901999979019184	68.07600004270677	81.72599972724913
0.8279998397827135	61.39599992275235	70.0919998991489
-23.951999845504794	57.734000022411315	65.32399997517462
11.372000045776366	68.40200008347638	68.74999993324286
127.60399902343754	89.13799962759016	73.0999997830392
2.1200000000000037	69.7779999440908	68.47600021481514
13.107999830245964	66.22400019645688	66.04799983024596
-1.0360000419616673	66.82399960041045	80.61599999904628
7.302000026702882	90.04599974811084	78.56400047302235
0.5199999618530252	67.21400014400488	97.8580000121891
30.758000059127816	60.077999822199345	95.18000016018757
2.309999895095825	62.29999994039531	67.47200000166885
-1.2559998798370346	65.56399997830393	65.85999996662136
115.66599902629848	64.73800018429748	66.15800004482266
120.48400036096565	109.47800010159615	166.58199927598244
31.91599991798402	61.85600007295612	68.63800016999245
137.70600104808787	65.3679999051988	68.40599994063373
12.16999992370605	116.24400047168139	72.78199983596788
2.171999855041502	68.23199986889956	72.53799992084492
5.4459998512268015	73.12400008797647	71.30000013351439
9.764000091552756	59.891999732255954	61.23000017404553
15.541999845504751	61.030000119209284	69.34399996474383
5.414000072479245	61.36599995851513	74.74400035142908
0.2579999732971211	78.94799988746645	78.46400001287458
150.33799882411947	85.82200024127955	87.66599999666215
11.644000101089468	63.182000138759605	84.52799992084499
64.4159994745255	60.575999844074204	91.57000009059917
1.9820000362396208	68.2880000942945	70.11000001907351
3.6640002632141138	68.81999984741202	70.76399991631506
166.1959998989105	59.24800020068884	70.02999978840353
25.657999763488775	66.51599989235405	67.1799999117851
2.8179998397827157	60.727999953031556	67.29199988722802
49.217999944686916	66.91599990367882	64.24199995636938
5.7380001831054654	105.75600027799611	69.84399999797348
0.9139998722076432	63.37400007009501	96.80400019407277
19.88200001716612	62.97200019344691	73.39999994754798
46.262000055313095	66.46599995613099	67.39000008583069
128.34399995803838	72.70200023651125	70.92399987936024
3.8499998188018836	90.97400053262724	106.12599982261662
27.915999841690084	66.29400011867288	66.1360001826286
107.21199994802474	76.69200013875972	64.7440000271797
1.8399999332427937	55.487999891042705	68.76199981391427
-0.8380000972747846	65.1020000767708	67.13200011163953
59.64999958992002	84.4579998934268	62.40999978780745
25.6279999446869	68.86399990707639	72.74999993562699
15.522000141143804	62.55000012755393	68.26999992847443
3.605999841690069	61.106000108718845	94.35400065660474
14.379999847412101	78.00800014778964	64.97799988597623
5.796000003814696	61.01599989950648	78.69199997901917
3.349999942779545	93.7879997876285	75.77799999818208
5.370000028610231	67.9039996865392	69.96600004240872
18.609999933242822	67.77200019121166	94.16999990940097
35.48200016021735	61.03200009614227	79.39599990606304
0.48599984169006205	76.1499996133148	92.35800036072732
-0.011999940872191132	64.42600006103515	73.08199998080734
26.750000276565537	65.64200017929078	67.49200004100797
-0.8060001754760766	69.40999992370607	64.62799988627427
-0.0920003318786633	60.11999989748002	70.26999997615813
106.72000002384182	69.8660000911355	70.77999987035989
165.59800028800944	70.21799962043755	89.14400011062624
2.469999780654907	63.610000011920924	68.74199994280936
4.045999975204472	65.04199993938207	84.23000013113027
11.028000106811508	69.34799993038177	73.5859996330738
0.7380002307891834	64.41799986839297	76.12400014400474
2.288000106811524	60.47800008654597	67.2220001268387
-0.7679999256134004	65.87000005483628	66.00400009155275
3.46599986076355	65.68799994230264	62.38799985885614
38.222000193595896	64.92999996572728	76.90000038146974
0.5760001564025883	65.08000011861319	90.97799996376033
58.962000684738165	73.33200026571744	74.05599987983702
0.09600035667419708	68.2740000143647	73.16199970960608
4.04999993324279	63.29799997925762	76.36800029277795
-1.2899999999999965	125.20999995231625	69.66399985551834
2.296000146865847	65.33599988967178	67.17199989557265
115.62199879646293	63.23399988651275	81.16599974125616
4.177999887466435	64.43199994206424	74.87000015974041
174.82200129508982	64.82799988791348	65.1500000119209
2.8079997825622542	60.945999954938905	67.75800033763046
0.7839999771118192	56.59600005477661	65.6039999818802
25.298000307083136	64.59199988007542	71.3160001134872
21.085999946594242	65.24600013211375	63.11400006055831
54.73000037193298	79.16599959492684	77.48800033926963
3.922000036239622	69.17600007176402	75.313999582529
3.0520000267028795	84.9580001559854	63.875999785214674
20.66800017356871	62.2839999295771	71.02199989795687
-0.9279999637603797	63.09999975830315	76.58800025537612
2.8379998016357435	63.35600023984907	69.34600033402447
3.972000074386597	72.59400022149084	73.8200002503395
6.116000185012814	65.2080000860989	74.87399988174434
155.39399940013882	68.3260002040863	96.63200006723406
36.30799986839297	76.71800073623655	70.14799988389011
39.72000005722044	68.4579998922348	113.79000006496909
8.812000350952152	70.06000009357926	64.93600018501276
177.3619988238811	62.77399992227557	64.92799992561343
1.765999870300294	68.24600000977516	63.64399980545035
-0.8319996929168672	64.6400005140901	67.21399993419637
156.81200002074246	63.17000000119211	65.8859998083114
2.097999868392946	65.79600019216541	94.98399985074988
7.996000270843502	71.01999993801118	62.01600016236305
118.87999958217142	105.44599978119122	115.204000301063
102.8040001296997	71.76400006771081	70.89999973386526
2.386000070571898	63.10600008964538	71.24800013303754
-0.07999978065490378	74.34800003051753	67.07800022363664
1.9620001316070537	68.32400013089172	71.70800005912783
41.36799990653992	61.29800003528599	66.70800011157982
-0.7400000286102286	60.08400004863738	70.90999998331071
13.16600005149842	63.39400005579	67.88600016117098
-4.33999999046326	61.34200019359588	61.47999995708466
41.39599988937378	75.78599995851516	64.02000006198881
24.05399999618533	72.13199971914293	88.5020001450181
1.2459999275207518	59.10199995875359	90.43799992010004
43.77999996185305	65.37400000661611	74.53799984157084
45.30600012779241	62.95199992358687	73.33599992752069
24.328000125885037	70.51000000238422	71.02200011730194
34.964000172615044	72.5500001949072	70.87399959445003
2.657999858856202	57.13000009536746	97.24799976587288
-3.013999938964846	62.34400013566018	68.27400014936917
12.031999921798707	68.48999991893764	84.56199992775913
-0.7919999504089342	66.89400003850457	82.50400002002712
28.45000008583068	69.8979996284842	64.21400015354155
39.630000667572	72.16600022822614	69.535999919176
13.907999715805055	71.01999979972835	71.36799977302542
955.0799925851826	72.53799981772897	71.2099998316169
3.619999980926515	68.36000020563603	81.95999969795344
54.424000267982485	84.79999959945667	80.11799990892413
17.115999794006356	58.50800008773801	72.76799985736606
14.754000444412233	60.7440001130104	64.79400016307835
14.856000013351435	76.21200017690654	68.63599979400632
1.988000202178958	91.05000034093847	74.60200018048278
2.54800007820129	59.908000094890554	76.28200020551687
171.57599914446467	68.19399996280673	74.54800024271009
24.9820001602173	61.61600001335148	68.1340001779795
3.9200001525878836	60.476000142842544	94.37999981388458
7.540000181198123	59.16600030183788	66.69200018242005
24.376000089645395	72.21400026589636	73.04600011110307
1.6919997787475627	68.82200010776525	72.5840000975132
7.735999965667727	77.91999997138981	78.46599991321561
20.891999950408962	71.57799985557793	75.87600007534022
0.7099999237060519	67.1820001089573	91.56600013375284
-0.1979998588562042	61.85799980163571	80.84800016224386
12.37399975776672	62.061999871730784	66.35199999332424
12.60799997329711	79.73399994611736	72.69199997723099
118.01199924468986	88.73599992021919	165.75200013279908
7.862000017166134	61.302000089287716	75.65599978208536
2.9000000190734854	100.15000009268526	68.7900000572204
100.51000062942514	70.31200008302926	72.59000020980832
-4.014000129699709	63.32199979722493	69.41400016903886
3.051999883651734	75.99799997448922	84.30799987196929
55.23600007057185	66.0840001320839	66.49000010296702
3.1620001316070576	63.46399992227555	67.7719999742508
2.666000213623046	80.66999963670969	83.9800001549721
0.6019998836517323	64.90599984169003	72.60399988949298
42.89200000762941	64.6019999885559	74.25200021743773
54.50000018119817	102.87800043866045	112.17199971199042
51.48399981498718	58.79400004625325	63.61400005102154
0.5959999942779515	68.75400013923642	78.13399989843357
0.15600005149840987	72.25600002244114	70.76800008490686
118.2640004348756	108.35000001490113	65.45199999690057
12.839999818801878	57.75799996614454	64.26400014221669
1.3380001258850118	100.04600084170706	65.0380004179477
39.53199970245363	72.85599963665008	74.96600023508066
56.08800020217897	95.26999951213598	100.45999988436698
0.19600009918212624	71.20599953293797	87.31200016975404
132.83399971008302	57.908000059127815	96.56400038659577
43.89000025749202	71.79600017309187	71.9639997553825
29.384000329971336	68.29400005817415	68.36599977493286
89.34400000572195	65.4819998136163	80.06400014638898
14.913999938964846	57.918000067472484	75.11400013089174
100.14799998283381	98.40000006914138	69.54800003051761
95.56600013732913	59.999999787509424	67.34600005269047
11.443999891281129	61.21199979782105	67.40800007820123
25.888000011444102	70.83200026988983	68.93800006210805
2.3260000610351543	60.3299998545647	69.27999990940089
214.804000201225	70.39400018036362	75.20399988174437
91.67600013256077	60.08800014257431	63.41600008726125
12.375999879837066	77.17599987789988	80.38800018310548
85.83999932289137	65.22199987173082	67.04600006103523
3.662000017166137	65.49599993705746	65.02000001579522
18.767999830245962	71.25800010353325	88.17399999290703
0.34200004577636345	63.931999857425666	66.11600007057194
22.123999881744393	65.64000004827979	65.82600014925004
0.8120000457763665	88.22400010630483	71.59799985960127
-0.48000007629394426	66.408000010848	102.1379998582602
134.3299994152785	73.01400004029266	68.2700001168251
4.2659999370574955	63.11399973034863	68.61800004482267
36.50800010681151	62.941999872177874	78.20199980616563
61.53200055122373	71.86400017619133	83.15999975875029
20.49200015068051	67.4239998900891	66.60599995136258
36.34599998950959	65.00600013732908	94.28200029373158
4.186000013351441	69.72999973177902	67.9720000424981
36.38600017547609	84.1039999075234	76.94800018787382
3.8679998970031733	73.01800008535383	81.57400012016294
4.795999832153316	61.81799961686137	76.92999986350544
-0.3959997367858838	59.5679999637604	70.14200033903118
8.210000038146967	64.68600015252831	69.09000013902781
85.8459999036789	72.56200022697442	72.0520000481606
185.94599908828712	65.29200035765767	70.86799988746647
1.2280000877380397	65.0840000104904	104.50000022053725
-0.4180000782012954	60.76199989199639	68.95799983382226
135.53400000095363	61.59200006842614	70.88000024944546
56.32600013732917	62.534000194072696	68.39000010609632
1.2599999332427965	68.73199993610373	75.7099999630451
5.494000024795523	64.07199992716315	65.2720001506805
-0.7939997577667223	59.666000020504036	65.01199993371965
0.40399987220764516	61.551999773979134	63.614000000953716
75.06800020217901	66.66999994918706	68.11199990272523
1.9339998817443833	75.37600015282632	71.8339998941123
40.0419998550415	72.77200023412703	65.45399984508752
6.46599991798401	57.580000021457636	72.32399972528223
2.5699998092651346	78.92400011226539	94.513999467492
109.67800063610076	68.85399997279038	68.62199999928465
4.467999935150148	70.59599983453742	77.01999979764226
120.89400026321401	63.29199991986155	99.98800020813934
0.921999940872192	66.12399994611741	65.5600000838936
15.829999942779532	86.13599982380865	75.30599987149238
0.006000032424927481	60.03400014549487	65.73999991416933
8.960000123977672	67.71399971053003	82.52200056880714
0.5700001239776638	74.02000022411349	68.84399983763693
1.4100000476837138	67.5300000569225	69.19199997901919
3.531999835968015	68.66399995416398	73.74599985241896
0.45800003051757576	69.42600002110005	64.55199999138713
9.306000051498398	71.94999972611663	102.605999571085
17.51800001144411	62.87799996018408	98.93799970507615
23.093999938964842	62.74599980801341	65.96400013446812
54.35200020313266	86.66200001716616	66.96199998423452
10.767999963760374	69.5499998426437	71.25600000858307
3.526000051498409	60.84600008368501	76.78199981093404
2740.0859673619293	54.22799946978682	69.1820002219081
6.711999940872194	61.04399992942806	65.95199996352196
4.795999860763553	61.20400014489886	79.40200016975407
0.6660000991821272	70.69400010108949	68.37799994587897
-0.4320000743865952	68.69599971294402	72.65400009155263
42.713999915123004	65.51400029957293	82.19800034284594
5.2259999847412155	63.971999996900564	71.05799989223488
-4.714000062942505	86.06600032091143	69.79800021693111
37.41599974632264	76.55399987742294	78.32999976634986
2.043999910354616	81.81400009408594	75.87599978685374
30.96999992370607	63.86400005221369	68.2999998760223
19.24400010108948	79.18600027248264	67.5000001382827
1.9240001869201608	66.69800004005431	61.53599995613093
81.67399989604947	83.44199999809268	72.37599980831149
1.778000106811525	70.03000027418129	80.65599974393837
16.764000101089476	66.09000010803345	75.91000024795527
189.09200015068078	82.24000024914744	89.36000015735632
20.8460000896454	67.03600010633465	79.21000022888173
8.896000146865852	62.684000349044794	68.95000046968461
50.49000002861027	60.85200008630752	73.11600001856684
307.5759977281094	61.276000037193306	81.66600028038027
2.326000041961671	76.86800011739133	73.69000029563897
123.2539991998672	78.38199976474048	70.44199990823869
2.4079999446868916	62.491999789923455	69.68999984025966
32.82199963569642	76.14400033384553	71.54600034236911
5.187999782562258	60.31599985837937	68.71399997204543
10.79799991607668	72.36200003713377	66.78800012350077
33.626000156402576	80.82200021505355	69.24000003814699
8.958000049591073	73.10400007262824	73.05400000095366
86.10600013375277	68.28600020051002	71.32400022625919
34.481999816894565	60.51600022375581	69.78799987316128
123.8699996384978	70.97000014930963	79.34199993133548
11.806000261306759	66.44400005340576	63.87599992930894
9.69400011062622	61.9099998998642	76.32799991801379
1.5879998683929473	60.40599986791608	87.71199971407663
5.8680000782013	72.86199999094006	66.17600018441675
24.42400007247922	73.09399985194202	65.35600020885455
23.847999868392932	84.94200034260754	70.49399990081788
6.8260001564025865	69.60599986195567	73.23199995160104
26.240000133514403	61.547999690026	66.96199997901918
-1.432000284194947	62.12200002551082	70.7580000638961
0.013999729156492498	92.52599959135064	65.36000012278556
3.5619999694824234	77.08999994635577	77.18399988636374
4.479999933242796	66.10399988651268	68.02200011134141
38.298000087738046	73.59800036624074	96.80200022801755
9.226000118255605	70.83800015375014	66.91599990248677
2.7039999198913596	91.95999940425156	59.71200006484984
-0.25800008773803373	60.043999779671445	67.94400008440016
1.9600002574920659	59.357999962568215	68.74000014305119
0.11200002670288357	78.5660000112652	84.72199990987785
3.403999977111816	65.07400013506407	92.04200001195065
2.398000049591064	72.35399987220765	70.2999998998642
16.271999998092642	64.39400000378487	64.78600004911428
84.76200072288505	62.19599997520447	65.6020000384748
2.1180000305175826	59.95000002503396	64.42599989891048
2.9559998512268093	68.5480001068115	90.29999999046322
13.715999917983996	68.16200016975401	68.09400010824203
166.82399855852123	81.05399995833635	72.03799994587892
11.614000072479252	68.75000025629991	72.3180000257492
2.206000184565786	99.18800042659038	71.09800005912783
63.831999688148535	63.6359999112785	74.65400018066165
11.851999979019153	65.38199997425072	96.36400029420858
4.247999887466428	59.109999921321865	72.81200034856799
3.5079999601840965	66.32999977588658	75.56600013136867
3.994000101089477	65.48600014150139	73.66599983215325
60.410000352859505	62.65399991154669	110.09999974250796
2.922000131607056	67.82199995458133	132.90399993374947
