5.5660000801086404
19.95200023651124
10.895999937057498
9.310000000000004
15.839999990463262
11.100000028610227
8.833999824523922
2.7999998855590786
2.538000001907348
11.230000295639046
15.887999992370604
8.04400013923645
14.518000144958505
3.877999887466432
10.295999946594245
3.6859999656677305
69.82200053691862
4.452000017166147
40.40799977302556
3.2180000686645545
19.553999986648556
2.752000122070312
9.985999984741214
6.206000051498413
12.126000003814701
3.6479998970031726
4.44799998283386
27.508000202178934
10.329999933242798
17.7680000305176
3.252000112533568
4.444000139236452
4.546000013351438
4.968000059127809
6.954000024795529
13.103999986648567
5.314000005722051
0.7800000286102321
1.2779999065399197
3.391999912261963
8.458000221252435
0.6799999713897713
3.5519999694824227
7.507999973297115
10.427999820709232
4.443999977111817
20.633999824523922
20.05999997138977
20.01399989128113
5.586000080108642
16.80399984359741
4.72
4.862000007629394
39.23000029563898
10.522000102996836
13.69600003242492
46.154000205993626
27.909999732971176
6.916000118255617
4.259999933242798
6.458000049591067
7.100000104904175
4.382000017166141
5.878000011444099
28.637999839782694
22.56199979305265
9.785999946594236
4.029999942779544
27.174000272750853
22.797999906539914
5.043999919891357
9.762000007629398
6.753999910354609
4.660000057220454
1.9920000457763678
1.9519999504089363
7.866000013351448
14.871999864578253
13.748000040054324
5.860000143051151
6.29399991035461
13.092000122070315
3.6200002193450924
13.62000000953674
36.4620000934601
24.79599996089933
39.6840000247955
7.7139998149871865
5.176000118255607
8.992000141143789
10.052000083923344
22.65799973011017
4.327999877929682
23.117999992370642
50.4420000362396
18.074000205993624
16.3460000038147
61.149999942779566
-0.16199994087219402
7.326000061035156
19.500000123977685
64.894000248909
10.338000001907357
7.121999970078468
9.45600008010864
23.701999802589395
7.916000118255613
1.1420000171661382
2.0240001392364495
3.9619999504089343
11.146000118255625
32.582000188827514
12.877999982833867
20.579999990463246
16.70999994277953
5.160000019073489
11.47400013923645
3.2379999732971174
11.499999961853039
15.604000101089468
8.543999853134164
3.7219999980926533
5.495999946594238
14.437999892234814
74.70999975681305
4.688000020980837
4.413999996185304
7.3999999904632565
7.1200001239776585
6.453999919891361
5.231999940872189
4.728000049591063
19.817999887466442
4.817999982833862
4.277999982833858
3.541999998092651
5.905999975204475
13.277999773025517
4.380000000000001
7.784000120162966
7.0000000286102315
4.758000173568723
6.9060000133514405
11.26599998474122
2.5119998550415046
8.911999883651733
20.267999897003207
116.5139996051788
9.386000041961674
193.97399859905244
9.841999998092646
11.711999835968026
12.271999902725225
7.711999921798709
5.133999986648559
5.894000272750852
77.7079989103973
5.413999900817871
2.1860000133514417
12.977999849319469
2.760000076293943
61.63199950218198
41.79599979877474
12.730000009536749
5.285999822616576
22.635999908447275
2.66399998664856
4.539999971389773
0.6860000324249279
11.095999975204466
5.567999954223636
9.854000062942507
5.384000148773195
27.114000186920173
19.935999736785885
8.584000005722045
62.06399982452393
3.4680000305175787
9.841999912261965
34.0779999828339
8.208000230789184
5.439999999999997
6.925999984741209
6.167999982833866
38.70999980926514
7.844000148773195
14.486000032424942
15.104000062942513
10.81599989891052
3.401999902725218
5.122000007629391
175.4739990544318
6.184000034332272
6.2799999237060575
9.282000122070315
-15.542000341415411
-0.3360000419616704
14.856000223159798
55.700000019073464
4.797999992370605
10.402000141143812
15.858000164031978
65.99799986839291
2.9440001392364485
4.390000076293943
4.014000082015989
33.02200000762942
5.402000093460084
34.111999926567115
49.45199976444245
4.590000057220457
5.197999944686889
9.05200005531312
16.31800019264222
7.829999990463256
2.964000072479247
2.0359999465942358
6.943999938964842
5.893999929428096
25.542000226974483
5.167999992370601
18.133999967575086
4.298000040054316
11.754000082015997
10.127999811172478
4.030000019073491
110.06199970722201
5.909999961853033
18.33600013732913
25.55000022888183
12.42599987030028
10.35000000953675
6.288000211715698
2.8199999809265144
9.371999912261977
1.9480000209808368
6.248000040054316
17.57799993515012
18.08399968862534
8.200000114440913
9.124000024795526
25.246000127792378
27.525999860763545
9.73200009346008
10.229999990463256
6.586000041961672
16.19199997901918
18.426000280380254
11.993999958038334
27.430000104904156
0.26400005340576166
6.818000030517577
11.212000045776358
10.95399991989136
12.8699999809265
4.5940000820159845
10.79599990844727
5.196000080108645
13.51600001335145
5.239999876022337
15.856000080108634
16.330000123977666
15.490000047683713
14.00999980926514
7.555999975204476
6.602000122070314
4.1400000095367435
