63.60400026321409	60.481999949216835	67.12000005364418
38.82600011825564	74.84800027847294	63.862000015079964
74.48599987745284	61.77400017902255	59.10400004863735
-0.19800019264221094	74.78400012016296	66.62200009703639
0.8319997835159296	70.62400059700009	76.74599990621208
2.0440000057220473	63.940000177621776	66.00599983215324
27.121999692916873	85.58799988389016	64.66400001168248
79.15999986648545	63.154000003337856	70.11000002861019
22.917999868392943	59.0040001273155	62.99999996900555
4.72200009346008	63.76599981307983	69.93799996882674
56.3000000095367	60.86200020968917	65.07199986696246
-0.8359999370574953	76.6580001628398	79.34599964678289
29.113999805450455	65.86600008487699	69.73000009492034
33.425999670028695	60.57999992012979	67.06200006484985
0.6800000095367443	74.90000008702278	67.3260001130402
122.65599957466128	76.29399991989143	62.88600009351964
-0.1499999427795444	71.18400022745126	64.00399981617925
-0.6959998893737775	67.25400012016294	94.74799975186583
0.9899999904632603	65.05599993571637	67.67999989077443
26.33000016689298	57.131999908834636	68.15199996948242
45.630000157356264	60.12399993181232	65.76200002193447
2.8720001888275126	67.61399990558623	67.94800010085109
0.9719999122619611	67.69800009608257	75.01599991798398
16.82799995422364	57.654000110626214	69.54399975776671
20.404000005722047	85.21799996137618	69.14199991345406
106.07399909973135	58.889999710619435	63.436000062972305
1.8819999694824179	64.43399993896489	65.69200004696843
3.4200000762939395	62.417999961674184	65.04599986076357
13.322000064849858	60.4279999005795	64.03799991130825
6.114000263214117	58.42200005486609	70.94999987602236
-2.928000183105466	98.89799995839594	65.14799997806546
0.5500000095367393	58.42999997138978	74.30199967741964
3.7499999713897703	57.96800004005433	66.4180000543594
66.98200046539303	59.80999992966652	73.53799995064723
0.472000074386599	69.14000012278562	97.47800002813341
10.566000080108651	66.50000024437898	66.04400016352541
33.642000012397745	111.77600035816442	70.277999958992
8.84800015449523	66.58200004339211	71.47199994876983
16.311999750137325	62.906000025272384	63.62000010251997
3.2519999885559008	83.06399958252896	74.83800003334872
17.250000123977692	63.22599955320362	70.54799976795906
56.32199947357182	72.91000003814692	74.03999985456464
6.535999727249146	63.640000177025755	67.44600012585515
-2.33600010871887	63.45400031089785	69.58400011658671
-2.574000034332277	70.86599992349743	73.62800000429154
223.36599883273232	92.70400004863745	98.45600007534011
12.128000154495245	70.12400004863731	66.00800004959106
37.76799969673158	71.00200021073216	66.67000011205675
15.440000085830684	58.43199983656404	71.84199991673229
56.53400006294255	64.07399986982351	65.14399999588723
1.3019999980926478	64.21799988701943	74.8560002139211
38.7819999408722	60.62599995940924	88.05600008249289
38.32000002861023	71.50000015795236	72.60800031423565
4.191999883651734	60.515999814867996	63.22800001621242
-0.5279998111724817	59.20799974918367	71.10600025653834
86.53600062370309	75.54199944496143	82.37799991846084
12.657999954223628	108.43799996018414	75.45999987483022
138.1240001010893	134.3839997127652	69.69199978411197
3.624000082015996	65.41600003957748	64.37000009536742
1.749999818801877	68.90799982070924	70.12799965858463
7.918000268936146	65.05000008255243	70.70199995040889
-0.562000112533568	64.15800002098085	63.42400006294246
4.0720000171661415	72.21199994385249	71.36400020360945
3.2739999389648435	79.84800006940962	110.77800026059157
116.2779990959168	55.62000005722043	120.5919998122753
1.967999992370603	67.18800023794178	69.01599993348123
26.564000043868994	63.6820000505447	79.31799961149699
36.2740001678467	63.282000108212245	113.3540007019042
59.45000011444095	60.08799991607667	76.17800003290172
1.7379999732971172	57.997999930381766	70.62400024652477
8.141999950408936	64.85200008496645	79.48800004571669
-0.6419999980926498	68.78599973678587	87.46599946975708
35.696000051498444	66.4120000338554	71.47199987530702
19.302000026702903	58.35400017619134	65.0080000081658
0.22399994850158728	67.40200000166891	66.62399988919489
37.50599955558778	72.101999849081	64.65200008869175
10.412000017166124	78.8979999029635	69.01999972820278
0.5840000534057599	64.22600010395051	70.23399998664864
16.825999898910528	65.61600015163418	64.8100002233684
5.946000165939332	56.11400006279351	82.71000026464463
2.6839998435974124	59.13800002768636	66.29799995422361
8.284000368118265	63.63199999660252	64.23400023221971
2.4119998264312703	67.3379999780655	70.85000001668928
8.625999917984009	64.10400018692016	73.31399991035465
0.28400011062622044	59.348000214546886	85.61599977254868
11.511999893188474	61.589999828338605	70.13999996259797
228.18800029754644	59.327999992370636	63.601999893188506
46.76800014495846	68.00599999070168	66.38999995708464
18.941999769210796	63.132000454664215	70.21200021743769
9.139999837875353	123.44400047540654	64.4819998407364
35.022000036239675	131.62999995082612	84.19200065687298
-0.27999995231628216	73.35599991202345	68.24400016665456
6.492000017166137	67.02400000065568	95.5720003259181
0.41000040054321246	60.76000006675718	90.80600033283226
97.60200022697435	77.77200000822553	65.52600001811982
2.775999917984011	59.3680001175404	69.5820000082255
24.44800031661985	83.96400031328201	77.53000009775161
11.442000236511216	80.25200021743765	67.11599980592717
39.43799978256226	60.58800009965895	67.7980000019074
47.94599976539613	57.602000011205675	71.13799996256824
23.081999845504747	71.28600012063978	71.03600005626677
19.915999975204436	61.8280001068115	76.73600015044212
0.609999723434451	57.73000009536739	62.46000000000003
27.967999887466448	64.76800020217894	73.24400016784661
8.011999979019164	76.40599986121062	73.76600003719322
2.6780000782012907	69.59399997115129	68.2960001456737
6.024000158309942	62.08799992233515	61.253999997377385
15.447999935150142	70.14999980717897	68.94200015544888
99.57799922466286	61.7839999771118	67.36600007176396
34.91999985694879	62.17799981236459	75.25000009849674
0.33600009918213253	81.98600005865094	90.2119996285439
35.21600018501283	63.40000000953674	78.19600009873506
1.9900000762939427	71.10999988079075	62.51799969196317
16.33200012207031	71.8819998013973	73.87399988949294
1.5300001239776633	63.830000193119	66.58799994707105
6.840000171661378	65.18000019252297	69.35399979591368
122.22399950981143	69.4900001692772	67.11400007963177
9.395999984741204	61.42800001144409	73.47200006008144
1.3880000495910625	63.986000026464424	72.83999983310699
11.161999893188462	112.6740004181862	101.50999946027989
27.682000036239632	78.18800023794164	66.71199992135163
3.7439998435974107	62.7940001058579	74.42800023496147
56.32999997138984	69.39399989843356	65.71999996617433
12.327999801635734	77.03799991130826	68.42999996662137
-1.3539998245239278	83.89800001144404	63.66399993494151
24.841999897956892	63.66400000095363	70.66000013113023
30.0619999027252	60.528000144958526	63.53599988758564
17.391999788284302	65.54000005275013	66.50799989223476
2.2900000858306893	70.29000006437302	82.40800000667569
8.119999895095827	89.43999995514756	63.635999879837
15.962000117301946	63.929999884367064	74.31799982473254
0.44999993324279575	64.34800012707704	61.96600007057183
-0.8820000171661398	69.75999974131587	69.74800011634828
2.2739999008178704	71.1059999828041	68.39000016331667
57.647999792098986	70.50600014284261	64.29200000286103
1.126000108718874	56.715999865531984	80.1720000088215
12.529999752044668	91.91600001007309	68.2259997010231
294.2839995431902	63.75199990868567	68.4480000147223
2.2539999485015874	64.89199970126148	64.98800020635122
4.214000086784361	74.17000014781945	94.08399980306625
53.66799994468686	61.78399996995929	69.27999988913533
27.941999940872186	65.4240002670884	66.07800032615658
4.2560000133514375	63.08400008976459	66.08199981689448
-0.27600012779235816	60.327999978214514	68.20799988031388
0.8739999866485565	61.01799986243247	65.53800012022259
4.471999988555911	58.44200008392327	87.41999984741207
1.8899998664855961	61.20200011253359	75.05400003194806
0.8980001831054707	63.39200019359587	73.31599978923792
-0.3300002813339216	61.953999869823434	64.93399991512293
1.5179999351501485	70.12599997043611	75.84800001144399
6.036000013351438	58.84600015163419	69.86800007253883
0.007999839782715937	65.59600009918212	66.8820001849532
25.832000246047965	63.17399985074999	68.19599999904631
2.9220002365112254	79.80799987673753	75.37200002074236
2625.10596792222	45.96799948379397	61.98600008890031
20.029999971389763	89.47999977454545	68.5080000706017
9.618000078201293	69.75400011137121	63.14200001835826
54.206000013351456	66.43599985539912	67.32599983111031
5.242000017166141	62.6540000987053	65.89800023823982
-0.7499999618530254	60.839999866485556	84.43200020313256
2.359999971389773	64.73399990394707	70.97599976658812
49.15399964332577	62.95199983045454	63.48199989318844
3.430000038146966	64.86800000965601	65.35999996662139
6.607999973297119	61.80600036695599	79.81600021034478
1.672000160217287	74.27799993067974	63.712000148296326
23.15199972152711	63.26400009110567	70.43000018835062
106.11200037002561	64.29800008177756	64.73800015926363
0.8259999275207536	65.34599973976611	71.68200011908995
13.70600003719331	65.66000021219256	113.54800021559
12.298000049591074	63.681999744176885	72.17200007915494
21.789999990463265	120.0020000833273	72.09000007241966
18.414000215530415	60.99800008535383	76.8839998471737
45.70599975585937	61.04200002312656	124.3719999957084
0.5260000705718997	71.85800010040408	84.1240000660717
19.480000066757217	63.805999859869466	65.98399999141692
-5.231999998092651	64.78600019931793	90.83999990463263
33.50400001049044	71.40599991470575	65.33400009691718
150.4320003128051	63.34999990284444	63.98599987506869
10.216000118255625	64.18000019073486	58.97399996757508
50.83199984550477	77.03000005245217	68.56199990034098
3.865999956130984	63.06400002524253	66.93599987983707
3.8319999599456755	69.98600029081105	73.09400005042549
7.422000112533579	68.20399990007279	78.41400021314625
3.5999998474121084	67.2439998102188	63.06399987012151
15.31599987983706	68.40600013732903	66.64800002902746
3.972000188827513	63.34999994277959	91.09399978160867
66.41600066184995	74.59600031375882	68.28800023168327
3.2739999008178753	65.77799993157387	64.85999998271464
96.36400050163273	66.04200025796895	69.44599984169
0.41200001716613965	62.98199999213219	61.11800021693105
2.5260002136230466	62.44400002360342	82.36600034236903
157.70599933147423	70.98200009107589	67.68999998420476
14.630000381469733	70.25599984765059	69.60599997043606
-0.8160000896453887	59.98199993491171	72.7280003345013
-1.4199998760223351	60.592000021487465	62.606000110507026
13.060000085830689	59.00000004529947	68.0880002212524
2.4700000381469684	59.6240002089739	62.57199993669987
1.4000000095367455	63.99999989390375	67.85200000882145
3.701999864578252	66.09199981927871	71.38200037002565
1.6219998359680172	73.15399996146554	71.59400009393687
24.365999879837037	69.2980000403523	66.58199987888331
0.19399973869323767	60.54799994990227	71.88800010681152
0.2659999656677223	62.693999896049455	69.75600001811979
196.67999858647585	71.29799999803302	66.12400010824202
6.048000049591065	85.75399961113928	93.84799974307428
0.48399988174438496	56.1440000352264	67.92199989363549
20.484000167846677	73.6439998614788	81.57000057876114
13.63200011253356	58.037999745607344	69.59799977064124
11.78199994087218	72.80999990016221	75.51399998188016
73.49200037956233	89.61600026965134	70.9800000730157
18.84800024032592	57.61200024008752	66.9060000193119
15.01200004577636	69.39200033307077	68.67400002002712
71.67199924468994	60.25800000667578	76.27399942308665
15.372000007629396	70.78800022959705	78.02799972534169
-6.600000095367429	65.15200031518937	75.94999997377393
-1.325999965667723	80.59600023984903	71.04200005412106
26.642000188827517	76.95400015294548	72.67800013303756
20.725999956130984	63.1439999127388	84.41000051498412
21.423999881744393	91.04399972438809	70.06199981212619
-2.62199993133545	59.974000166058524	111.61400107979782
-1.607999973297118	64.35599956750869	77.36400025367737
62.8160002756119	69.05999994441866	68.82000020742414
6.7199999332428	59.94799992084502	62.34800017356871
39.72999988555903	61.302000101804744	64.27399997711184
14.226000080108642	72.04999993205067	69.26400002717978
46.260000114440885	65.92400008320813	67.80199973583217
29.081999988555914	66.1140001824498	65.45800013422958
-3.0799999141693157	63.72200001671909	74.28399996459495
46.81200020790098	61.250000162124586	67.55400020122532
65.09400011062625	65.82000007152557	69.91399995803826
91.3979993772506	63.33599994421012	70.51999999046323
1.823999824523926	61.990000030994366	102.94800047561523
18.799999723434446	63.53800014495855	72.43000019550318
10.669999647140491	60.72600003480915	66.9679998540878
9.639999904632575	73.6380003291369	67.72600012481216
2.7880001354217554	63.79199999094008	69.24599987745286
4.104000129699708	65.5960000014305	96.61600024461747
285.9539978146552	59.522000122070246	65.1700000047683
1.5019998931884766	73.11400035619734	94.81799988508227
-0.5340002536773716	67.46799992322923	66.45400016278025
1.5820000839233408	66.1239999198913	67.88399992465963
5.591999864578252	58.70000013351447	63.30400000929837
4.680000085830691	70.23000001192091	70.81600003749124
-0.49599996566772603	61.75599991202353	66.14999985218044
8.804000015258792	67.24200000166901	81.3480001786351
18.46000030517577	59.72199990391732	65.37600010573863
55.89399940967559	62.817999841719875	69.47400008678433
2.8800000476837155	62.956000022888155	72.61400007769464
43.415999841690045	57.43799999713895	76.98600001811984
0.19200004577636495	62.06199990391731	72.19600023031246
20.218000020980824	68.22600029230125	102.13000039845717
2.064000349044798	62.5459999555349	92.5579997968673
-10.073999729156506	65.42800012901421	77.55799989402284
29.941999964714043	64.91400011688474	66.29800015777349
5.831999902725217	69.493999582231	66.3639999037981
0.6220000934600801	56.85000005006787	75.97799983382221
24.334000339508076	63.608000074625	64.30999974250793
81.92400000572205	62.925999864041785	83.73000009298333
39.80600001811982	71.61400001049043	73.52399970293041
11.659999895095819	63.28399986594914	71.91000007987019
0.4740000343322787	58.193999818563434	70.72999980449677
3.9039999389648474	78.27600011527544	89.15200030803678
9.325999994277966	66.41200004965064	87.08000003233559
-1.1079999828338598	67.2940003585815	71.02199988126758
3.080000028610229	63.113999924659744	70.92399980977171
1.272000017166135	77.40999989748	85.3699996161461
17.048000001907347	76.23800013124936	104.91800049781811
0.3640001678466814	77.07199985146521	76.88000010490414
24.1960001373291	65.89400004148479	74.21199992179865
7.6880002593994226	61.77000000715254	66.09000000804666
115.66000034332275	65.50000007629403	70.35599976062781
1.2420000839233385	72.5400001242757	67.64600006580349
33.460000123977636	73.59399962067604	68.1119998979568
28.567999954223623	74.01000043004754	65.10599992275236
47.58799973487857	65.27799993783233	105.08200003743174
15.60199990272522	65.70800020694732	67.04800000667571
4.104000129699695	62.33999990373848	64.33399982228869
94.09799980163567	67.51199979692697	76.93199995756142
13.284000072479238	55.91599998414513	62.073999927043936
76.12200005531314	69.18200006365778	68.57999996721746
23.797999906539918	76.85600002169609	72.90999984115362
28.987999925613398	68.88000024750826	67.31400006294251
1.3899999618530277	71.0759999501705	95.67799980163578
2.544000029563904	62.63799985408785	75.89199989795684
206.45599903106694	63.15199992328882	71.10200017213822
5.040000076293941	64.64600005626671	71.75600029706952
63.47600016117099	79.40000050783159	65.11599993467337
1.288000030517581	68.98399999678132	81.7480001306534
3.4999999237060555	68.31600007697938	74.0160002458095
2.110000028610224	76.52600028991692	80.59600015878681
38.454000086784326	62.03400002762676	59.273999972343404
0.9599999523162867	67.95199990227815	63.43599992036815
-0.5500000476837169	64.35400002121924	83.22800032496448
0.23999996185302738	65.1719998204708	68.74800001621237
1.8299999141693106	60.04999979376791	64.22199989318845
59.2220003890991	72.79600010156621	74.73800031363963
1.9020000648498527	88.70600076079361	68.55400009989741
0.06999989509582823	76.59200027465806	65.93599992752073
94.68800001144407	177.26999993875614	76.26600011825562
3.210000104904172	67.82800005733962	70.89200021266936
-1.3500000286102312	60.40600000619891	79.80399992048737
44.34199993133542	72.11199973821638	62.31199992060667
3.38800012588501	70.10399994850154	68.50799997627733
22.476000061035165	70.47999984025955	66.48399987697606
11.333999814987198	71.50400002479547	71.14200014427301
29.7639999485016	89.35200054690243	63.71599986314767
-36.877999725341795	61.76800012111663	81.1079999810457
0.5619999885559105	75.26599976137278	63.70200003862383
1.9780000686645482	60.53600004076957	72.6939997649193
2.8920001316070563	90.50400005057438	63.25799980998039
1.1460000038147014	64.6939998160302	65.21199993133547
79.24999981403344	71.81400003448128	71.51399988651275
0.17599998474120815	70.73400016069407	63.40400025248526
0.7839999580383262	69.32200020670892	67.53799997925753
7.1499998950958235	69.07799987673755	69.07799994647503
-0.008000154495236576	83.69800021082168	65.31800000548354
12.918000192642207	59.14200009584423	68.94000017881389
110.92000003814698	65.7699999940395	65.37000013411046
211.80599985122683	79.66399973034859	67.97000027179708
5.07799996376037	64.56600019648671	68.01000003844494
5.934000034332274	62.12200013041491	171.23399944022293
15.92999993324279	76.68200013756747	66.65599999189378
-1.3760000705719009	60.465999982357005	56.177999925613406
-0.09399986267090164	67.90999994993203	81.33999995231626
25.830000104904194	74.21799997329711	65.35600011587137
-1.1620000267028816	80.91400027751924	74.454000107646
0.5280000209808368	73.87200022876256	75.69400007590656
35.27999996185307	66.70799992442127	60.23000010535124
52.39400055885317	71.16200013399126	63.21000005781648
3.6360000038146985	62.14000009536743	96.47600034713739
298.57999793052653	63.904000008106244	63.6780000245571
16.438000097274784	75.79400012016293	75.95800008773806
2.3439999103546167	66.11200006484991	65.93199979305265
38.11599993705755	67.69400003716346	76.01599993318318
0.8419999980926508	66.57800003260371	69.75799980640416
36.06800030708313	73.69199988886713	64.12199995994567
6.9019999313354585	59.66800001904366	71.64399984359738
25.407999906539903	68.40599977970123	68.78000026583669
2.133999824523927	89.75600037842986	80.99800013422963
125.8119996261597	76.41599984169007	65.57000009655954
2.017999963760378	168.0800005061926	130.2219998148084
24.014000129699728	62.308000064194125	61.69000004768372
3.6479999065399156	72.22999967753879	67.91600014686588
0.9540000915527329	59.79599990248677	72.94800005614763
5.77599983215331	61.91600009590392	73.5440001910925
132.07000036239629	53.468000228404996	66.73599984169006
2.5079999637603736	69.01999965429302	100.6520005106926
1.5639999008178675	75.87999986052516	71.56800010204317
32.70000024795531	67.22800004243852	69.39000005483622
36.8879999446869	67.06399964451792	79.0759998178482
0.6000001049041741	66.07600012958048	69.5580000317096
17.908000049591067	63.83200018286699	65.69999997854224
5.4980001068115225	88.74400003015994	71.77000004768371
11.148000020980826	81.99399964004752	70.065999968052
73.19399997711179	61.730000095367416	71.86399995803822
35.9939999961853	58.58000012993808	70.62199997544289
32.305999851226815	76.92999999344356	93.1199999427796
21.788000092506397	61.37399982810014	66.53600010484458
2.786000061035154	74.38999981999393	77.94999996900556
200.10800009727498	73.4739995038509	70.66799963727588
1.6940000438690186	72.45199995636935	65.71599962040787
44.53799992561339	69.98800012588501	80.16999995380635
8.661999921798708	66.11999987184997	69.61199997425075
79.07000070571904	64.00999991446731	66.82399993419655
7.4039998149871815	70.02400019854299	68.70999992370606
-0.025999965667727783	62.394000005275004	62.50800004482268
2.1780000209808357	63.97600026130677	68.81400030970575
71.23600110054015	64.23800012856724	76.2079999399185
1.5839998149871815	71.96799959868189	66.13600021034479
10.095999975204483	68.53799976587298	86.19999984741222
0.2319999217987078	84.57400040626526	67.38000004529955
56.60200004100804	56.38800027370454	79.09199961960319
34.9460004806519	80.19199981182804	69.61599990606304
41.346000318527224	64.08199998855588	59.88799990177157
14.708000049591067	60.97600013971326	70.11599991858004
2.5079999446868917	61.542000076770755	70.97200006365782
7.9380003261566126	62.64999974727631	72.65199996113785
31.56399982452391	61.274000164121375	67.20399992227556
6.2660000419616795	61.20400005102164	65.69199995577335
1.3239999580383248	58.89599987983704	64.1839999198913
-1.346000080108644	64.69399992227558	65.5099999284744
0.24599991798401064	59.53600016593935	62.12600008487708
33.6260005378723	70.6560001206398	66.99799997925754
2.8220000267028835	73.9360000681877	76.25399971485135
4.66799989700317	80.51399995431308	63.086000211238876
1.8799999809265175	65.39199977457524	73.99399991035456
66.42000000000002	62.63999992370603	78.40599989846345
3.427999925613402	68.13799997672439	65.51400010108947
5.832000122070318	70.16600016355513	67.60600008487695
51.52600057601928	69.45200035810475	79.04799996376035
0.0820001220703133	63.62599994540218	67.40799988150599
2.66200006484985	78.43600003600113	141.09399980500325
6.402000045776365	77.9720001769066	68.95200015068055
-1.8459999942779552	68.12999956846232	61.018000149726916
18.0879999923706	88.58800047397607	67.78600034475328
318.47199996590615	73.26600012958042	67.86800019741054
2.3400000762939497	70.30799990490081	100.08000026822084
1.8660000705718955	63.6459998989105	61.71200016498566
6.934000043869024	72.34399976253513	73.33600028634066
17.81000005722047	60.97000000596044	70.29399993062013
4.433999996185308	69.74399977520103	68.26599989175796
4.5600001907348595	68.1059999537468	76.84399973317983
-0.09400002479553113	74.30999956279996	63.06199987292286
24.143999891281123	65.81599991798406	76.37400013744833
44.13199972152712	58.74800010561943	72.58000001072887
10.474000086784356	65.26800001874568	91.7280001747608
6.808000106811522	62.84400004863731	67.20399992465975
2.7519999885559057	59.911999938488016	66.6380000519752
3.672000112533574	79.0119998526573	66.42599996209141
14.61000037193299	63.62999990701673	63.4959999382496
2.1859998130798326	73.49599992513656	75.66399988934401
2.3300000858306884	75.71999971792098	70.37999987125391
-0.46399996757507034	72.52600014209743	64.82600013256072
6.462000188827515	72.4679997450113	70.84800014257424
48.543999900817894	61.86800025463103	66.29999989449982
23.996000247001646	63.586000020503995	70.32399974107739
164.22399957656847	61.47200003147123	78.17999968841671
5.484000024795532	64.31400015428662	76.23199988245963
27.694000053405745	65.5480000761151	66.19200018882755
14.009999952316281	60.110000122785586	75.87200002372263
186.10400030016868	80.75600004434583	68.69999977052211
7.4939999198913565	64.28400018215179	71.07799976348872
14.628000144958492	63.808000004291586	67.8820001745224
22.349999933242795	70.87799999237052	63.31800010323523
24.53399989128112	70.3579999232292	71.8720000576973
92.21199994564056	65.21400011062622	61.14200003623958
-1.5859999370574958	64.20400007084007	117.41199997901924
1.1519999694824223	77.96400011301027	71.16400011777874
3.7020000171661382	62.6079997333884	72.84599998295307
10.154000072479255	67.47400008246306	66.9179997205734
2.0959997463226356	73.19799985557783	80.277999523282
3.152000074386596	68.95200030326835	62.8340000963211
67.87599994659415	72.1239997906982	91.29200024366376
-34.04599923133852	82.2120000991224	78.72800014734264
1.1380002784729026	62.05600029945376	87.47000008761876
-2.6820000553131096	54.70999989748004	64.110000013113
0.03200009346008638	62.24200009003282	86.32400011584163
21.431999864578255	67.91000016927724	66.2399999010563
22.959999628067024	66.01399987816806	65.07599997520448
26.514000425338743	70.64200012877576	85.32399983838197
119.57800004005428	74.43999954223625	69.38199988365174
14.48999985694886	60.52600017070771	67.0619999980926
3.167999868392949	83.16000014901158	66.70999989509579
82.41199973583227	76.2159997951985	67.27800008296968
60.607999792098994	65.24000023841853	66.91000004768374
82.74199967384334	63.82000000000001	63.03600021123885
0.8380001163482641	70.31400022462007	71.1339999055863
15.719999885559082	67.35800011634826	69.14799996852872
0.6860000324249245	66.8840002454817	65.92600004673
27.12799977302549	68.60400019645697	62.98799994707109
183.98800018310558	62.978000044524705	70.68600011736149
23.369999942779554	63.115999999940406	74.25599965572357
31.108000164031978	69.12199973583219	81.18000016063449
1.9580000400543196	70.05199995875356	69.89000009819868
11.604000034332289	59.700000163316744	66.27200004816055
125.65599886894225	60.04400005340583	64.15999998569488
18.70399997711179	67.62999987125399	67.30000014424328
-0.5980000019073454	74.8719996730983	66.98599992513657
39.04599966049198	76.39000017404553	64.96599996939294
-1.1840000438690161	63.432000389099095	64.63200003147128
45.759999914169235	60.157999814450754	65.2699999028444
40.27600026130675	71.53999975442885	64.11999990671875
0.8800001335144058	60.335999898910536	63.878000116348254
16.961999664306646	56.89400013014678	107.87800044536583
-6.005999865531915	65.6679999059439	62.55000009536743
1.1240000152587857	86.59200020015238	63.33199999719859
19.845999917984003	59.67799998909232	66.54199997603898
-23.71600072860717	97.06600009083745	70.92800021767611
1.382000074386594	75.0140001201629	79.03400019407272
1.9540000915527316	63.32200025856495	74.6319994671642
0.9799999713897686	61.28599998697638	64.66199984550481
-1.2800001907348602	71.71999988660211	71.61400029659264
47.274000091552765	65.93600005388258	65.5660001665354
-1.92800019264221	59.25199989676479	68.61399981141084
4.4500003242492685	64.15999991178506	87.07599953949453
13.53599987030029	80.19999998450281	68.59000007629396
19.03399991989136	62.972000267505635	68.14200003981593
-0.482000064849856	69.35200009107591	77.2759999966621
11.691999959945676	65.13800006389617	81.93399999067188
2.8839999866485533	70.58200020790092	88.49599993675946
151.695998967886	64.2559998655319	68.25400018453591
1.8500000286102274	64.93799993991846	65.27600007772443
22.829999704360983	64.4760000491142	67.5540002256632
661.7359956216809	59.81800003051759	70.08200016975407
11.7080001115799	62.74999995857482	71.9499997711181
0.45600007057190195	63.26800017744299	64.45600001811981
16.95200030326843	61.43400001242751	63.12799990743402
0.11400022506713772	100.77000065207486	76.5219999790192
3.7040001487731944	63.87600000619888	65.3860000467301
134.98000024795536	59.478000150471935	71.25800010681155
4.160000057220457	67.46399971559634	66.99200006484983
2.867999982833864	59.32200015068053	69.40599991559984
1.8279999351501504	68.99600006341927	67.8139998805523
3.4799999332427944	64.06400004148485	67.15599992752071
-0.18999992370605445	66.60000036358834	68.54200007051232
10.503999977111814	65.81000004291533	62.67399990558617
1.8420000553131095	66.47400026023386	73.64400000095365
2.5860000610351492	68.25800031423573	79.76800008773805
329.943999404907	63.33000021994118	66.83399989128114
42.02399984359738	70.29399996995916	65.77199994087216
23.28999993324276	74.9660000443458	84.93799972772601
3.372000160217287	60.1460001498461	75.01000001668923
11.04999977111818	66.44999974370008	64.75800002694133
4.554000015258792	84.39599950283767	87.81799973130222
40.80799976348878	67.54800003468984	63.211999940872175
33.12200030326847	60.805999897718436	74.68399947404863
8.577999868392956	69.3780003869533	66.84399995803838
42.662000188827534	61.88199973821634	107.15000039100642
63.85800041198731	71.52000002384182	69.84800004005436
1.2319998359680158	57.041999835223	73.87200040578834
2.9640001010894763	73.08000016450882	68.60800013542182
54.54000041961673	72.58599980235098	67.03399987697597
19.387999935150155	61.47200020432466	64.83999999001618
36.946000289917	64.01000035166737	64.0839998459816
1.8699999809265142	63.30200005769731	87.58599993035193
9.776000204086296	62.7660000514984	65.80599973320959
43.65799965858463	66.64400009334086	73.6319998669624
160.2779993133247	81.31400022029877	65.05999998331068
4.1719999122619695	60.4179998509586	67.4400001733005
223.59199898719785	67.0719999599457	76.62800023555748
12.530000152587881	72.43400034844876	72.55000004410732
37.55000004768374	79.0059993308783	67.40399995803827
24.54000018119808	71.84799956411126	66.96199995592237
73.33200061559683	62.93599998712536	69.21200011730194
4.031999855041501	65.88399978563189	74.86200042724602
-1.1440000247955342	95.03599986791609	65.69200002133843
108.09799942970265	60.65200010865926	66.51400018692023
24.750000157356236	65.80800011157984	64.46200007855889
87.60399977684015	70.42400016307833	66.20200014084575
146.22799939155593	79.31200015112756	72.11599996924399
31.76599987030027	64.75599993705751	65.27999973297126
13.06600001811982	83.5459997892379	69.71199995711451
6.728000030517571	73.95800001665944	67.3860002326966
16.67199993610382	281.7599988915027	129.11200058653955
2.0639997768402116	65.13199981495738	48.33200011730197
-0.5440000629425041	68.56400012254709	49.135999919772175
5.774000158309937	61.97399995759129	48.21200006961819
-0.6579998970031702	73.58600031495097	48.586000076532365
8.182000207901021	72.87400003045792	50.0440000720322
3.1659999370574954	74.67200018018472	49.54399999678138
15.232000179290775	75.64599975109104	49.61800004601477
131.28600028038028	66.39800022840501	49.452000045329385
-0.7939999866485593	65.33000019073484	47.84199992477889
28.410000104904185	64.52000026375053	48.00999999403958
5.506000041961677	56.669999831318876	48.262000003159024
52.73200005531309	64.25200011491772	48.62600001096725
18.540000152587872	61.75800005912781	49.48200006201862
4.1340000724792505	68.09000007271767	49.38400000214573
48.67400029182436	69.15600019931794	49.67200009942056
110.7459998989106	157.84399924695495	92.34799991294744
69.00199982643122	64.87400009542698	48.19599990367888
-0.3359999847412117	73.42999992370616	48.91999992132186
2.38000020980835	57.907999907136045	49.43000015437602
72.71999999999998	64.71800036013126	48.3339999513328
10.66199993133546	68.06999983668327	49.50199985668057
0.32000006675720283	62.2940000079572	48.510000066012175
1.312000102996826	61.234000016450864	47.9099999952316
-2.006000022888186	67.91400013253092	48.716000137329075
7.779999990463252	62.05599982976911	47.905999989509596
5.430000019073488	67.37399998188022	49.5039999480545
21.50600031852722	58.768000164031974	48.452000061273615
19.10000009536742	75.0619999104738	48.66200002968314
119.95799957275385	65.21600006014107	49.2880000463128
-0.9780001068115255	68.71399988830089	48.550000143200144
47.74999984741207	64.80000016689299	49.66799990549689
17.692000007629385	60.188000116348285	49.43599986523393
96.88200046539303	61.97200006842616	48.7499999324977
15.697999897003168	59.83799993276598	48.299999883770944
19.154000139236473	67.06800031185145	48.182000053375994
10.101999931335442	64.91399990797045	48.36200003802773
12.008000154495235	57.98999998450279	48.25600012376912
2.5839998054504365	71.24799996435644	49.01599998712539
1.0999998760223397	75.13800015449519	49.035999915599845
8.337999877929704	68.72200011968614	48.99200004458426
0.09000006675720396	62.293999928236	48.4940000130236
9.336000137329105	69.08000013828277	50.23999993562697
104.98600071907039	63.50400014400484	48.34600007683035
19.448000116348272	58.929999768733985	47.58000001311304
73.5239996242523	60.55799999356271	48.47599997714159
20.18199988365174	65.15800022184848	49.406000058054936
106.4259996509552	60.344000091552736	50.56000015616416
-0.46800004005432094	76.21999953508374	48.60799982547761
15.600000104904192	69.8419999206065	49.153999968916125
21.614000158309935	64.46000007152557	50.649999961256995
1.435999755859379	76.03000026106831	49.21999996781351
-0.3379998874664297	62.793999919891384	48.41000004783275
6.504000167846675	92.6020000755786	48.860000056922445
4.7620000076293945	74.9580003009737	49.046000096499874
0.27199967384338114	60.98200003623965	47.08000002145766
7.011999721527104	72.7339995694161	50.126000031530836
2.0259999656677223	58.52599994063376	48.678000122159645
0.6420000171661381	63.663999926596865	49.446000074148174
4.3780000019073455	65.4680002211034	49.53600007280701
-1.0800001430511452	81.82199987649909	48.92000020325184
1.0740000057220476	72.10800001144413	48.95800003528594
10.997999982833846	78.05400003910064	48.81000001251696
3.808000125885009	66.55599986076359	50.112000033259385
10.240000171661396	67.688000395298	50.12399997428056
4.568000288009647	62.28199984788888	49.67000011354687
16.3099997329712	60.48800019025798	48.31000006318092
18.52599967002869	69.29799982652072	48.224000022858405
-28.757999601364133	81.64800053119659	49.88399996042255
3.089999780654909	68.6900000870228	50.15200008273125
0.9360000514984151	57.59599987268449	49.042000027894986
0.08199995994567798	59.05600007861856	48.67599997669465
56.621999845504774	61.172000218629826	49.06199993729594
26.3779999256134	69.16400033354759	48.12800005316733
19.55200003623962	62.13600006341935	47.91999989509579
54.928000116348315	68.41600015640256	49.56599991202356
3.8119998645782474	62.81399991631509	50.002000046819454
3.1399999237060583	75.03200019270172	50.332000048160566
9.700000152587887	100.26799990609292	48.882000043392146
23.16200006484983	66.0979998755455	47.80799994826315
0.5459997749328592	61.93399998426439	48.08999994546175
56.47399988174439	65.14200014561415	48.74999996155497
12.339999847412127	59.23800013124938	48.566000020504006
12.40000010490418	84.21600038409245	48.34400015711783
3.3440001296997037	74.55800061389799	48.2860000157356
5.292000341415401	62.47600013077258	49.399999967813486
25.82600022315977	78.85800008445979	49.82799998760227
74.73600035667415	65.68599984169002	49.85399992048737
6.8339999103546205	64.92600031554704	49.395999996513126
1.2240000820159929	63.59200005352499	50.33999994307755
63.360000314712536	68.1740000736714	49.359999960660915
3.4520000076293966	65.88000004529952	50.249999935924976
35.018000097274815	64.79799992442129	50.47000003993509
-2.891999912261963	63.31200012683863	50.110000011175835
91.33000033378616	73.84600024223327	48.83200000613926
27.928000192642244	67.60800015211102	48.402000083178244
12.446000447273256	62.56199993848796	48.99999991476536
27.322000226974467	71.80800031900405	49.28999995142218
23.57799994468689	70.53799992680547	50.06000000447034
86.19400013923651	67.03400034263737	49.28399998724462
56.89600020408631	64.67199993133538	49.01199998557564
256.45600002765644	59.6260000562668	50.13600003391511
6.388000001907356	71.74199999451638	49.97199998363847
5.353999986648558	71.79199997901918	49.84799990177153
109.9079996967315	74.54800000667568	45.964000014066656
2.4320000076293984	72.48600006639958	50.56800005987286
0.851999998092649	62.566000008583025	48.54599995180968
4.226000108718875	66.35000005140903	48.83399988174435
29.43000010490418	62.22400015354155	49.33599997460844
9.355999994277967	63.65600020885469	49.46599996268744
2.4020000076293924	61.73800017595297	47.67200006052852
22.60800004959104	60.30599990069867	49.0499999661744
1.681999921798709	67.5240000271796	49.50800002470614
0.5580001926422146	60.15800002574918	47.91799997225406
59.25999958992009	64.68799978449941	49.681999986469776
18.76400020599368	75.79000041961666	50.08400001853705
4.684000167846685	73.56200023889535	49.26000002473589
0.6639999866485572	61.26799994587894	48.220000022500734
82.32600059509272	69.11000023767346	49.77000000387426
4.343999929428102	69.1960000801087	50.84599990293389
58.99399977684015	70.95200028657912	48.97400005668405
29.497999811172495	61.17200000762941	48.936000008732044
82.89000016212461	78.85200003176928	50.36399997711181
110.25999971389768	64.72800007343284	50.154000076055524
27.158000202178943	60.538000106662466	48.86199996471408
-46.52599928855898	66.45600018024444	49.81600003540516
-0.010000123977664586	64.48400001868605	48.54799994707106
131.7060005283355	58.361999940872224	49.54200001165273
2.2020001792907697	60.56400014162058	48.83800004631277
0.37800009727477946	72.59800007551901	49.154000075161456
34.93199975967411	64.54400017261499	49.37599998235699
14.666000299453728	64.75399988651274	47.96800006985663
2.4039999389648496	61.51200027227396	50.311999991387125
3.5440000534057585	81.73000026628371	48.160000079870194
215.82199914455427	69.57800007149572	49.67199999496343
-0.7780002403259274	71.99200006365773	48.76800002887842
5.8840000629424996	95.0180002951622	49.72599986553189
4.571999864578251	62.66000004172324	50.355999853611
-0.3500000286102319	74.72000016838311	49.29199995085597
364.2260010576248	68.09200015112751	49.38799988448618
28.359999809265144	71.14399990081787	48.78599995136256
104.84999968528757	71.20199975490569	48.708000035285885
38.9180000305176	58.835999982356995	48.83399989962579
11.234000129699703	70.47000008612874	93.42999994978307
43.888000221252454	72.677999947071	49.50799998581407
1.5360000896453807	66.27199987381694	50.10800009936094
1.7320000362396248	86.84400017797942	50.44600004911417
2.6859999370574985	77.89799986958505	48.52199993550777
3.94599994659424	78.6860002446174	48.980000036954856
86.02799988746631	61.075999898910524	48.35599997639655
1.7120000076293986	72.7539996366202	49.02799993097782
10.870000162124619	58.86000000640755	48.67399996697908
10.403999767303475	66.38000011086469	49.37799991250035
80.48600027084346	68.37199990600348	50.47200008630751
3.4199998569488543	66.42200003147123	49.69600008487699
23.138000097274805	63.78199986696245	49.115999944955085
37.06199954986576	66.40199989318842	49.70800010055306
1.5020002079009969	61.60000024318692	48.03600002288812
39.33200025558468	59.59800018548965	50.797999960333115
2.3100002002716025	61.87599963009362	49.66399997413155
21.660000162124618	75.93999984979631	49.18600009918209
-0.6699998569488533	65.17399985909466	48.86400004148483
13.246000022888172	81.93800004780302	47.95600000619887
3.364000072479248	63.69200029641387	48.908000036925074
0.4520001983642558	71.3480002653599	50.24999996036293
128.08200061321253	69.02199978113175	48.45200006976727
22.8799997138977	69.36200008675453	48.46199995398524
28.653999996185295	65.39400013923648	49.60800008043647
7.02600001335144	59.44599991321561	50.06999993726608
-0.7499998664855989	58.45199986100196	48.70400002345444
71.76800036430367	70.63799994766721	49.4139999563992
68.09000019192692	67.11200003311035	48.9740000605583
47.72000014305117	96.96399990618232	49.03999996304509
1.2500000953674313	68.6559998297692	48.71599992632868
48.01999988079073	64.62999999135727	49.400000023543846
2.226000032424924	78.59399973750105	49.68599991008635
52.97799941062924	77.84399991035454	49.11000002384183
0.6580000114440905	107.60199943423268	49.99600002050398
17.016000165939335	62.258000206947315	49.854000036716435
85.31400049209591	61.05399998545646	48.84000000953672
16.151999788284296	62.67800016403201	48.8739999644458
5.994000120162962	66.39199992656704	48.040000033378604
382.39399779796634	140.62400009870524	112.21599929466853
-0.9139997673034709	64.48800011634829	49.10200002789498
39.66600020408626	82.07600011482833	49.91999994605777
1.1460002517700163	71.5359999608993	50.336000064164445
-0.32399998664855967	67.03599971294403	48.52199996590613
0.2860002326965319	62.75999992430205	49.80200003862382
1.7980001068115206	71.9339998666942	49.739999998509845
10.662000055313113	67.0100000333786	48.67199998736378
3.9980001163482637	105.50600011557334	114.78399983674295
29.43000017166139	76.83799965202813	48.48600000977512
4.935999946594243	66.57800000905986	48.47399985671036
1.8060000705719024	70.8999999709427	49.8359999294579
3.3379998493194605	76.16799995407457	49.6660000348091
15.298000049591062	61.45999980568887	49.76600008070466
0.19600015640258545	60.07199993908403	49.10200003087514
-2.8279997253417988	64.37000006198892	49.62799996852873
0.8860000801086402	63.951999877095204	49.30400011256335
121.21400018572797	65.42399974301455	47.85600005388256
57.10600002288819	60.87399999052283	49.39800005957484
6.892000093460081	70.74000023126594	50.60399995088583
110.70200001716614	71.37999991774561	49.04799996465445
23.788000259399393	71.30200024843211	49.58599994584919
7.1080001640319805	75.6899998998641	49.969999977350206
20.707999897003173	82.54200003415336	49.429999953806416
29.766000127792346	63.98999975979329	49.89999996602532
108.26599943160998	65.01600001528854	50.323999999612525
0.6860000896453861	63.58800026416777	49.15000003099442
15.572000160217298	67.06399966239933	50.04200008988378
40.11200004577638	58.03799997806548	48.53999991387127
36.57400007247923	66.09400013089177	50.90000002503394
27.559999995231635	72.82600000664583	49.37000002652407
117.28399930953992	65.91800014197828	48.80199995547531
0.3060001182556141	62.545999746322636	49.49199991226199
3.0359999275207543	60.578000191450144	50.16999996185301
0.3920000267028828	58.577999856472005	49.2560000306368
3.7820000267028804	64.23000006690621	49.51599990099667
54.67199980735775	76.60599990680811	48.19799996212125
-0.3279999542236359	73.10800016522407	49.14799995645876
70.74600033283224	64.6139999198913	50.7680000908673
14.600000143051144	76.06599979579443	49.954000076055465
1.5540000629425026	66.1740000224113	49.26600005954503
27.46600022315983	71.63799998641008	50.380000008344666
4.934000043869015	82.10599979519841	48.34800003081564
-0.43199985504150773	62.50599998712534	49.30000001788139
9.707999601364145	58.485999973714414	49.28199998140335
6.1260001659393355	92.04799981057641	50.25400005370378
22.713999843597403	69.05399980366228	48.808000018596644
32.90200006484985	63.06000003337864	48.68000006869438
47.638000164031965	95.25399990320203	49.28600008025767
2.430000076293941	66.46600004673004	51.180000152587894
3.10799987792969	57.53199998423458	48.906000103056414
0.5220001220703109	105.65199970573175	50.3839998984337
40.956000089645364	59.052000070214234	47.980000203251805
14.260000066757204	70.82000007912511	49.7640000081062
2.530000057220456	86.76799978271126	48.585999895930286
2.2780002498626697	71.00600001096717	51.11599994897847
8.35399995803833	68.48999998092653	49.68400003314019
0.3120001506805427	69.9759998869896	50.97799996167423
1.786000137329099	91.60200015977021	49.24800009727472
3.071999979019163	72.95999990120531	49.25199997425078
1.6419999408721886	77.07600004255764	51.10000004664063
3.4619999408721895	62.2980001249909	50.00999997854232
19.914000272750854	63.33399985849857	47.44999990567565
62.0240001106262	59.70999995231628	49.13799996525056
41.947999954223626	61.017999965697534	36.8800000503659
6.198000135421754	65.34399989604947	49.52600002169604
87.40200000762937	77.1280000811816	50.29400013446811
40.60599962234498	75.99400008022782	49.915999929905
14.848000354766842	63.337999922484165	49.676000001430495
912.1739901316164	64.04399973675606	48.81199999064205
-0.5720001888275136	80.52200010061257	64.01600033491844
91.03399930953974	96.40800024747843	49.728000029474515
-1.0319998264312737	62.76200009316207	48.51199996858833
2.3999998474121096	104.51000056937332	50.338000053167335
1.6779998874664275	67.26800011098379	50.222000042945126
51.9480000734329	64.65599995136256	50.1720000018179
0.49600009918212806	61.762000179290794	48.38400001734493
3.565999994277955	68.6140000855923	49.52200000166892
20.08399966239929	57.61799984842542	50.02000002503396
1.5140001392364488	72.92600016981362	50.5620000346005
-0.22999993920326134	64.10000019550324	47.29599992692469
0.8939999294281042	71.51800000905989	48.35400006681678
31.04200007438658	63.23400002241134	48.38199998617172
9.50399997711181	60.794000015258824	50.413999966382995
14.565999975204479	65.43999992758032	48.94400000214577
0.1220001697540294	56.5819999790192	49.08399999260902
126.7600009727478	63.467999847680325	50.03200005486606
-0.32799971580505743	67.32000005006792	49.93799995273351
-0.735999851226805	62.65799998641014	49.58000011742109
0.04200006484985154	67.44799999356269	48.511999899148954
109.62600060939795	75.54600018024442	48.662000008821465
4.516000070571896	65.45599998563527	48.18600016847252
1.590000171661378	76.06400019884099	49.84600010812281
2.2079998683929474	61.98400005623699	48.54400000825525
35.734000158309904	82.80799998000273	50.57400013566018
2.557999858856202	64.5420000004768	48.793999955058084
33.83999967575076	63.68200000971554	48.92799993038178
2.1280001735687257	84.85999991655348	49.06600000619887
1.3040000915527319	62.41600001290442	48.94200000315906
1.905999927520747	82.3240000081062	50.352000014185926
8.244000015258786	76.00600005388256	48.31799993783237
13.678000059127815	64.44400029420846	48.222000127285725
4.782000017166144	68.75000012636188	48.89000002056359
30.70799993515011	65.88600007653243	48.28400006771087
2.7759999847412105	58.751999861747045	50.39000006273386
41.159999942779585	62.485999786257715	50.21000003337859
0.8620000362396275	67.63199981182817	48.3120000603795
1.9359999942779542	72.54599974513049	50.23799998879435
9.311999912261971	79.63800008267155	49.33000014245512
-2.1439998817443797	75.9420003378392	49.54199998974797
101.82599906921381	72.1059999136626	49.44199991464611
1.9719998741149898	60.55399988174439	50.32999999061224
1.5919999885559104	64.13600000679493	48.82999998956921
1.1719998455047593	64.34199991285797	49.44000004291534
3.78400009155273	62.32799997091287	50.80000004410745
32.594000129699694	65.94000010371211	47.93599996030326
93.94800035953519	60.166000258326456	48.86200004130599
24.044000177383413	70.22000008776789	48.79199990272519
27.91599997520448	71.22400013446807	49.31399990439416
48.516000063419355	41.616000170409635	24.213999880254264
168.36199937820422	63.82800016194581	48.13000012323259
1.674000110626222	69.89399980306625	48.826000012159355
14.91999994277955	82.19599987074733	49.197999913692456
75.98799984931946	90.25600032806386	50.440000109225494
30.477999935150137	69.23599980115885	48.17999995857479
30.46199979782103	84.72799957454212	50.87599992990492
16.92600000381471	63.037999799847604	49.725999986231336
9.035999898910518	70.25200002670286	50.95799992948766
4.225999860763547	63.45800010263914	49.968000149428846
361.06199829697636	69.1740000104904	49.58999994873995
1.3319998645782432	65.38600005865096	49.862000133991216
1.2620000553131063	140.13199939161527	49.15199998319152
-3.534000110626222	70.13999982357032	48.780000001192114
5.1340000629425	62.53000020861629	49.24999998688694
31.992000207901018	60.9620001304149	50.006000002920665
48.8240006065369	81.58399960041037	48.036000057756894
9.622000055313126	74.87999981403344	48.69599999144673
7.203999814987179	69.70999984443182	47.778000141382236
29.6960001373291	61.559999899864174	49.324000074565376
192.87000019073486	66.97800014257422	48.77000013396149
2.07600002288818	61.74399977207182	49.139999964237184
13.003999948501583	66.3640001693368	49.009999983310685
2.1539997482299795	71.2060000944137	49.7760000352561
60.19399917602536	115.66199998930104	50.206000035852206
-0.5679997730255102	95.63400005102159	50.60400001406669
59.58199987649918	70.42800003856416	48.983999966830034
0.7000001049041753	67.74400021553032	49.12800008371477
0.9240001010894758	62.33799996852869	48.94999993622305
3.5680001115798974	52.794000046253224	39.21599998235701
21.313999872207646	70.43599992513658	49.25599997743963
196.2460004425049	73.61600041702388	49.81400003433225
53.593999843597466	60.41399980545036	49.081999949514845
5.945999956130988	78.81999981880179	49.48199980467554
1.4200003242492703	95.41799974873665	50.148000038415255
0.9820000934600863	66.1319999563694	50.32600012779234
1.5880001354217503	69.65000029325483	50.37599998176096
15.67600008010864	67.51599987506856	48.9680000786483
9.547999906539918	73.56799993082879	50.49200035482643
2.3980002307891817	66.1659999799728	49.84200009718535
146.42999960422515	65.28200012922285	49.92600009679796
107.32600065708166	63.20399981975554	49.935999989509604
-0.1419998741149931	68.10199966192248	48.91199992120264
0.9480000400543191	63.78400008305908	49.03999992221599
6.3599999618530365	61.68600006982686	49.632000018954244
14.527999734878547	61.504000215530375	49.38999993592497
20.116000008583075	63.1339999821782	48.83200002908702
6.019999923706063	56.71199996471406	49.32999995559452
-0.24599994659423627	64.27200000524518	50.19800001770259
1.2320001506805431	67.8400000011921	62.789999945014706
1.7320000839233387	62.61000001057983	50.375999999642346
2.3179998111724798	79.87799996018406	47.50799984455111
0.16200006484985305	84.69599982008327	49.68599992185828
8.879999961853025	62.43799982786175	48.48599998712539
33.66799996376037	108.69999952942138	49.13200003743172
37.89200012683867	63.382000118494034	50.27800011992449
55.45800023555755	71.7939998030662	50.46400004714726
19.561999883651723	66.27000008314852	49.74399996638296
0.2940001773834242	59.895999947786365	49.29400003284213
114.21999977111821	120.4379995116591	50.45600011110306
1.4120000553131145	55.78199992775915	47.33999998450277
32.83000024795537	63.52600037395954	48.82400001049037
3.573999862670901	75.31600017368801	48.923999968767156
202.76999950885784	63.75400005102157	95.29400016382327
44.80399996757511	63.45999996542937	50.27599997639654
10.710000085830666	73.2020001327991	48.89999995991589
27.237999944686898	60.5880001544953	49.28800000846384
13.831999759674058	71.59599999994039	49.10800010979178
25.313999834060617	64.93600015878675	50.15999990522855
0.8320000076293921	61.942000036239584	48.735999989509565
1.7160000801086397	67.96600002229209	50.01399998426433
18.028000164031987	82.1459996664524	50.83800004959106
17.054000158309922	85.69400033682587	48.19800004124641
18.764000158309944	69.40600012898445	48.80200000703334
78.49000037193294	67.5280001282692	49.206000020504
3.2840001487731945	65.3779999220371	49.969999992847434
-14.30200021743773	59.50399996578688	67.42599945038556
6.236000108718872	59.816000025272295	49.59199989274147
0.1340002155303936	93.64400008529405	48.75000005960463
2.4199998378753707	64.46000002026554	50.43400000572205
52.80200002670284	68.78199987173079	49.534000186026056
-1.7580000114440903	62.179999871403005	47.63999996662144
1.8159998607635504	58.33200018167496	49.12400008574123
2.9879998016357456	66.15799995183944	49.07800000101325
3.4760000610351556	64.75399997711183	48.083999975919696
3.362000207901005	106.08000041842456	50.02000003814696
0.3399998855590802	57.801999924182894	47.764000101089486
2.1700001430511486	74.98200050234792	49.909999942779535
6.302000141143805	66.0540000128746	49.59800005614759
0.6800000572204612	98.03400045707816	49.707999947816084
11.863999824523939	71.9539997573197	50.279999973326916
102.6279997730256	69.09600004315374	49.06999999880796
5.660000047683719	62.992000004649114	49.610000101327905
19.277999982833858	59.53000018268821	50.00200002580878
89.74999950408936	72.13800018727771	48.305999994277926
54.13999963760376	65.15199995800845	48.66200000137086
1.9040000629425067	66.38399993062013	49.71200000658636
-3.818000383377078	64.42600008249283	49.484000068455956
2.0239999103546125	63.2179998683929	49.31599995404482
7.252000093460088	90.71200004965061	50.79999993562693
1.922000026702878	62.596000021398055	49.47399987310172
15.670000085830694	66.85599994659428	50.03399991199371
-0.9519999313354494	57.910000147819574	46.96600004076954
2.741999769210812	69.05400015234943	49.24200005769728
22.797999682426436	64.04799998879432	50.92000000476838
15.165999975204478	59.82600006103513	48.968000017851594
5.384000205993655	75.94400028586385	50.18399990737442
0.8680001831054684	69.89599996566776	50.43400011599063
44.42800016403199	66.08999999582767	50.57800006508827
99.79600006103514	65.22999995470046	49.79399999737742
27.15000013351442	65.70599997490648	48.4600000146032
15.730000133514407	58.80200002193447	48.20400001049044
1.7759999465942367	73.70200032472609	49.51400001838802
19.788000154495244	97.09599974244836	49.93800001502039
-2.5660000228881823	63.63599995568396	49.53199998229743
43.022000002861034	70.434000210762	50.082000106871135
-0.3679999542236306	62.67800003960734	49.03999997526408
153.3419987279178	115.05600033700463	50.69200006559494
58.86199982643122	68.39200003385542	49.069999983310666
2.354000024795533	62.217999929189624	48.63799997508524
68.77599967002864	69.26199995249506	49.66399998977785
1.2639999198913572	66.20399990200994	49.07200003981591
15.932000236511245	77.51599970698352	49.4500000286102
3.2000000190734856	65.55399987220768	49.63799994051457
25.550000257492048	85.21199952602389	49.136000060588096
20.718000059127792	68.30799988269801	54.371999958306525
14.830000152587889	60.04800004392863	49.677999988198316
11.248000230789183	80.97800000339741	48.28400007575748
14.502000093460081	77.50000029921527	49.0400000077486
23.70400021553041	63.19599996477364	50.505999956130985
11.584000101089467	79.32600022912018	50.35600006818772
5.966000041961675	62.57400010257961	48.6759999322891
36.2719995880127	74.64800005674364	49.33400008276104
102.8539991998672	66.05200021266933	50.28600002646443
2.4059999275207513	63.25000002562997	48.694000138044295
3.703999900817874	66.61200009346004	48.20400002241134
65.67999999523158	70.27799986124037	49.029999925196186
9.89599992752076	67.28799994140861	50.20199998378761
42.88000003337862	77.7360001623631	48.71599993586539
6.839999866485603	65.47600014179943	49.18199993133543
2.7899998569488504	62.334000012874576	48.90999993920328
45.63800050735475	67.72600032925614	48.99199999690055
1.7579999732971199	67.23800007909533	49.583999885320694
36.541999759674034	65.95399996876714	49.472000004351145
100.24800001144413	65.18200014114375	49.99599997520444
14.099999923706047	68.46399984851482	48.72600000560282
0.4840000057220441	65.76000003457062	48.996000068783765
111.3640002632141	58.6300000715256	48.98600004702809
73.18800039291386	59.66800005674366	48.37999997854232
68.03799997806541	57.735999941825874	48.60400002598763
27.467999773025536	66.66400014191858	47.829999914765345
17.291999702453612	80.03399972736825	49.41599987983706
67.38200008392329	66.72999992847437	49.06399997234347
42.738000402450524	64.66199984312054	49.119999924302114
1.1820000267028812	93.09399996697904	48.32199991941452
1.4099999713897737	64.97400029897689	48.71999996423725
22.19200017929079	59.99399978637697	49.48400008231402
3.034000024795532	63.69799986556171	49.57399989843368
51.46600014686591	66.15199982434518	49.438000014871356
277.6440000885723	66.57600014686585	49.09400011211629
1.7880001068115212	68.0440002536774	48.89399998188022
17.481999835968004	61.76400002121924	48.818000019788734
