0.3619999933242788	61.940000262856536	76.34400027394287
1.0060000276565542	70.73600002050398	63.56999996185301
5.625000047683713	70.02599995613095	70.7359999561309
20.14100009441376	58.783999996185344	67.20599990993739
10.234999966621402	73.23200001001352	64.86799999237054
2.7549999856948864	65.6760000514984	68.222000209093
1.6120000648498543	61.25200001239772	85.01599979639055
8.014999933242802	61.30799998283386	74.05800035476685
14.634999871253964	67.97799978673459	67.42399991512298
2.1579999637603753	71.73000010102992	65.61599998712542
1.9200000238418582	61.84199986219406	68.92400007441636
-0.22299998283386113	58.96600021898745	65.10999996483326
10.727000036239628	68.13399975776663	76.2139999520777
0.8269999217987072	59.431999989003	60.61600009754302
0.10100000381469765	65.88200010299681	70.66199992671605
-0.1569999647140502	63.363999810218836	68.91200005888936
8.538999948501582	64.18200025036926	65.40000012159344
-0.5629999780654906	72.0819996941089	72.50199985265739
1.721000065803527	74.87399993658055	72.4439999449253
0.23699992179870719	64.0080000063777	74.5660003662109
3.1659999752044676	63.880000179708034	72.85000012367966
-0.5449999904632553	57.35599998250602	81.8500000229477
1.0260000228881843	77.99000000715247	66.77000001430505
1.5309999465942377	62.426000149846104	106.75600034475323
-0.23400002956390453	63.482000013589854	72.74399995803827
0.02200000286102384	63.045999966859796	73.9439998954534
1.1440000438690188	54.60599990844727	68.99200018137685
1.1409999990463275	66.63600012779239	64.51200012207032
0.0740000200271614	59.185999845266394	66.63199993133537
3.5899999618530276	60.73399970471854	69.55999988198278
2.7119999694824224	67.65400016069417	68.12800007581714
2.7310000085830697	68.21399977207187	73.21400016456845
1.2250000190734858	67.6700001001358	68.42199997901916
-0.15199993133544906	67.68000006437299	67.27200001835828
0.8940000486373896	65.78999986916772	84.00800008773805
-0.18499993324279657	57.99799991369246	67.29200003147119
0.8110001230239864	62.70199988275762	71.98799998581408
12.509000215530392	68.3520001876354	82.20400004386893
16.017000012397773	63.893999824523945	77.330000038147
-0.1429999399185189	73.44599993467328	67.09199983119962
0.20300003051757776	57.93999988675117	75.87800013780588
-0.2340000295639034	63.94199986219408	75.15999979019168
0.17400004863739013	59.45999993845819	69.45200045824049
0.31599995613098153	56.17399991899732	65.3500001811981
0.8470000171661372	70.14200020074841	72.16199985891582
2.7020000505447377	85.46599997937678	65.35799996376043
7.894000077247619	60.107999967932685	67.16199995100494
13.339000129699711	66.39800020933153	65.01999976068728
4.110999903678896	65.18399975776661	80.01200031727551
0.6279999923706044	70.44800021529196	82.31200001314288
0.7970000362396248	58.05799997523428	64.77399997711179
10.742999820709219	65.14200001716613	64.17400015592574
-0.5810000562667839	60.12800022900104	66.44400004103778
1.4590000534057614	60.89000005006785	76.25799998044974
4.61799998283386	62.76999997317788	67.63200019836424
0.40299995422363366	64.75199995040896	67.27999997615814
3.542000002861024	62.30199984669685	66.52800005197524
69.7580005025864	62.4719998049736	70.08600013732911
0.8250000715255732	62.98799993515021	87.57999993205071
4.131999988555907	63.80199988603587	65.92000015974045
0.6020000267028813	69.17000025749202	67.94399983882901
1.4800000333786019	58.82599974155422	76.25799972534179
1.0609999275207533	59.27799991577865	72.44399994850146
0.9229998874664304	62.572000119686116	63.63599996879699
0.17000004768371446	59.7120000648499	81.8920002913475
4.151000080108643	72.76400025337932	74.3119998630881
1.0539999723434448	59.20599963188168	64.3140001964569
1.1810000324249255	65.02000008583073	71.24199995517732
1.397999992370604	61.01200014114381	81.91400004148488
1.593000011444092	77.98600025534631	69.63800000190741
0.5760000038146978	65.42200020983816	80.98600014209744
2.233999886512757	65.0300001192093	74.55399978876119
40.76599974155426	70.22000001430514	71.32799994707112
0.26300005435943546	63.85400000572208	64.60199991226197
1.9929999828338638	63.77799995601179	66.09000000953678
2.612999978065491	68.55400016307829	73.43800007805237
20.36599993705749	75.58800008535384	66.45399995803832
0.8669999408721919	59.70200012922285	70.74599997997288
0.6170000362396251	66.25200012087824	91.91800026446573
0.8500000572204582	61.877999871820215	68.46799991130825
1.9840000581741315	76.55400029301644	66.11799991279842
0.9409999656677253	73.45200006991627	70.82999976158145
0.4579999160766603	77.52200040385118	71.37399997472762
0.7039999437332143	60.22000007390975	76.62400022983547
2.5100000572204575	61.96599996805193	65.8580000543594
1.913999958038331	60.88600023984907	63.7080000853538
3.579000029563908	61.219999972581846	62.312000203132605
1.3260000228881847	64.22400005578997	82.07200035572058
1.7060000133514415	63.9219999861717	75.21000011444097
0.6209999847412113	64.87600027441977	67.21199995517729
1.1110000562667832	63.55999998137354	100.82799988895646
2.4760000419616675	71.59799994707112	68.92600003719329
1.3860000181198104	60.844000079184795	79.08000035762791
9.889000024795534	78.69399992883203	64.78200018286704
5.263000011444093	71.65799972146756	67.79199986457822
-0.32499995231628365	63.71399977445598	65.3340000629425
0.5289999675750733	58.65199983119961	71.30400000810623
0.9620000314712528	79.53000029563894	131.19599957108494
-0.3819999837875352	59.88400005877016	72.05999999523164
0.1610000991821287	60.28599988698957	62.40599995180963
0.9230000591278067	74.58999984741214	114.72200047969818
4.666999921798705	71.51599960416546	72.97400021940467
1.6290000343322764	64.13200019359589	69.41200025141235
11.466000046730029	65.12199998378752	81.30800021409978
1.5910000324249254	57.83599979043009	66.24000007122747
0.08700000762939356	62.875999941825874	92.91400008291004
3.4919999933242796	71.11000016689299	68.43399973347776
4.806999969482425	64.36200005769729	69.57400024339553
0.5710000610351557	62.413999943733224	69.12799999952315
0.046999888420105926	58.588000025749146	90.94399963438508
1.3440000438690192	60.59600016117095	71.83399996027354
2.5500000715255733	67.34000001981852	70.80400002956387
1.1720000028610222	65.57200010448696	102.77400013327606
1.3690000343322752	72.53999984741215	70.87200006484984
1.704999947547913	67.23600012302403	71.9159999346733
0.6870000076293937	63.96799991250035	75.39600035905839
-0.017999987602233484	67.82199998617172	69.41000007629398
27.80000030994413	63.5440002501011	70.92600007534021
0.5239998960494984	84.67599980711938	81.2519999790191
9.927000083923337	62.79600019454949	64.12600017547605
18.097000060081463	62.95399988025426	76.5419997358322
3.332000012397765	66.15400005459782	70.11599982738494
0.8849999666213996	56.413999907970414	65.09400004267692
4.4890000057220485	68.07400017857549	94.50599982261659
-0.6860000133514411	67.90800018265845	72.01000027656559
1.3000000429153449	69.24800001218912	81.77999987840654
5.430000038146976	61.46399991169572	67.42400018632408
5.044000072479246	75.35199982881547	80.08199997901917
-0.5240000677108778	56.523999975621734	64.0439999771118
0.2709999418258678	64.99000017046922	72.27000012397765
6.902999925613405	64.09199979543689	69.61599997520442
0.8179998874664304	79.05999979317185	64.91800012588499
1.1770000648498533	63.152000120878235	70.57999983265996
3.194000129699705	65.17000000596045	64.94199992179871
1.7289999914169296	60.36599989742038	67.4719999748468
1.362000031471253	84.68999940037719	70.72599986553192
0.7910000658035269	59.16800021171571	97.91400015413768
0.23799999713897685	61.38199994027613	71.62600042343139
10.066999940872199	58.84799996852871	67.77800009727474
0.6369999694824221	76.03000008389354	76.86400011539455
0.38300005435943546	60.707999927997584	67.6879999637603
5.813000087738036	93.67200046896939	125.78999979764222
1.1810000991821301	61.463999996185294	72.45000015258783
0.8669998979568476	61.729999976456156	69.81399991989136
0.09199996471404981	65.7520000457763	69.14000017404555
1.7489999389648447	84.75800022125242	142.54599994182598
1.4670000410079944	59.53199998497962	69.01599987983697
1.9709999990463245	63.5899999213219	64.38600000426173
-0.36099995136260954	59.401999911367874	66.76399983882905
5.312000017166143	71.34000022292136	66.0839998912812
0.1740000152587901	63.138000078201266	68.67800004482267
-0.4280000305175778	67.11999989271166	76.86400006294245
4.4500000762939464	68.90399999141698	91.24000014662745
0.4030000162124636	58.594000053405736	69.95999983787534
2.6540000200271594	59.55400008380413	65.4099999427795
0.5709999227523798	60.88999983072283	65.47400006175044
1.6629999017715447	69.15799992322913	63.71999998569488
3.7589999055862444	65.59400004029276	72.86199982330213
2.340000014305114	65.91600006580354	67.72599983453749
9.2600000333786	64.96599982559685	71.31400005578993
0.6869999551773075	63.010000231266076	93.28799981713301
1.279999976158142	60.69600007891655	68.33399988174428
3.9889999389648447	59.5799999473989	104.42400071918966
2.0499999237060527	61.78000000298022	81.00199997022746
0.003000016212464332	62.00599997639657	75.84200011551381
6.728000006675724	94.21600015640263	113.43000015258801
9.078999886512753	69.5799998557568	70.9460001373291
0.2440000295639041	65.81800022691493	96.01200027942659
3.323999977111817	67.92000002861022	84.61000008344655
4.4009999990463236	67.23400020301338	73.83999991104007
1.9449999809265148	68.02200002670288	68.79399994730949
0.7680001115798953	64.48199987530712	66.51799990892404
0.36400002956390465	65.51199995040884	93.340000152588
20.79999977588655	79.13199983119962	68.84399979591375
19.01999984025956	67.68600036814804	84.91399992465972
18.679999961853028	67.76399991035458	82.02000018596645
5.7310000419616705	60.67600005149841	67.41399985790258
0.5940000057220455	71.10400005817408	74.19600007057184
0.8030000114440906	75.4599994575977	76.09599995851515
17.129999794960025	64.73000008463853	70.03599969863896
5.234999976158142	61.88599982261664	64.26999995708462
4.8280000352859505	60.89600005537273	72.7339999711513
0.16400002956390416	66.95199983596798	68.41799990057946
38.90600036144256	75.9599999061226	76.38199998855582
0.2590000104904165	65.18799987554551	66.59399998664856
1.6030000305175782	69.7199998283386	72.8160000318288
0.6679998588562023	69.34200016140937	70.18000041961663
10.537000074386603	62.403999875783946	64.68000008583067
1.00200008392334	66.21599997520443	68.38200011968611
1.1370000600814811	73.25399993419641	72.97800000667569
13.35900007247925	64.30200018614526	99.10800011634834
45.94200028896332	76.32999984785914	80.01399949550633
0.4210000324249271	68.92400024741893	66.42799995422367
28.266999831199648	77.21000007629391	68.48000004410747
0.7880001020431521	60.654000017642964	72.14399997055533
0.8919999313354509	63.24000015020369	66.46400012493136
6.828000106811525	63.56799979805948	73.99000023007393
1.9050000190734862	69.76199975252148	67.50599984645847
4.189999961853026	65.40799998760224	79.81999995321033
0.9209999561309811	61.156000218391405	71.3599999094009
2.324000120162964	62.48600006580348	74.27000014066697
6.617999987602233	66.00199990749363	66.23800023555756
0.022999987602233627	62.67999992609022	66.32200000524514
0.5030000400543218	64.43199996471401	65.6920000362396
1.5630000257492074	73.34000001847741	80.13399983048436
0.8689999866485586	61.91599995329979	70.54799996048222
2.29699996948242	69.65400001138447	72.22999984979636
0.2569999265670769	66.96199995756146	66.53400008201598
0.5369999313354487	58.036000045537946	75.74600003302099
0.725999994277953	61.76800013095145	75.6339997911453
2.061000127792359	65.7040002679825	69.29800007581709
7.496000061035155	59.60999991178512	76.38200032234192
0.08499995708465648	59.500000092983214	75.88999998569491
6.506999979019166	63.313999991416935	70.2500001502037
3.813000025749209	86.09399961948385	71.25400017261505
0.32900002479553186	77.63000022649757	77.55600007534039
1.3540001153945909	64.97799985870718	71.09799993872639
1.6300000143051132	60.3820001477003	72.09200010538103
5.857999854087829	58.96399993896485	66.09600006103514
29.42199988365175	69.83399980023498	67.6639999830723
0.9270000076293953	70.56400010466577	138.9500009250642
1.3629999399185186	66.84799999251963	74.99800025463107
4.2820000362396256	99.984000583291	73.94799997568126
1.2540000200271595	64.19199981927876	64.74199991881846
3.0739999675750713	67.712000002861	72.76399984776978
22.87299992084504	62.320000004768374	64.64400009155264
-0.4610000467300408	65.02200004816054	70.3479998445511
-0.7400000286102302	61.65200019955633	66.22200005054474
0.6509999704360966	60.31800007209174	68.48400005936622
3.798000092506408	62.99399996548891	80.96999984741205
2.9270000219345094	91.11200007677084	84.52999998092646
3.1400000381469724	67.40000004366038	70.20399998188016
1.4469999790191639	61.0559998452663	70.32000009968878
10.30300009250641	63.73400002479546	65.55400028705598
3.2720001029968246	60.840000100135825	71.46200019359584
1.6099999952316277	60.30999995708465	94.8100001764297
3.7319999504089347	62.196000092625624	72.41800013542178
0.3500000953674322	63.64999952271582	95.44800000429147
1.1359999465942372	60.78999973341822	69.5260002565384
27.441000275611884	63.919999958276684	90.07000003814701
2.9679999542236293	59.610000012069925	61.53600005626672
0.8489999818801871	64.10399985790252	63.79800015926362
0.6109999752044686	70.1840001749992	65.28399990081783
3.4060000085830677	61.846000076532356	74.55400007054207
23.250999932289123	59.43600022703407	68.54800009250638
0.1200000238418578	59.712000236809224	70.9280002188683
3.906999931335447	59.99999997973444	65.6139998245239
0.6010001420974728	71.27600002914667	77.34800030708313
0.20700005531310903	61.63800008058544	70.32999987423423
3.0130000448226903	62.14399992227559	73.15600009441367
5.166000084877014	62.539999879598625	77.17799977302543
0.8090000438690189	61.64399991273883	71.56999989509572
0.8669999933242805	61.019999992847424	67.80000014305112
0.4530000257492057	63.4540000450611	69.0179999494552
9.277000041007996	60.481999964714056	73.86600013494488
2.2840000438690184	65.28600012540817	70.13000010848044
2.49499997615814	66.49199999332427	78.9479999828339
1.928999972343444	66.01999995991585	73.66400012210016
7.2849999475479095	70.07399984359745	74.91200043678282
1.7629998636245723	72.38199991583824	63.65200010299684
1.9939999961853023	56.104000081121896	84.62599998891355
1.5490000486373914	59.66000022500756	108.80199996560823
0.7219999361038197	68.19200001239774	78.61999974608415
0.9880000257492072	62.21399994984268	77.50200044780964
1.7779998636245706	61.434000152349476	69.45200008630759
0.46000006198882964	60.11199980735772	67.9959999275207
1.124000062942505	68.24400016903874	66.88200019836428
0.8989999818801885	67.7840002778172	65.80200001150374
-0.5539999866485591	75.71200004339214	78.99799987792966
2.6590000200271597	65.38400008320804	76.76999983787539
0.4460001420974739	70.69600008249284	75.67200019359588
1.6279999399185188	86.000000114739	75.89199986815449
0.9060000467300414	63.61800006002185	79.2639999198913
4.881999964714053	60.63799998566511	95.91600009918214
0.7160000848770137	88.68599984139219	66.08400007247926
2.2220000886917126	62.534000100195456	70.31800001919272
2.6049999761581413	63.43799999773495	66.63399993300432
0.08099999427795435	124.10600068807601	70.67000002384187
2.8059999418258683	61.77400022029878	97.17000035285957
1.3720000553131086	68.0039999270439	72.8439997471869
3.2719999551773067	69.79400012493122	71.81399997085326
2.1100000190734867	58.332000102996766	80.86400019645689
0.27400005817413203	64.25199992418285	127.64800005674365
7.940999984741218	60.85199995860464	66.65799990177152
0.9659999656677253	62.62799998223775	65.43000007748606
0.32100006103515544	63.031999937891904	68.04599986672395
0.9900000286102292	58.77399998903279	76.25399972200395
1.2979999113082885	67.06199978426099	70.01199997901922
1.413000040054322	60.82600002527239	87.3180000782012
1.7710000753402693	68.08400002241137	67.79000029563905
0.937000026702882	61.35800012826919	86.4640000987053
-0.2550000953674306	57.84799987792974	66.10800007343293
15.250999922752381	60.40000012338158	67.75400009632109
1.8619999885559066	67.99400007888674	66.7360000038147
-0.1499999809265135	61.117999938428405	79.3540002274513
1.135999970436096	60.302000168561925	69.31799994707106
0.18600008010864358	58.19000009179112	64.552000002861
0.5260000658035265	69.6700003784895	61.924000039100605
2.0820000648498524	65.19799987599251	81.52799984455098
0.5949999332427977	64.49600024223331	76.27199983119965
13.463999972343446	65.61200009897354	67.43599993139509
3.0849999475479137	65.31400012925266	66.75400007247919
3.82799994945526	71.27000027894978	66.53200003147126
0.8939999675750743	62.47599992632861	79.38200013771653
7.123000049591067	76.02000020295375	75.21599994897844
0.08400007724761964	65.0399997511506	66.26599995613104
0.39099993228912383	63.52799999475469	97.77400021791463
0.4409999275207506	73.03400006726386	70.24000034332273
1.3410000658035286	66.27200003951788	108.14799972891812
0.501999998092652	71.96000010505314	68.06399979591369
1.2110000991821295	64.70600011318922	89.17800007820124
-0.3089999389648432	63.342000082731225	71.30599965572364
1.1869999313354502	67.43199994564054	65.26400005340582
1.192999968528748	61.36800004482269	69.9040000471473
6.74599998474121	65.63400019645692	70.28400033652782
2.1979999732971187	62.83600016713138	73.57600026011465
-0.33700001239776717	61.64800010681148	120.24999976158138
1.0320000123977677	60.90199978113169	67.86200018078088
0.4500001144409166	84.21800019025802	65.89399999856946
12.859000091552728	66.20399991229175	70.5699998855591
3.708000092506408	59.097999882698055	76.40599995076666
3.6490000438690187	42.70799990594386	49.26999996572732
3.95400013923645	65.1059999489784	67.86400022029878
0.6799999952316284	63.19600012302399	73.52999996185301
13.49700000762939	68.60999991416936	71.37600006103519
0.32100000381469845	69.35600003838539	79.37999996230002
2.750999994277954	60.87800003439189	72.01799999952313
1.6730000162124634	64.88399973154067	68.99199994876979
35.522000031471265	58.535999829769125	97.85200035393244
23.12199991226195	59.23200012683869	72.777999920845
4.069999995231628	62.07600022435192	74.87400008678432
1.2209999561309814	60.563999957144276	78.23999982744459
1.2699999380111706	59.724000015854784	105.8140002845228
-0.47300004959106545	64.9319998499751	66.40199997961521
0.34800015926361155	63.60200009107588	75.48399996042248
39.817000041008015	65.2099999451637	70.10599994927647
8.485999908447255	72.60199971854689	72.29200007438654
2.2919999933242794	84.91000010013572	70.78999984741213
0.36399997711181775	68.26399999946356	66.55399986743925
0.05600004196166936	76.39200018763539	78.44800000309945
5.827000069618222	61.85600007489323	71.78400007247926
-0.38500001430511466	64.63399999141696	74.87000000834466
1.5469999980926505	59.94799992322918	71.23399997234338
0.8470000362396235	68.7699996727705	110.73000010922554
-0.6819999647140507	71.48600018143657	94.35800012946135
8.691000027656559	62.54799997687341	72.86399999380116
1.5849999904632581	58.36400003433225	79.22999987095592
5.449999952316282	68.6659998583793	72.18799962997431
0.21800003528594952	68.36200027018782	71.26799973726274
4.559999976158142	62.97600004673008	72.97199982166289
0.4109999847412108	59.26400011271236	69.74600003719337
1.9830000734329218	64.71599987268443	73.17600008487699
2.242000050544738	69.35199970364569	86.42799975559115
4.5860000038146955	89.86600000619887	127.15800074592235
5.158000040054322	80.35800018846992	68.0340000391006
0.8860000324249279	64.99400008618832	92.72800014734273
0.7439999914169311	59.291999920010575	70.26000006198876
0.7889999771118174	58.31999997138976	79.40399996280664
9.981000027656549	59.03599993467327	74.34599992752072
3.1150000810623157	65.5980001652241	70.06799980640415
0.008000006675719634	72.13799975723032	105.67399980902677
1.4170000553131115	67.68399994134904	79.95399962902064
3.8429999589920056	72.04799985125659	70.44800017952916
22.272999711036675	68.58400049984449	69.15000015974043
0.20399999141693229	57.34199999153612	68.69199992418288
0.7169999885559076	70.93200013399114	79.60600018262863
-0.13400000095367542	76.21400013923646	77.64199991032474
1.4970000457763686	66.55200008064507	66.20400010347366
2.9550000333786017	70.63599997639652	72.87000014781958
0.9500000190734869	62.816000021696105	67.95600000381462
0.3590000247955313	77.19199983477596	68.29200004488233
3.9109998416900646	59.874000059366274	69.96799983978273
1.190000023841857	73.9139998972416	70.92999976873392
23.665999994277954	58.80400007724763	66.612000041008
0.7300000810623157	66.53800009742382	68.89399987936015
0.9009998321533191	69.74799994379276	71.30600002288818
0.6900001382827747	61.793999869823416	111.12199940845369
0.6990000152587896	60.64800004839897	69.25999988317491
0.6150000333786012	61.24400003433229	76.07799981117252
2.9159999752044694	66.0980000209808	68.16399996519087
49.1069999027252	64.56000022411344	67.42999969959253
0.7919999933242791	74.77600017070775	72.92599993705748
1.4060000562667851	65.16199977040289	76.80199963092801
3.2210000085830686	64.96399988651272	70.50599996849904
18.551000165939346	63.81800024628638	71.0999999475479
4.671999983787536	76.89599979996676	67.76400023818013
16.37100013732911	59.12799988031388	101.97999955639236
60.363000044822655	63.40000000834468	82.6460002702475
0.15099998950958143	55.967999968975754	67.23799996852873
2.6979999876022345	61.07200014829633	68.1740000832081
0.08400005817413277	58.826000018119814	82.26600021719935
0.34000008106231766	54.9879999890923	75.72599982738495
-0.32199995517730734	58.1379999697208	71.8079998803139
1.2389999628067017	64.79200005650515	70.9819999122619
0.5979999208450307	64.06800006151201	80.93399988293643
2.7120001029968286	62.419999969005566	92.89799973011027
7.244999957084655	63.08599993169308	87.22800006106498
19.02300012111665	58.732000036239576	65.49600005149837
-0.04699989795684895	67.51600030541417	85.60199941396716
0.28700000762939337	64.98599997550247	81.85000008761882
1.5289999818801867	62.86199999809262	77.1959996905923
0.8699999952316296	87.78199991464619	126.76999939277773
-0.392999963760377	100.77799949213849	70.25800007343295
1.8680001449584964	66.79200006961821	93.54400017261514
64.03400024414063	66.61799974203112	68.09000002861019
10.570000052452096	70.67000026226043	74.95200018405913
5.801999931931499	64.3539999508858	70.03400014877323
1.1720000505447372	61.86800011873242	80.76399985551835
1.1940001535415652	61.90399996757508	80.99200014859441
1.564999999999999	69.43400014877322	65.39000005960466
1.0880000352859498	73.37999993264677	76.0039998054504
1.1899999284744258	78.36599994182585	67.24399997234342
1.8210001087188714	63.23199990510942	71.66399981021871
1.1819998979568482	57.96199991226193	71.33999991416924
2.223999934196471	61.500000026226004	74.92000007629396
0.133000016212463	68.39200007915494	71.28200017452238
2.6110000181198143	61.54400016188622	68.75799996376034
8.015000059604645	63.868000153899274	67.2240000802279
0.5299999856948847	66.85599993705746	71.29600021183488
24.068999857902515	63.990000106692236	69.39399990081786
6.481000032424926	63.59399985834957	71.54400020122522
2.433000035285949	60.755999726057055	91.38199990749361
0.7310000705718983	61.968000069856664	70.6259997987747
0.8750000762939466	67.08400009274482	73.90400000572203
2.0149999713897713	63.73600004196169	66.941999874115
2.127000055313107	65.37400019705291	67.81599999010562
3.453999881744385	66.71599983692175	94.91799965858465
1.0839999485015872	59.3760000824928	65.07399994373321
2.2190000295639027	62.414000215381364	77.05199991464623
1.0000000047683728	58.49399993896484	68.95200007021428
0.713999986648559	60.913999982178225	71.8840002775192
0.05600008964538529	60.15399995207789	71.79200022578237
0.32400004863739046	64.0100002717972	76.88000016689305
1.3449998950958224	61.69600004672998	76.92399987697598
0.8260000753402698	78.99399991750707	75.58000000715258
1.0089999961853033	61.81399988174435	64.86999990075824
3.8379999113082914	68.37999994277949	76.84799987316131
6.692000045776364	62.41600007414819	68.65199984192841
0.9920000839233384	64.20599987983702	74.98800036907197
1.3870000267028795	63.809999951124205	83.7660000419617
4.191000103950497	75.76599984884264	72.13600005567075
1.8139999866485594	58.60000000238424	70.25000011920926
-0.09999998569488566	66.11599989011886	94.7259998321534
0.9040000104904182	85.63200012251743	86.5299995160103
0.9069998264312739	61.92799993038175	67.16200000286105
0.55200006008148	61.8840001821518	63.54599997997284
4.9259999799728345	63.25600000768904	80.58399986982346
2.06699990749359	58.37599994242194	78.95399980425826
1.5979999256134039	63.58799968391657	76.90399982690805
4.445999979972836	64.7340000939369	68.42200012385847
11.097000041007998	57.299999890327435	71.21999975919718
0.8240000057220466	65.19999999523166	66.2380000686646
31.349000105857847	139.24999966800186	79.06800000846384
0.6239999580383314	86.82599989086383	78.21199976921083
1.5170000600814804	63.94999978303909	74.87999998569484
3.1439999675750747	59.982000272274036	72.14000006675722
0.5750000524520863	59.61999999240046	65.02600025653834
-0.6749998903274543	59.78200020790102	68.52400005295874
12.877000098228452	73.09400012731552	69.96799992203714
1.7759999895095833	124.41999950185419	79.09599983215334
20.41999999046326	61.96799996614456	68.81399975299834
1.6950000286102307	57.862000259161015	71.98799991697071
17.119999899864176	62.30200007438661	76.30999997138974
0.32799993515014614	60.65799979329109	68.84999985575678
-0.6109999990463246	58.60000002443787	67.48400026202204
7.946000108718872	60.24400007605555	69.13800008773799
0.9509998750686643	57.96199996232987	81.15600017398603
5.386000075340272	71.33799956321721	76.73599989980458
10.959000177383425	60.49999999344348	71.80800025701522
1.1210000085830696	74.92800029516211	81.23800017893316
0.926999988555907	59.29199972391133	80.50400030374526
3.4449998998641993	56.411999825239164	75.3060001286863
-0.24999995231628436	60.532000107765235	81.93199987024076
0.7560000228881845	63.512000043392185	67.66599997520446
0.7280000495910647	60.58000005394224	72.84200017094606
4.531999874114991	61.56599996089933	75.11199988365176
-0.25399998188018846	57.40599977254866	61.82199995040895
0.8489999723434438	65.25799993515014	65.3479999613762
10.643000044822687	80.79400037676098	69.37600016593935
0.3479999399185169	59.333999988138665	61.66400009155274
2.0169999599456783	60.282000124454534	66.45799974441532
0.4389999628067024	60.46600010961298	69.2079998636246
15.333999981880188	61.44400001287457	69.106000122875
8.458999867439271	61.31200014829636	107.51600054025653
4.0600000000000005	79.51799992322918	227.25199945524318
6.096000037193301	65.98199995040892	70.72399993896478
-0.4420000219345095	69.5559998488426	61.18000005960459
1.6330000209808366	70.2740001773834	84.75800008296966
0.990999970436095	60.413999891281115	67.13800000190732
14.356999959945677	65.86599986359475	75.52600018024447
0.6210000562667854	62.11999987661838	84.12000011891121
2.518000016212466	62.26799999713901	75.82199995517732
73.83599978446965	61.34200006961819	71.95999992653726
4.126000008583065	68.04600033283232	70.14600020885467
3.5489999723434438	85.67999987721447	68.46799972057335
0.28499986648559433	60.957999858856205	70.22400045931334
2.5089999961853025	73.61000018119813	62.91600000798703
1.0329999828338632	59.08000004366042	71.6560000514984
4.591999969482426	73.16799996972081	81.01799995422368
1.6870000267028815	71.22800024032588	65.29400013446806
0.37299998760223474	73.52600004673006	79.62200026988978
6.411000118255613	64.67399996086958	87.09800011157985
-0.6560000085830685	62.80000000000001	66.45799995422364
6.596000065803536	67.8220001268387	70.50599993705745
3.572999963760377	73.35400040507317	68.17399997472764
0.8819999456405646	73.45199985265737	96.0440000057221
1.0429999256134033	61.176000150442164	76.70999963596459
3.123999998569489	61.93000019311901	70.95400010108939
7.051999945640564	56.68400012806062	69.39599996209144
1.023999977111818	66.49600018709896	72.74600000381471
5.426000013351439	71.469999704808	68.45600002169614
-0.640999999046326	58.122000252008355	77.6639997076988
3.144999933242797	64.30200000762932	71.34600005343562
4.079999990463255	66.97599980354308	74.32199989795681
-0.4690000057220444	58.41999997019768	74.9079999695719
3.5759999752044664	68.0279999107122	73.20600008249282
18.485999813079832	89.95799943208698	71.22800002574924
5.228999876976012	79.45800019741057	94.09399989336721
1.1340000009536741	62.921999990940066	66.03400010347366
1.3589999532699581	76.68799997806546	74.48800017356872
4.05699996471405	62.43000027656551	72.20799986839296
1.5709999561309795	61.678000020980825	68.39999994277959
4.275000066757204	57.56199996232984	66.17999989986414
2.4599999380111677	73.41599997878076	66.21599978029728
6.190000042915341	65.64000015616415	70.00799990177157
13.574999933242792	55.710000028610224	66.60399972796439
2.891000113487242	70.69999986484649	64.66600002288817
0.5520000600814816	68.92800007224086	73.52200019061567
4.17699999332428	61.3360002374649	68.5379998874664
1.0659999990463267	62.99799988269809	68.50199989080431
3.802999906539914	61.09399995237594	68.78399999141695
1.0369999885559098	80.41599990010256	80.33800014495846
0.9969999647140508	82.99000005126003	116.13400029420848
1.904999995231627	64.78200010657304	66.65999995470041
1.9969999837875352	68.96599993824957	78.52200003266333
1.1919999599456788	66.0180001056194	97.89999997824437
0.5400001192092897	63.76400002002715	68.36200008690349
3.5139999198913556	94.71999997138978	70.04800006866456
0.8640000677108777	63.364000163078316	93.1660001444817
1.4220000743865966	64.84999998211855	74.74600016593921
0.9119999742507935	78.4079996661842	102.025999650359
0.8069999456405631	68.83999986410137	122.8400008638203
0.598000130653382	157.91599883258323	78.5859999155998
0.328000044822692	65.27800004005428	71.69200016975414
7.5210000705719	64.60000008851287	73.89799978256227
2.117000012397765	75.2819998562336	69.81399994373328
-0.18899998188018746	70.39999994754781	61.25599989891049
1.359000096321107	58.550000056028345	77.19200007960201
1.207999973297119	60.15799983620642	75.86000014305118
4.120999989509582	62.65199985727664	84.81400005817406
6.524999957084658	71.70200022250413	77.62799981594083
4.687000055313114	63.03000006109474	69.39600009441374
6.885999960899353	81.95400036305185	87.53600025802866
10.998000040054315	61.786000002622515	68.33400022983547
3.5349999666213994	75.82799976259474	82.34600000381461
1.6979999351501458	65.65199989914896	67.18800013780593
3.7569999456405667	77.98799993753435	73.36200019359586
1.3070000171661378	58.792000055313096	73.08800018936395
1.9929999494552615	62.926000163555116	69.14000009536743
0.47699991703033434	70.85999970555304	81.11199994474656
3.7110001134872435	78.87200015127657	67.39000008642668
0.877999992370606	59.718000113367985	102.86199999213221
8.461999850273132	68.30599994063373	104.79199987888335
0.022000122070311094	58.331999934613705	103.70999953031539
19.728999896049487	99.53200078696021	68.40600006580352
115.20599957942969	66.10600000947709	71.3139998579025
0.9769999933242787	60.61199990510942	70.65600008010864
3.0890000486373888	70.67599995881325	84.32799965217703
1.7409999275207528	64.01000005006793	66.30000010848042
9.817999930381767	68.93799990773192	66.6019999456405
1.5710000801086415	59.49599992662667	74.84599980950357
192.37499863624578	67.9460001087189	96.64999988466501
8.923000011444092	62.652000063657745	69.17200014948838
12.36299978733063	66.61400001764292	75.1239997673034
2.431000003814699	59.80000006020071	78.94200005054466
12.463999910354616	61.59800000250332	65.28400002956387
0.4580000686645498	64.24800021052363	98.23000008940697
0.866999993324281	62.386000018119795	69.00000019192697
7.164999957084654	66.34599998950961	70.47399995803836
1.5999999332427972	61.73599996089934	67.9739999651909
0.8009999561309822	67.50200021386145	63.27799994945526
0.8240000247955322	66.31199990987778	83.51999978303915
5.07399984836578	69.6879994907975	67.1939999103546
6.4430001401901205	76.61399973869322	96.12199995711451
0.154999961853027	61.85199991703035	71.4039999914169
77.37599892184139	85.91399949014193	68.56600002288828
2.6479999017715454	82.03600007951256	70.78000005245201
1.290999946594238	72.82400002807378	70.16199985027312
2.230999908447267	77.14400019168848	75.69600011348723
1.059999938011168	76.06199997454884	74.42400008678435
4.78300008773804	56.720000105500176	69.49400007247925
0.20100003719329712	68.31200013309716	91.1980001068115
5.871999945640564	76.58999998331066	89.19199997425079
0.7959999752044675	59.61399985313415	84.41200001955039
2.5500000572204597	66.00599992290132	69.67399974822997
13.747999973297116	93.18999968886386	107.33599989742041
2.119999942779541	59.23199997901916	72.19600018501285
1.1710000276565555	106.30000057503578	67.08000012516973
1.0450000476837167	76.27800014823681	72.0940000104904
59.978999557495115	58.54999997183679	74.49999980449671
1.123000016212464	64.11199980378147	77.53800005555155
-0.527999958992006	60.023999807387575	75.76800024628635
0.45700002193450884	66.349999909401	68.98200001955026
43.34799992084504	63.044000004976986	71.37600001335151
12.097999982833853	57.399999871253925	85.24399984359738
0.2929999065399172	62.40600014299153	75.91799991607665
4.827999958992009	78.36200033664694	66.75000001430513
-0.7999999713897693	57.61399992167951	66.9039999270439
0.9280000305175772	67.5679999876022	77.2320001935959
22.557999968528748	123.9740003079177	83.98799997955555
0.7200000953674317	78.88199973702434	63.933999947309474
6.307000045776365	95.16999998688702	74.66600002288818
2.126999979019165	67.06399985551836	72.16000023841858
1.33100001335144	64.84799990057947	70.64599990367884
4.388999910354614	62.2040000581741	87.40999980419876
-0.4890000200271604	60.33200016498564	68.20600021362308
0.8319999980926511	64.30600000187755	97.33200002670281
0.5229999637603767	64.61000002145765	67.95600004196159
4.266999988555906	65.68400012344121	71.37800013780594
11.362999958992008	61.75400014474992	71.54800002485513
0.3599999475479131	70.28600013017653	70.85600014686582
5.6930001020431495	75.52200015664091	73.94199983596799
0.1360001659393303	78.12999990314243	101.33399970918907
1.4270000600814805	63.671999820768804	103.09399955391883
0.7769999694824218	63.35200020074843	76.91400013446805
0.6600000762939459	62.14999995470046	72.13000010013579
0.405000047683715	70.20800000891096	67.28399992465967
10.258000054359439	88.07400009751314	74.27999989986417
-0.2419999170303349	56.771999695301005	68.42599992752069
5.894999961853025	59.3960000157356	67.51400003910064
0.8680000925064092	68.83399976730344	64.43200001478192
0.4519999217987064	61.97400014162059	69.05799993991853
-0.16000000476837167	64.4619999814033	72.41399986505509
6.277000112533569	64.49399979263542	74.17599998474115
2.7769999647140504	63.577999822497404	67.07400005340583
26.575000324249263	62.462000193595905	66.44800005912779
1.673000016212463	67.46400001406668	114.4259997093677
1.0490000009536753	65.70599977821114	76.8699999958277
1.796000061035156	62.881999987363734	66.95799993753434
0.289999990463256	61.562000156641	90.68800020009276
-0.26799992561340263	68.28400029659272	73.84800036013124
2.641000051498416	62.325999878644886	72.30000014781956
1.225999979972839	68.91799999758595	89.74000057578097
1.3419999694824232	64.32799998283384	68.63199979305273
1.2010000610351568	71.0839999192954	73.36400002241129
-0.05700006961822557	64.55600016117094	65.80200009226795
0.7910000467300411	65.52799995541568	66.52600005626677
19.817999720573432	72.00399995803832	71.42600026130671
1.613999996185302	72.764000222683	69.42600016355517
8.870000071525569	106.00199928566819	69.61800022125243
61.281999697685215	74.48000023603434	70.65400014340875
2.79200007915497	66.79000043705106	68.14799990415574
10.202000031471256	62.96999980643394	68.82000000000002
1.5240000200271617	71.87999983429903	88.06999998062852
29.10399994850159	65.81199995949862	64.26599998950957
0.14400013446807755	58.92400010824205	83.86400032922627
1.186999993324281	65.67599997520452	96.74799959659579
-0.11400002002716132	65.94200023412706	69.71600025892258
-0.1269999837875372	61.787999837398495	73.19200008392343
0.6449999713897716	66.24000022366646	66.76400001287456
1.7900000858306886	84.70200010299669	72.71199992656713
0.7859999847412112	60.0059997797012	91.22599978730076
1.0320000219345085	66.30600016713136	74.3380001592636
0.43700004577636853	61.24199986815458	66.30199998378752
7.577000112533567	60.558000097274764	70.76199997246275
3.160999965667722	60.74399992406371	71.77200007289652
5.61400003910065	57.67799981877204	88.01399994373325
4.612000017166141	69.2839999198914	69.24399984359748
1.155999994277954	66.39399988651273	69.20800002574919
2.3940000295639035	67.18000008583064	71.72999970436092
0.6939999866485592	64.16399993777272	93.524000146389
2.0420000219345105	62.74999997884038	71.69200013324608
7.009999976158139	62.85000020891427	68.66799989700316
5.761999974250795	74.81000013947494	65.38200011089438
0.3020000982284559	56.88999995440248	70.27999990463256
2.1090001487731946	60.00000009775163	65.62400012448427
0.43299992084503297	66.98799983710056	64.82599993228915
39.33799973487853	58.2699999141693	76.44599977016442
0.5959999370574947	67.78999983549114	93.36799972414967
2.102000083923341	67.22399999141685	65.76000036239624
7.591000132560728	60.45199983835221	72.02599992424254
0.5690000629425036	64.69599991798397	94.98999983191487
0.6779999494552617	66.51200000882147	65.58800012350082
14.016999969482432	61.93799982145425	70.62600011348725
1.1989999341964723	83.37200022846464	74.54800004839889
1.0070000410079964	68.26000018417827	67.1020000314712
12.598000183105464	70.87600011348724	74.13800027847286
-0.3789999675750735	68.44599992230532	65.10800013661391
0.9460000705718993	71.36000037074089	79.65399963527916
10.368000035285947	64.52999981164928	84.13600011587148
2.848000135421752	83.9900001811981	66.88399998843664
2.103999972343446	57.50999995529647	110.60000006124369
4.748000040054322	64.24599999308585	76.86599996224058
0.581000132560729	65.35199991583823	78.10800016880034
0.24400005340576236	60.404000172615035	65.31400006055833
5.259999971389768	57.24000004053115	83.900000038147
175.16099898815142	60.04400007247921	65.07599993228906
4.744999976158142	62.824000107794966	73.69599978953606
0.8979999876022325	58.85400000691412	69.15399985313421
0.9090001010894785	63.828000050783075	66.8959999370575
1.527000012397766	61.79800016403191	73.66599983215333
6.840000061988835	67.96399998664859	74.48000015020374
1.3460000467300424	63.38400020241737	72.64399979591369
0.9500000572204589	65.37799969077108	70.86999999999996
1.1969999456405647	59.884000024795554	72.93399996757505
0.6799998998641976	62.55799982786181	72.19800008535395
0.9710000085830678	62.52799997135994	67.08599989891053
6.16899999141693	65.14000020027163	80.98999948978425
0.8790001583099372	63.1440000271797	78.62200001716617
1.8459999322891243	60.33200013160702	63.98200007915494
1.2680000352859484	72.12800014972682	78.41000002622607
-0.9120000505447385	59.357999881804005	66.42399984598156
2.394000072479247	68.3000001370906	86.20999993517987
2.396000022888181	59.631999746561	77.3920004229248
0.12900003910064567	62.91200007438657	67.44199973583216
0.8810000944137577	66.6019999349117	68.07800024747844
2.0010000467300415	76.11199980407955	77.3879999303818
2.7000000381469733	76.87000024139888	77.56200021564963
7.651000108718874	64.7660000371933	69.5619998621941
3.7960000038146973	62.99200022935866	66.53800013542173
0.9759999322891223	70.39800039529807	94.965999865532
-0.007999973297118988	59.28399997234344	75.68000020265576
2.5379999399185182	59.13200014233591	74.02600008010873
2.7890000391006473	69.53800022363653	74.58399982452399
1.8139999818801882	67.2299997329712	82.20399977207184
0.9540000534057613	58.601999981403296	65.14599981307985
2.2560000658035273	59.64600005626683	69.69000013351436
15.327000169754038	70.34399991154669	66.71000011920927
0.9770000696182263	67.45200024127959	79.57200037479397
2.2040000677108766	66.43599976211789	66.37200003623956
1.331000027656554	71.382000414133	73.07600006014108
1.189999952316284	93.04400012969974	84.82000020027162
55.286999983787524	74.09199983417983	79.12599998474113
4.191999964714051	63.51599997237325	66.69800008341664
2.171999921798709	59.52400006771086	69.7119999790192
0.6479999637603752	77.50799953535201	70.67800006031996
10.852000026702887	63.30199992656706	68.59599998980761
15.59200008392334	71.27600010067228	83.70799977540962
1.0790000247955331	65.03399990081783	68.31199991226191
0.06599990367889501	76.32799982950094	75.18000019997352
0.105000033378602	57.77799993127581	67.96400004148488
2.793000020980838	87.94400042131538	74.47399999618527
65.48799977302546	61.23799994856118	74.04800003647797
-0.07399994850158668	65.11399987518787	95.0720001584292
-0.6650000190734858	59.99600004613401	69.92000017166134
-0.037000012397766124	65.49600002378224	64.5040000104904
4.152000102996828	67.36399982511995	81.58200060844416
4.851000003814695	68.01000008106224	71.80000007629401
3.9710000371932974	59.31200006008149	71.14000014662743
2.396999959945679	85.46000023528941	74.35200016498563
-0.36700006008148145	59.066000029444716	71.97200009465223
1.2990000772476207	63.925999984741225	77.75600005358451
32.72700013637541	64.63000008940696	85.46600003108372
0.10799987316131666	60.38200003311039	74.19199986845256
0.4060000705718998	59.57599982261657	73.1240003061294
1.136000070571899	58.858000176548906	73.45399991035463
2.827000069618222	62.55199998900289	70.2280001449584
4.891000080108641	79.65600031182176	69.31800015091895
0.13700009346008224	64.35200026035308	85.79799998551599
0.4979999256134037	67.37000006914143	67.8360000181198
3.0489999961853007	62.40999994039534	65.23200006604192
0.9339999771118179	69.51199993640182	81.01800026565782
0.417999963760376	92.02400007188315	69.99799997627731
3.3420000219345085	81.85599987030032	106.12399978309871
33.1389999294281	76.80600003719336	134.7200006227195
3.744000034332279	71.8040000189841	74.04599969506259
0.13399996280670165	64.74399978518487	75.4099997797609
49.638999667167695	64.11200004458422	71.55000008702281
1.0730000305175775	61.96799985885621	84.1600002110005
3.9239999580383307	65.351999989748	68.9180000877381
4.841999993324279	61.110000015497214	67.06799986600869
1.7119999551773073	68.8000000460446	71.4419999706745
2.2809999990463248	63.26199986651539	89.74400017738347
-0.28400000572204465	58.592000122070345	64.15999999999997
0.8250000047683709	61.85799985334273	86.19200002580872
0.31300003528595055	56.00399993374941	69.36599995374677
-0.11300010681152334	83.25799957513807	71.01600007772448
9.904000120162962	63.304000035524325	75.61999980330457
16.09400014400482	81.14799992412325	66.69800014659756
8.58499992847442	65.69199999332429	66.96199997901911
2.563999962806701	63.86399992421264	70.55199986040589
0.9860000038146962	61.746000235676796	69.5519995355606
1.6470000076293931	60.54400023221965	78.71400017768146
1.110999979972839	69.87000012457376	68.25000004053116
7.260000085830688	68.5620000755787	78.91400034308438
0.6789999485015866	60.18000003337863	94.71399988234054
0.5350000905990587	61.38200009226796	69.45800031900409
6.46499998092651	62.379999945312726	70.2839996051788
0.9229999780654914	63.00999988675118	76.1200002174079
0.7479999685287485	61.84799999594683	91.96199978351594
24.988000159263606	84.47200024127947	92.92200050830847
5.974000029563906	68.12599972307686	73.1919999742508
-0.10799999237060602	62.119999922513955	74.21200014829641
2.3069999790191646	82.7920002815127	67.87400004386902
0.2649999666213998	60.89800010442734	73.92800004005436
1.203999996185304	62.46799988985062	115.04799970149996
0.805999970436097	60.414000147581135	71.07600021123883
0.09500004291534532	65.65399977207183	88.66400003910054
0.39600009441375816	63.84599997520452	74.76200024008756
1.0189999914169305	65.32800002574923	98.79000010371213
1.3860000658035287	53.057999961972236	69.46000010699024
18.310999841690066	66.47999995470045	71.12600018739698
-0.019000072479247267	66.26200008869169	82.24400029420843
4.087000031471254	61.75000013560059	69.18599998950944
0.8730000257492059	64.32200012445446	67.94399997055521
0.4580000066757201	60.387999977171404	75.2960001802444
4.39100004196167	63.30800014019013	69.67600012987853
0.42800002574920754	63.129999823570245	76.83000025272372
0.7350000905990594	62.92399986267091	75.08999996274707
2.208000016212465	67.90800006464129	68.21999979019165
11.632999987602231	66.97799990653994	69.26800007820128
8.154999985694875	64.26800001382826	69.662000156641
3.7090000009536763	59.490000063180894	70.17799995422364
1.2590000009536753	66.73000008940699	76.48799986839292
2.2960000610351585	60.00600001215933	72.94999999523164
0.8989999103546136	67.08799990832802	75.3040000128746
2.690999941825865	71.42999981641776	75.7700000834464
3.120999994277954	67.48199986219407	69.82800006151197
0.6900000143051152	63.8439998631179	66.51400008678436
3.207999925613403	126.89000076085335	69.78200011193752
109.4899996948242	66.00199983060362	109.80199998810886
6.1919999170303335	59.111999925374995	74.76200003147117
0.531999983787536	68.56000023961064	71.46200006246566
17.890000100135786	61.972000105679044	98.68800039961944
0.16699991226196398	62.80600005626683	77.68199982643132
3.8980001831054683	55.6340000414848	70.1380000209808
25.050000147819535	61.96400007545948	73.62200016617773
12.66999989032745	66.25200010418895	68.99199987173081
2.9589999866485575	67.28600009441365	76.8579999303818
0.3389999485015879	57.83599978089333	71.80199995517731
1.5880000019073492	66.39800015211108	77.10999993175268
10.035999951362607	59.54399992153051	86.45000025093564
2.430000081062319	64.16800010204311	70.52799984693529
1.6340000391006462	77.38200004100798	94.52399989992381
1.7209999036788928	59.82000015735624	87.06400001481171
0.5190000200271616	64.27400000691412	68.29199999138709
5.6450001096725515	75.40600002124901	67.5719997215271
1.411000046730041	137.37200005501487	162.68000024318695
2.705000023841858	77.13600018382067	66.58399989128114
0.7559999608993528	63.81800008058543	72.99200003862377
9.37999995231629	59.220000276565514	68.85400012493136
0.324999933242798	79.80400028228765	89.6159998100997
2.890999937057494	59.261999959051586	69.88599999129775
1.3090002155303966	57.248000056743635	65.16399994850164
1.2640000295639047	60.0060001564026	84.14600007176409
0.835000009536742	61.90000000953676	69.35800004765386
1.5219999551773071	71.26799997568129	82.91600004732615
1.4540000295639048	67.60600028783081	72.15800035476687
2.2670000791549687	68.74600000202653	66.46800017356877
6.186999969482424	60.29400007367131	65.22799983024598
2.361999940872194	59.004000163078274	98.5439998555183
2.4649999666214004	73.89600025534624	69.61599988341332
0.5410000610351556	68.01599996328355	77.92000017166133
0.8329999828338628	117.62000006943943	68.86600015163421
1.206000027656555	69.16999958217141	71.83800013542172
1.2490000247955315	63.94600004673003	78.72799990177153
1.270999994277953	67.17199997752903	66.7020001411438
17.315999922752372	137.58999955862757	75.99600001245736
0.3570000743865974	57.369999985694925	76.49400027185678
-0.8310000324249277	60.51800001770253	69.96399985790251
0.8650000429153438	65.18400002241133	89.0440001761913
1.302999849319457	68.3620003151894	68.11600005149845
18.32299983739853	61.31600009918215	67.19600008010863
2.232000007629393	68.57999997243279	77.66200046420101
-0.09300003528594968	57.98799998223776	111.68199969649301
0.2319998979568474	64.07400020316241	71.18800011634835
0.7120001173019421	64.86399995088574	70.2000001358986
1.062999968528747	67.93800007730724	68.93200014352801
2.817000002861024	61.35000009953985	67.74599982976909
0.610999946594237	113.97799962997443	80.17000000834462
1.8309999847412106	79.09999997377392	64.88800006151196
0.2579998970031727	74.18000017449255	89.89400006413447
0.8190000295639029	60.72199995681639	70.80999978542336
1.4700000143051142	61.9920000076294	77.4440000903606
1.4550000047683707	63.32800012156368	69.02600024223322
0.3450000905990603	66.46199992299077	69.29199975013736
9.282000060081478	63.44200019180771	65.18400001525877
7.356000075340272	58.71399989604949	72.99799994468692
-0.48499996185302746	62.927999997138954	70.98400013446806
1.4940000391006472	61.19800019264217	72.5480001401901
8.808000078201298	60.681999971866574	67.22800001859666
3.299000010490415	61.41999999999996	89.34399976849548
3.7199999809265134	68.58399966239924	70.96199990987775
24.686000123023984	65.04799993038175	93.5319996976853
26.36299988269806	60.386000093221675	66.0280001187324
1.898000044822692	62.0400001116097	66.43199980616565
-0.07700003147125276	62.82799995899202	72.62199998378752
2.255000009536744	59.36000014245504	66.19199992179868
5.192000026702881	63.85000007152554	79.58599988937381
8.532000079154976	69.65000024080274	74.31799983829258
6.31599996566772	62.04599982321263	70.80600015357139
1.0349999427795404	61.34400000572204	79.95799973011016
1.3470001697540277	62.52999988272779	69.77000015735631
0.5599999809265129	62.52399982914325	73.2359998351335
-0.08499993801116919	69.49000036358834	70.48599993467329
0.9190000391006482	59.977999929189714	83.16200021266947
11.048999981880188	58.42799978017807	67.65400011599058
6.538000068664553	66.13199999213217	64.70399998188016
15.802999944686889	89.5920003339648	71.23400001049039
0.39700001716613664	65.97400019168855	70.05199984371653
1.0500000286102285	64.51999996423716	70.8560000467301
0.7989999341964721	63.18600007295602	124.1580004385114
-0.5420000553131091	72.64999973058694	136.56999928891653
3.5750000047683717	69.40599997043606	103.0100006470085
4.036000018119813	64.21600010395045	71.52799989700314
2.7170000648498513	63.30200005292889	69.1740000486374
2.5360000514984122	61.005999839901904	80.04799976348872
0.7360000181198127	62.29200000524519	64.05600008368496
2.6959999895095823	63.09600007206201	72.41799979597333
17.18100021362304	65.45599988639357	69.83000017523764
0.22200004577636842	62.46800014197828	70.64599992752079
-0.01999995231628462	72.58000026419761	71.74599976062777
1.037999944686891	84.62800013229243	72.62599993497132
12.197999997138979	58.809999931305626	74.6020002898575
1.3340000820159927	78.44399969846013	78.13599954962734
1.630000109672546	100.19600025847555	71.52999994754792
0.02899996280670102	61.729999852180484	72.65999991893773
27.860000076293943	66.67599997639655	68.08800013065334
3.3289999532699586	59.722000034004424	78.54600025415412
0.0389999914169321	61.9520000398159	64.2200000119209
0.5060000610351552	65.62199950933453	72.59399994969365
4.850000004768369	66.7480001783371	69.89999998524785
-0.2539999818801888	67.04800001859667	76.7100000286102
2.06099998474121	62.644000209122886	74.56000024914742
2.1570000696182254	59.2499998906255	88.4640002262592
2.008999962806701	69.70600009366873	80.13599997997287
1.4550001096725464	93.0159996795656	76.22999996185303
0.7070001268386842	60.836000145673744	68.68400005817409
3.34800000667572	64.91800008773805	70.78199998855592
7.237999987602237	57.587999852895756	75.0520000213385
12.109000086784361	61.679999825954454	65.90399991989132
11.564999828338625	57.03400004863739	72.03600016593926
0.942000007629394	59.31600009441379	89.51199999168514
12.641999955177301	65.11399998188018	71.69600000143056
0.342999992370606	57.90800007998939	70.2779998660088
0.809000039100646	67.51799997210507	70.70200000286096
1.1530000686645507	65.52399999141691	70.71399995565409
-0.5580000209808339	73.79600007742646	65.10999987602231
1.0420000648498546	63.658000283241265	74.78199980020518
2.924000091552736	79.45599987268446	109.11799974352127
4.947000012397764	64.2460000091791	67.81999997615812
-0.06199994087219346	67.42200010776509	74.35999994501472
0.41400006771087744	59.9040000152588	64.13200012207032
1.2349999618530294	124.21599983260037	69.60399987816804
2.1940000295639024	62.01600017309188	67.18000005483627
1.3689999675750735	60.39400005429981	96.85800000905992
-1.0750000047683697	66.50399993896487	69.95200002193451
10.464999847412104	63.83799990892417	100.09000044047838
0.4430000257492052	83.81600019901995	90.1200004279614
1.6639999580383296	60.93400004386903	67.8679998421669
1.388000016212462	70.82400017261502	78.62000010490418
0.4160001182556163	64.80199997186665	72.2360002493859
0.1319999217987062	65.34999991178509	78.09199975490569
-0.09200006484985476	61.13199993997812	70.6520003080368
4.688999943733221	75.3500001049041	68.8240001821518
-0.2309999561309818	62.22000005722043	69.57599981307982
1.009000010490418	67.68000009894367	67.6600000572205
3.5719999885559073	69.71400009632109	70.15000016212461
-0.641000037193299	69.95000022411344	69.8879999694228
2.388000040054322	60.14000014185903	66.2120000648498
0.3549999618530261	64.45799981951711	68.78600002288817
1.330000009536743	63.549999847412025	73.7499996978044
5.449000010490417	60.039999914169286	68.89599989414208
0.9709999513626094	65.63799998670812	71.68400002717976
3.0389999485015866	65.96399985134599	95.78599972069262
14.483999972343444	60.515999926328654	64.47000004053118
0.7860000181198117	73.59000012874611	66.58999971151349
1.0590000057220477	71.40600005984308	64.97799976304181
0.8970000934600815	63.23200000047684	69.43199990540745
4.917000064849854	60.649999863654415	78.14400016590956
2.1170000123977655	62.67399981260301	69.80399997711176
4.502999997138978	87.4659998226166	203.34600003033842
0.5859999990463244	83.88999998643999	109.07200083434599
0.598000059127807	64.35200004339217	70.34400001287462
16.02600003719329	65.92600040316582	74.79200015068054
16.09300011634826	72.61399980783466	66.01599995374679
16.19100013256072	80.98399976134291	71.58400018930435
1.613000020980834	80.69999985933296	71.96800001502042
14.255999860763547	59.661999826431256	71.70800020962952
7.558000054359437	81.68199976980672	68.78000005200514
0.5359999942779538	60.311999881267525	78.8360002040863
0.9970000314712512	66.6879999709129	67.10800010770556
-0.26500001907348525	60.74199993848797	66.12599992752074
6.3420000696182255	61.25800003528588	68.50200022220608
0.25900010108947724	82.07399987697598	73.7059998464584
0.9060000276565554	66.073999966383	70.6959998595715
0.14900007724761918	61.256000037193324	69.10399994134909
5.4840000057220495	69.61400033950808	69.23399984717368
2.236999955177307	79.96199954152104	73.27200016975398
3.133999938964844	68.2560001277923	70.95199976921076
3.1219999313354494	71.66800013035532	71.08400013566015
1.3660000085830697	58.83400017783044	76.18200026988985
2.1740000009536726	60.56199999809266	82.510000038147
3.4310000181198115	63.10200008153915	84.69799988552927
