164.13999881744397
264.6779996931552
441.96799510955833
168.62399951457974
448.4279957151416
17.490000047683708
150.17800116538996
293.15999837875376
404.555996201038
389.0939956665041
275.0299975681301
50.313999671936024
4.957999916076663
570.9619944953911
31.896000051498397
38.122000002861014
29.25999969482423
12.253999996185296
20.26599975347519
17.400000009536743
165.92399952769276
73.94800018310555
24.83799991607668
11.047999978065478
226.069997807741
101.83400032997133
3.552000064849855
18.354000217914553
81.53400009632117
10.757999858856204
340.61999733924864
95.79199999809268
13.487999911308298
40.93800020396715
3.0199999523162835
61.58600013732907
262.1799978065492
8.686000108718872
114.81199995994565
12.818000173568738
22.6820004053414
97.84000046730041
36.76400040864954
168.96599994182588
616.3559943103778
6.3619999408721934
60.97599965095518
212.16599979400632
169.0619991111754
108.83199973106382
281.46399940490727
30.712000026702878
233.7879996585846
234.05599919319164
344.87799704551713
34.67800053894524
26.91399984031916
24.73400039985776
15.753999824523927
49.931999893188475
37.02600041389462
54.03799993515013
5.701999874114992
135.72600069046035
286.0159977102278
25.33200017929078
40.96200007438661
10.157999963760382
181.51799999237065
126.53199995040885
50.209999704360946
34.74800025939943
71.8059992027283
15.292000179290772
72.68800016880034
60.650000400543206
244.081997976303
48.931999778747574
125.20000001907347
49.22200001716614
106.5279992771148
-30.836000146865857
92.67199981212616
314.3239971685411
302.9899973678591
21.156000156402595
12.52999999046325
0.4000000762939448
8.535999898910532
49.666000032424925
29.983999943733227
210.8839993476868
2.4880000495910632
37.888000006675725
206.2519980594516
75.60599951744082
36.53400006294252
181.8679995441438
423.9739959049221
200.88799919605262
120.54000047683718
24.305999746322627
213.90199977785335
29.565999875068666
107.28999999046327
423.1019968080522
137.0959999573229
420.7279959583283
23.80200014114379
162.10999967575074
3.9440001296997083
28.302000074386616
17.83199995994568
59.57199967384339
25.65799994468689
311.0839977335928
168.89399959087373
77.4579992961883
337.16399749755897
2.8960000038146974
47.111999578475974
1.2779999351501485
364.9659966564174
54.17800016880039
24.981999921798717
118.29800028324125
216.41999908447272
32.48200010299681
57.44199966430665
-4.727999973297116
6.945999860763546
90.59599998474124
79.85600048065186
136.41799951553352
15.62200002670288
5.6240000534057595
356.98799643516514
6.002000045776362
157.81599945068373
201.1819994735719
295.89199794769297
269.3279983502624
262.56599773406975
28.65000008583069
161.4419999885559
17.88799987792969
71.80599958419795
6.535999975204464
67.00799974441536
-0.645999860763551
129.20400079488752
3.9080000305175813
13.56400020599365
14.755999937057513
64.89399971961974
29.25800012588501
217.65600014925008
124.96999898910514
248.1079974555969
36.96599975585937
26.186000232696546
71.03599989891053
100.92000009059902
57.08400043487551
28.2200001692772
118.02400041103361
400.4839954984188
139.63999962806702
28.227999670207492
105.17799992561349
110.37200140953063
10.491999855041499
17.987999982833877
95.5740002918244
48.87599943161008
430.75599632263203
11.37200009346009
296.3099994373321
238.28599885940562
3.687999954223633
367.0999968528745
34.088000425547364
189.4319989132881
8.237999897003167
92.34199952602393
108.68199919700625
224.18999922752374
56.2499998378754
90.13199954986567
223.51399926185616
7.129999799728392
81.71200074195858
6.767999982833864
5.898000154495235
18.38799955368041
140.33200053691854
47.213999176025425
28.826000213623047
24.880000019073485
168.51399905204798
119.60199893951417
20.584000041484817
89.9160009002686
36.74999996185304
261.7079979419708
56.497999997139004
78.76400004386905
0.8080000591278075
204.21799951314932
38.43000017166136
62.602000494003306
195.13800043106085
26.421999568939214
63.00399971961977
19.338000059127793
68.84600074768065
106.84600053787233
230.6719979929924
103.0139990997314
5.496000103950495
2.933999958038333
65.6019997501374
30.8099999332428
49.88399999618534
26.425999894142155
14.81399996757507
28.61800019547342
149.2339982795715
86.95000121951105
172.55400001823892
121.28999998092648
30.724000387191786
0.8239999961853042
120.75000015258796
51.921999588012696
95.50999990463256
298.4279977321626
18.758000135421756
36.84799992561341
56.01400003433228
288.7359977716208
7.600000143051154
238.57399888038643
20.091999986171743
84.8139995670319
78.86999972343445
42.03999995231629
264.82399819374075
295.125999531746
87.55200033187873
595.9559941673285
185.36399940729152
5.30200009346008
79.7560007858276
278.1419984936715
221.9899983692169
253.5079978454115
9.872000102996823
186.1819994640351
20.57400012016298
97.51799923896786
65.34600042343136
6.380000057220461
32.00599985122681
225.01799903869642
44.15799996376033
11.824000034332276
27.438000488281244
677.621993350983
502.6199945831299
1.8400000572204573
223.87799962997434
211.51600054740908
27.504000167846705
73.6219998311997
204.69399959564228
16.972000141143806
151.2359982776643
52.03999998092652
274.215997672081
199.64000041961674
131.6840010261535
36.256000647544866
226.11199819564837
62.09800064086915
109.55200071334836
195.52799959182744
238.91399920463576
23.190000391006485
205.8399995517728
2.9300000572204588
107.12800045967101
151.64199990272533
59.15600024223326
202.12600082129234
7.106000108718867
93.70399961471563
9.753999905586245
4.914000072479247
60.30200046539307
24.689999647140493
757.9759920501709
95.46599989891051
125.19800008773802
178.80999917030326
10.167999992370612
39.461999950408966
91.64599972724922
2.479999952316278
588.4419935512544
129.85799890518177
13.086000118255626
13.780000038146968
184.0899990409613
197.86199951171884
94.31799998760216
216.72599944591533
11.615999975204472
122.26799856185917
101.12799975395198
210.66399964570996
2.8499999427795424
180.67599915504474
42.88399965286252
76.80400012016301
43.546000041961626
232.09199835777275
1.8440001106262203
26.394000205993645
31.25199996948242
14.713999862670898
217.95800093293192
81.77399962425226
6.474000072479243
45.16199997901917
12.055999994277968
34.14200018882756
158.93800023555758
74.06400029182439
147.58400016784668
257.75599849700933
9.24800003051757
46.311999740600584
305.8499972009662
26.761999731063835
8.9099999332428
58.14599948406216
141.09799922943103
504.72999454379027
41.97600037574769
296.07599756479266
41.458000640869194
212.96399827003475
624.6879939174657
46.286000137329104
307.0199981594086
165.9780000305177
142.1719987738133
20.651999826431254
166.95999971389767
133.63800023674958
38.21800015449522
18.903999824523932
181.5419992351533
29.50800016164777
17.729999713897705
234.71999862909317
28.952000074386604
94.5720002746582
66.13600068092347
2.140000190734863
59.122000207901
163.68800086021426
153.78000033378612
2.245999917984007
222.1379988098143
289.8419985388218
87.07200033187867
1.8180000591278076
9.41000002861023
5.965999898910525
5.904000110626221
148.70599858760835
89.37600044727328
287.8699996805193
269.8759991168975
8.652000322341904
443.92199638366714
37.07799943193791
155.75399892807
298.3439977359768
334.98999795913676
263.7139988708499
58.00599951744085
-0.3679998779296872
68.30000059604639
351.39399745404717
5.149999895095824
151.5200007724762
41.048000106811514
106.95200049877157
134.0720002365112
47.88399995803834
506.48999498367317
19.861999979019185
279.42399727821316
117.19599926471712
47.50200043678281
86.19800005912778
183.88199950978162
15.523999900817872
19.62200013160706
3.2259999847412115
275.291997451782
4.64999997138977
74.4019998550415
153.8559993648529
362.66599651813493
2.515999746322628
43.53000023841856
112.89799939870838
52.90399957656855
6.4759999847412155
25.907999972701067
39.981999897956825
21.06400000095368
24.470000305175784
25.72600028038023
256.9019995474815
274.87999711513527
62.900000104904194
306.1759973096849
753.3499933719626
132.2400006389617
259.10199867248514
206.15999977111824
10.38799994468689
56.10800042152406
18.87400004386902
30.196000041961675
415.3799972724912
245.43799838066116
61.062000169754
47.875999956130954
34.45399986267093
353.03999615907657
577.2979939365392
10.07400013923645
281.33199834540494
37.005999903678926
35.966000442504864
257.1199993181227
39.426000194549516
635.3799940109259
478.0879950737952
69.95800006866463
173.88799993515025
34.14000044822694
298.8559981155399
44.97399941921243
39.58199997901922
14.386000003814695
21.26200000762941
14.311999893188464
46.77199967861172
28.39799962162971
53.43799969196322
294.96999835014344
94.26000050067898
28.527999973297135
294.7699973917007
101.90600080966942
414.731995871067
163.26600021362302
607.6999937343601
18.925999972820282
214.53800039291372
21.282000198364248
232.85399755492804
22.8860002565384
3.59799997329712
8.00000014305115
111.06800075531005
153.79400017261517
215.12399963378914
14.661999979019178
264.61599951744097
61.8359994220734
167.22799889281384
62.103999648094174
71.16400044441221
5.912000064849854
312.105998530984
440.42599666595476
119.82999973297119
150.27000062525286
8.776000041961668
191.52799865007393
343.50799661874777
4.893999996185304
157.1400012588501
20.176000469923018
145.98999997138998
15.445999891310922
132.06599994659433
100.07200023174285
27.810000312328377
65.1619999217987
3.4120000934600823
11.048000144958495
5.223999938964844
18.631999814510323
388.59399649262406
48.06799951553348
67.21799982070927
302.953998208046
256.2039992952348
14.63999982833862
123.13399999618535
0.3780000686645502
9.061999979019165
17.7440002346039
485.3739948594576
218.001999015808
2.940000028610229
67.37599995613105
75.96400026321403
27.526000070571882
11.767999858856205
181.8000005614758
31.1299999332428
44.366000051498425
37.392000246047964
75.00200049400327
510.31199399828876
70.61399947166444
43.85799968719481
7.200000104904175
39.11399962425236
23.79800008773802
10.525999975204462
27.718000144958495
117.82399977684018
346.61199645042416
7.279999952316281
93.51199975967405
42.30599975585933
56.48599958032372
86.68800030231479
14.977999963760382
67.98800024032595
39.02999958783384
18.833999872207627
72.731999874115
13.390000076293942
13.994000196456918
282.68799881935104
52.38400020599364
31.508000087738033
185.88599956512456
305.9379985570907
7.26199995994568
229.0600000381469
242.06799942493436
23.866000137329102
265.1039986991882
38.117999849319446
4.339999990463257
0.6560000133514421
361.3079968070984
29.03600007295609
59.52199992179864
274.7039983010292
113.89600009918209
134.000000591278
273.695998926163
199.79199872016903
84.59600041389461
161.58600021362295
85.94800021171572
246.5139988505841
-0.0020000743865963046
25.715999746322638
551.8839945411687
61.47000071525572
14.296000089645382
206.69799839019782
5.7599998760223405
27.101999969482403
292.35199810624084
113.2639998340607
136.79799977302565
0.32399987220764287
94.5920000457764
29.973999704569565
0.008000030517577283
4.0119999980926515
283.3279964447021
36.71199993133548
303.8559975528717
13.833999736309062
164.91599927425372
7.21800015449524
158.5080006122589
172.3559998369217
62.91800052642818
289.31799741745
57.87199950218197
-0.17800023078918417
29.846000347137455
72.52599997520446
41.11600013732909
22.387999836206443
55.502000036239664
476.8619948101041
9.99199998855591
222.21799833297726
334.6019975793362
92.86000067710877
54.735999765396144
220.41399915695192
34.048000264167776
248.6279991817474
58.40399993419646
20.29600007057191
125.51200077056895
45.75199993610386
23.316000146865875
77.06800016880038
27.372000378370295
3.0700000953674293
66.35399984359738
68.25799933910368
14.630000157356267
25.188000068664536
9.884000005722047
14.4939998960495
185.42600107192985
0.2500000572204573
74.0360006046295
170.88600009918213
245.79800108909603
5.694000005722053
73.56199976921081
17.543999900817887
48.57800015449521
0.6940000820159921
3.650000123977659
239.58000017166125
7.148000040054321
228.69999847412114
12.053999838829045
22.84799981117249
129.27400034904477
339.93799849033365
7.206000032424929
144.22200118064893
63.18200032234195
14.004000110626226
60.894000530242934
96.35199994087219
32.0000005531311
29.224000015258788
45.28999961376191
111.78399923324585
4.583999977111814
65.21199985980984
237.5039981341362
82.92200004577631
61.385999546051
23.018000011444098
126.90399980545043
157.09599925234926
220.1159990143777
115.84000074386594
293.24199703693364
20.189999964237224
339.3199971640108
150.83399986267094
84.64199979215859
24.88600013405082
15.831999931335451
72.22800010681162
92.67600010871891
274.559998998642
120.76199928283701
22.746000041961665
296.905996904373
15.59200009346009
203.78399865150445
18.589999876022326
36.526000151634214
141.2020005512237
232.0259985256196
31.696000838875783
10.330000028610224
275.3399979591369
171.56799952507023
71.23600005149831
91.86000004768376
23.358000030517577
15.052000079154965
12.928000078201281
46.164000506401074
22.971999702453605
22.466000089645384
150.425999598503
415.52999598503135
178.60999941825872
29.407999906539928
47.55400038719181
4.593999853134154
32.58400011062623
45.85799974441527
8.605999994277958
446.3659964084623
379.63999789536007
23.90800034165381
16.366000146865847
1.7440000247955303
84.48199964523316
85.40600059032438
307.5699989223483
26.01599990844725
11.761999969482419
9.55200009346008
148.9019994974137
42.91800040245059
56.78599969267845
219.08199842452993
63.92800009727477
413.7479956912992
39.64000063657759
15.478000040054317
17.55599997520446
208.17799907684338
5.030000047683716
270.0039986276626
122.53599947929384
19.356000251770016
397.409996228218
24.886000196337736
287.7339977502819
259.84399857208126
15.909999980926507
152.20399980545048
396.90999562263477
8.429999771118162
46.92800011634828
25.508000097274785
444.03799574851945
33.84199968338012
40.687999715805084
217.4019986724853
92.45399990081792
165.42200049400353
58.916000232696526
156.31199931144704
635.6339935207365
8.910000066757203
17.066000108718878
218.1999990463257
52.40199941873552
73.3400001096726
172.99599934577952
93.3059999752045
16.07599990367889
2.1440000343322767
452.437994961738
153.24799887657164
37.69199985504153
23.83400025367737
141.4839993572234
74.84000025749212
260.6340007758141
241.72399835348125
47.51400058746335
220.5199999618529
308.945996770114
146.93200037002575
62.899999895095824
38.03800039291381
14.569999737739554
253.36399800300592
36.489999971389786
293.9839974975585
288.8259977120162
297.4499989461898
340.12799741744993
80.39600022315982
101.96200044631966
47.972000231742854
45.762000236511206
24.423999919891358
114.61000015258799
295.15599828720076
214.93999970436099
87.78800042152407
143.39999953269952
1.26399998664856
5.766000022888183
114.97799976348873
6.802000026702882
81.558000202179
76.28599986076354
2.9539999866485567
88.05600043535232
11.262000083923342
149.50200017929075
334.1379978466034
0.6740000343322767
90.84800018787384
8.104000062942498
200.86800034523026
11.83600002288818
140.59599926948565
22.32200012594461
289.64799657344815
337.95599689483623
313.63199697494514
33.29199979782103
8.56600002288817
37.33599970430134
22.72200045347212
301.8779968261722
35.149999959766895
32.993999689817414
177.11599993705758
38.91799947679044
22.17200016975404
199.19199869155898
147.055999546051
151.64399971008314
326.5399961948398
268.4819989681242
8.190000181198116
174.5399996328354
12.232000222206121
106.56800002098086
77.9860000038147
168.19199992656712
109.68599963188174
50.41999979972839
223.8319984102248
19.003999958038342
239.20999807357796
96.05000041961671
2.2680000400543228
14.989999694824222
1.0520000171661394
112.66399983525277
10.051999998092638
184.7939999294281
248.69199883937844
57.37599980354313
115.40399913787834
47.731999731063866
130.28800020217884
143.68800004005428
45.8419993031025
8.683999996185296
106.05599951744087
51.0919996631146
13.553999919891357
100.99400012969969
13.801999864578237
279.8699977445604
19.95600021362305
163.30599931716912
41.982000284194946
68.50999977588651
14.789999942779545
3.078000097274779
70.04799961090087
210.08999902248388
7.737999992370609
13.845999975204467
109.7760001087188
58.28999982833861
86.8560006332398
43.29199955940246
15.877999820709247
46.09200025558471
116.25200102806093
280.5739981746673
76.4719997024536
43.316000204086286
282.4779982376099
16.80799990653992
10.360000009536748
47.50000020504
502.0999954700466
145.715999560356
16.88600010871887
216.38399986267098
139.644000968933
29.42199971199034
62.45800037384029
64.18799971580509
37.56399976253509
31.63600001096723
164.25400154113757
646.0679935503007
139.22000011920917
42.70199987053872
3.626000089645388
310.46999801158915
25.78400037765504
73.23400055408479
256.40799856424354
63.018000631332384
373.75799717903146
253.2479981327057
6.770000076293941
24.705999984741194
166.92799924373622
60.52999989509585
132.82200013160707
22.266000175476073
5.937999982833858
15.757999906539913
33.18199990272528
15.390000162124643
486.17399534225484
224.44800034523016
-0.744000024795534
83.40399980545043
127.6359998428821
165.67599902153006
122.89800055503841
22.182000296115863
13.013999919891347
467.2079960489273
503.81999491691585
14.497999978065495
246.79799833297724
-1.1720000457763666
29.32599977493287
16.0279999268055
129.91000073432923
59.57600039005278
326.5959973478318
257.4099975109098
6.406000089645386
24.792000141143788
334.18399758338927
36.38999995231629
123.95400061130535
35.44799980163573
83.22399948596951
132.0600004076957
254.61799892425532
4.475999860763551
33.7999999809265
19.96999995231628
146.41199932098377
43.303999729156516
22.87000018119813
7.349999933242797
466.86599617004407
1.9760003376007056
2.5579999637603765
140.98999944731605
14.923999829292281
162.54799898624407
89.16799973487863
-4.309999933242797
23.04000004768374
400.2199971008297
182.6839998054507
229.85199923515316
264.87199872016913
189.56999894857404
55.03199988365171
341.3819972658164
18.51400018692018
81.92600070953364
82.08400027275088
7.719999876022338
20.20399981498718
267.23199811935416
0.5679998970031752
0.3060001564025867
305.91799776434897
48.60799976170064
42.92600008010864
190.32399925515057
223.31599814414983
33.17600002288818
15.255999951362602
66.8640001296997
242.85999929428093
222.49599919319144
233.03399899482721
16.638000211715713
5.265999994277956
204.76799889564512
31.08999984383581
18.399999952316307
14.766000096350904
24.092000226974484
118.57800054073346
6.047999906539912
3.3479999732971186
27.145999946594248
155.35399966239913
199.47599899768824
28.813999996185306
5.2719999599456795
179.82999773547047
197.90799948453892
22.0720000553131
18.015999984741207
5.651999759674069
165.00399820327777
277.2999984264369
9.47999977111817
3.46799997329712
79.25999989509586
201.707999404669
40.127999877929696
42.17600022315979
8.853999972343459
41.9659998178482
85.21999998092647
21.618000097274773
34.319999970942746
146.30799909591659
20.633999814987195
55.47400007724764
218.7499991214277
19.445999774932854
190.90800222396854
277.3939970493316
91.8799991989136
9.370000076293941
69.62600033998484
370.03999678134886
28.03199986577034
47.46999959945676
12.781999974250793
-1.9339999961853047
49.71399991989139
34.876000270843534
162.43399984359732
171.8539997863769
33.12000070571897
73.18800004959108
14.032000064849852
429.1179963712391
199.5419978427889
44.19000011444095
105.78800064563758
