101.99200072765343
8.346999969482416
86.2809994983673
14.355000057220465
77.88499953269954
45.92200008869172
6.487999815940858
23.90400009632111
10.841000208854677
30.423000359535234
4.113000125885013
115.91899902582175
27.976000084877008
30.09799983501433
8.92799996376038
59.08600030899044
24.418999905586247
25.354000048637396
16.345000090599058
10.322000102996824
29.627000141143796
24.943000082969654
39.49699933528898
57.29799994945527
121.43999998092652
15.140000066757192
14.141999921798705
27.89400010585784
87.59599961757661
11.185000162124643
18.173999781608586
18.24899973392486
30.447000098228454
93.0250003355742
10.241999912261964
4.331000175476072
8.552999944686897
18.037999768257148
23.87800004959105
204.92599960327152
47.785000486373875
5.38500001907349
132.2269988822937
24.087000131607088
25.905000095367434
50.70899991035457
80.05800023078919
72.13499994754791
12.105999879837038
61.130999836921696
8.585000090599063
60.545999817848184
23.832000131607046
3.4410000133514433
40.14399999141696
121.31499907493587
152.58599999427798
15.822000126838685
18.04500008583068
40.11500014305113
112.33599960803978
9.699000148773193
55.29900005817411
11.136999864578243
5.586999816894533
95.73399952888488
34.46199972152712
39.19900015354156
56.255000004768384
113.62199954748156
42.523000397682196
40.47800005435945
5.260000004768373
16.645999889373773
98.55599990367887
42.90300013542176
26.26499990940093
7.1600000429153425
185.5329991316796
105.19599982380859
55.1979998064041
252.58999833583832
45.06200012207031
77.37800110101696
76.83699994087232
16.52500012397764
38.59100018501286
13.088999986648568
18.81299992084503
34.60800039291384
48.71299973487854
25.78400004863738
8.439000024795531
5.872000255584716
11.493999943733217
10.123999891281121
16.451999845504755
53.19700009822847
30.865999755859377
13.761999993324283
334.8109970617297
10.074999980926513
11.178000025749213
103.30500023841859
10.745000042915336
27.593999929428097
111.5219995760918
99.62699937343596
3.2289999055862393
149.3320005667211
63.87999986171722
23.60200006008147
22.643999891281116
8.67399986743926
19.542999753952046
20.95400029659272
16.26499993324279
34.62000031948091
26.88100008010864
29.53299991130828
55.2210001659393
58.26199995517729
59.5550000858307
3.2240000820159893
13.275000014305105
15.362999944686896
29.74299998760224
9.158000087738044
14.330999846458438
41.70999998569487
26.41399977684021
13.236999740600591
30.17200005054474
3.932000088691712
9.603999986648557
7.676000089645382
12.50899980068207
29.957000036239634
64.24799973964691
4.889999852180483
8.599000000953666
12.272000112533572
19.42699995040893
144.67499916940935
42.909999942779514
13.203000111579888
6.705999832153317
13.15299971580506
19.751000232696523
88.91400093317036
114.74099910065532
33.51999972820283
26.674000277519223
20.18000005245207
20.63400013923646
19.442000012397774
22.959000134468074
16.32599970340728
29.798999943733197
85.13300019264221
31.813999867439282
77.00799969673156
15.617000064849844
19.5570000743866
170.92099988698953
10.158999996185301
134.5820003080369
13.069000029563902
16.387000002861015
147.10699888661506
119.70199998065833
13.413999791145327
36.48200035095214
17.699000020027153
80.90500036239627
21.15599993228911
63.480999312400826
108.02599938273433
19.06199993133546
32.74200030326842
22.150000324249266
74.140000243187
25.370999937057498
159.79499999210242
37.606999583244324
8.814000072479242
31.90500001907348
41.517999992370605
35.05200034618377
9.794999909400936
14.077000241279617
32.31399984836578
43.91999995231629
62.900000042915366
105.81000074863435
26.713999996185294
34.51500026226039
28.426000008583067
95.92199963569644
13.955999827384947
24.360000085830695
2.218999791145325
27.92299992084503
14.206999826431277
15.531000065803523
16.88099987506866
158.00499906063072
55.78399992465974
139.08400065422052
204.4209983777998
26.9830000448227
26.50299985885619
51.57900056838988
99.12799942493437
8.444999890327452
13.351999845504762
34.47999976634982
11.382000017166142
40.274000134468075
76.60300019264223
6.999000124931334
86.78200071811682
67.91500044345862
26.328000016212457
127.73300072669988
91.47199931621547
23.73900000572204
34.9489999485016
7.314999799728391
22.987000179290778
26.02300000667573
16.92800001621246
127.11799849510193
95.98599943161013
59.56500002861024
64.2009998035431
26.555999865531938
56.606000289916985
141.98899959564213
34.28400030136109
167.56199897527696
30.68100006103517
97.82699960231777
17.422000126838682
4.684000000953672
96.18199944496158
29.971999955177303
98.3940007519722
9.185999884605414
15.235000061988828
19.339999995231636
23.85299996376038
13.88800000190735
58.21300014972691
6.891000101566311
39.030999956130984
77.74900001049036
165.9800008487702
7.68700023651123
8.263000082969665
32.57400001049042
4.610000219345089
25.551999988555913
32.52600018501283
13.683000049591065
48.037000179290764
5.964999809265137
18.02100005149841
38.62800027370452
44.13999960899355
6.841999969482428
6.086999826431278
155.46499933719645
21.014000077247605
36.658999896049515
17.425000133514402
25.044999961853012
9.344000205993664
110.52899984359749
169.54699813023208
153.59099917888642
22.875999851226783
19.8330000925064
260.20199800729756
10.095999975204466
32.19300019741057
80.6040003442764
17.02700018882752
15.74399965286254
16.159999980926514
4.472999949455262
10.505999922752384
8.248000130653384
50.79300025463102
6.936999797821046
31.79899962902068
23.82100016593933
27.87200001716614
17.625000195503233
55.79199928283693
6.963999934196473
52.59700015068055
-9.200000028610226
42.17800046920775
7.386000037193295
11.926999998092647
37.66600014209745
21.872000212669388
119.33299928188319
27.515999903678907
24.010000011920937
138.17600056171415
9.08599993228913
13.021999874114988
9.582999696731562
33.891000289916974
39.308000125885
12.88399996280671
8.024000062942507
7.990000033378596
56.72000006675718
38.12000012397766
20.308000168800344
11.005999908447267
108.51499953508379
10.457999992370606
31.141999726295463
78.19999940395356
8.145000114440926
37.14899995326996
45.397999968528744
36.37499997615813
18.330999855995174
3.5149999141693113
27.981000118255622
93.08399956226353
16.19800010204316
53.05100005626677
30.67400014400484
1696.6719813680609
131.93099891662595
14.81399983406067
12.686000094413759
19.62400022506714
25.317000060081465
32.331999692916874
6.8130001449584965
18.10400022029877
81.94799942970279
57.10100020408627
7.531000223159793
123.8050000539422
42.91999995708468
1.538000044822694
143.71800040125854
16.66300010204316
18.581000041961666
26.852000012397784
-15.158999934196467
21.82200008869172
119.19299877315757
4.744999933242794
81.7899996122718
84.98000006198879
12.050999712944028
4.315000147819519
41.56200016021729
13.969999980926518
27.833999862670886
17.211000113487234
1.6810000276565527
28.679999747276312
18.36300006866454
61.263999924659736
49.91400006771089
11.15899993419647
281.1729986600579
72.55099999904631
12.642999939918523
12.384000067710879
38.56400023460389
218.58299976348886
16.83699975967407
173.51000053882603
55.10799978733063
21.76400001525879
41.16600033760068
25.70299958705903
1302.9209840154663
6.137999930381776
69.88000018596651
12.8300001335144
45.87499975681307
7.256000018119812
19.307999925613434
19.07400007247924
88.67300009250646
27.287000145912188
16.29099994182587
27.08999999523163
46.846000103950495
9.330000019073488
28.117000212669367
116.94100056171415
29.033000121116633
101.32900052309039
14.447000050544743
84.28000065803528
49.54099999427797
16.133000168800354
4.145000019073483
17.011000156402584
48.21699971675873
18.387999844551086
41.96100053310395
120.58899960994724
229.97299745440492
315.6479978847505
56.23600003719329
80.49500010013577
15.13900003433228
19.677999615669243
113.15500049352643
15.264999942779548
7.359000144004821
47.54399976730347
16.053999972343433
533.3979941904547
6.830999803543092
11.616999897956848
11.505999870300293
9.74999995708466
79.40599953651429
19.18499992847442
45.53399965763095
92.45900021553045
51.72400010108947
72.93900000572201
21.75200036525725
32.123999872207634
13.910999712944028
37.59600023269654
105.07400045871735
73.6120006942749
2.6089999198913567
76.75999949455269
50.39100000858305
13.758000154495242
4.1719999980926525
10.813000130653371
86.79600045204157
12.935999889373782
15.424999856948862
38.856999855041515
-22.26999917507171
9.471000113487241
62.521999711990375
47.86600029468535
38.89899999141694
197.90300053477293
4.802999978065491
15.50300013542175
23.644000120162975
41.541999874114985
47.62599970817567
0.7399999475479135
121.82900151729582
60.79099990367893
22.263999872207634
92.85999885559085
60.84499954223633
119.35000030994416
153.54399895936257
17.23400003433229
3.6199998998641973
2.441000013351442
39.0330001974106
6.593999686241147
7.421000156402589
1.2159999799728407
11.060999917984004
6.537999973297115
132.2610005664825
132.96100013256068
77.15700054645542
242.21699881508945
-12.505999884605403
94.3370003843307
77.31700047969818
26.912000188827513
24.494999904632568
3.4689998817443843
9.645000023841863
29.868000097274777
53.17300043106081
83.4869990718365
47.79499996662139
98.88899971008297
6.844999947547914
35.888999757766705
31.12900003910063
11.10799993515015
22.455999817848195
111.1699998283386
17.969999890327443
40.98100013256073
22.829999833106992
33.81999982357027
80.34800071716307
13.05299997329712
38.63899963855741
53.972999792099
1.0800001287460343
86.68600059509276
69.14700008392339
23.8880000257492
40.62900020122525
20.820000000000014
17.993000016212473
10.374999899864196
10.823000054359435
11.120000081062312
1.2950000381469713
6.502000174522399
94.71800071239475
70.6540006017685
134.6550001144409
191.0989994764329
41.87999997138977
7.501999950408936
75.42999987602228
19.270999932289115
45.469000010490426
41.19399992942812
53.92499947071078
11.297000098228452
9.19699988365173
17.751999912261965
43.799000263214104
23.83400000572203
9.345000109672549
74.14799984812734
52.02100013732916
441.742996349335
21.735000286102295
24.387000269889832
5.384000058174133
23.22500000953676
5.835999999046328
4.716000084877012
60.75200033187864
18.63400009632111
252.2339980363845
117.0479998111725
6.467000012397767
211.3809987792373
75.19599992752072
11.612999911308288
22.460000033378602
53.9440003633499
25.28299961090088
44.743999876976005
201.52799858570103
10.682999973297116
-10.089000291824345
2.515999913215638
206.1109988749028
7.605999994277957
82.43699942588808
132.26699953317652
188.8439995336533
27.167999773025514
24.148000121116628
24.3789994430542
46.95000024318695
120.43599943161009
8.111000137329102
30.094999880790706
107.42000068187717
56.70600039482119
187.98999896287913
16.735000042915345
9.754999933242798
23.474999945163727
43.16599999547003
23.924999899864204
77.19399960234765
20.643999996185304
245.20899919033036
145.34999957084665
127.81099957615135
40.28800031661986
27.643999915123008
292.0429975700378
32.589999990463255
14.702999744415292
16.960000162124626
48.325999746322616
49.15899994850155
63.04100004673006
114.43799947381018
125.62099988132714
86.78299979686741
111.44400078296658
100.88899919629095
9.642000150680547
113.18499986171727
12.05399997711182
21.979000015258787
287.9729979717729
15.036000080108648
12.410000061988818
89.45600051641468
63.87300068855287
65.45200018882747
14.979000039100653
13.444999980926513
134.51200044155118
21.545999855995188
322.2169979023932
18.075999917984014
33.47900009632111
8.590000109672543
16.67199993133546
24.040999989509586
18.973000011444093
39.17100006103514
24.4540000629425
