245.78599872589112
16.025999841690062
42.02600007057188
58.18400035858153
39.11400034904481
282.214000644684
41.27199984550475
353.00999711275097
238.36200020790085
10.990000104904176
26.339999904632577
24.893999900817885
186.11800000190723
68.21799945831303
36.405999994277956
295.6680005455017
41.73400000572204
82.34799988746647
514.9800008296967
63.248000278472894
21.600000009536732
30.576000127792373
65.92399996757507
69.97599974632256
29.18000004768371
18.03999979972838
53.23199998855591
207.06999974727634
14.109999980926508
260.97599933683864
23.275999946594244
38.166000118255646
-0.6879998779296866
26.331999969482432
120.07399987220775
19.312000198364256
14.239999923706062
41.30399995803834
0.6400000190734839
80.40799976348873
70.02199996948242
11.079999961853032
31.50600005149841
14.436000099182117
9.103999891281127
421.81599698066685
1405.0539851760855
1550.8079841804513
1515.0379857254038
1972.347975673668
1971.171975536345
1971.4319757080016
1956.683975467686
1972.4799756050177
1817.351977005014
1973.0639756393432
0.48000001907348455
1936.2339788246236
1950.3979792976425
756.8399990653994
1921.7519796943711
1970.3799755668592
29.3860001373291
1948.1199773979217
1846.5879786682096
1953.5479769706728
1968.9699757385158
1934.7559783554036
1971.5839756202624
940.0419969177245
1304.8239914703363
1.7139999294281012
1288.069992370605
1151.0559941482554
1313.8659885597224
1208.243992871045
1296.485991458891
1228.7239917755126
1398.02798751831
1339.1859901428222
1.5319999790191636
221.4840035009379
1400.2939874267586
1493.875985889434
1397.5599892306311
1464.7159875679013
1268.3719925498979
0.5900000858306887
16.260000066757215
6.322000036239627
6.560000171661382
1.8840000152587906
53.259999723434476
13.82600002288818
20.071999893188462
0.19200008392334011
0.07399987220764079
91.19799977302556
0.8039999675750722
269.1759995555879
57.19599979400637
43.28800008773804
109.4939994335174
77.7440002059936
15.02600018501282
100.07200005531307
50.993999729156506
9.460000047683717
25.88400014877321
-0.5600000095367438
461.8799973869323
62.39399973869323
107.89999958038325
138.33999919891363
110.7880000495911
552.3779961657523
19.894000034332283
354.0899992179869
34.31800018310547
56.486000299453764
181.50000004768378
25.75599993705749
28.61000006675722
126.96000037193289
92.80199978828435
11.517999792099003
2.5579999160766604
475.1139989948271
171.02999996185295
140.09399949073793
68.9019997406006
65.10600005149847
28.15399991989136
24.097999916076652
192.93400101661678
87.10800048828125
3.925999956130982
45.830000038147
39.622000064849864
30.420000057220456
108.1819998931885
536.2639967823031
97.22599968910228
24.994000110626203
296.4519993209838
14.885999984741211
49.87599998474122
24.855999965667728
240.43199954986585
1.9560001373291018
56.652000303268416
123.39600004196161
15.253999886512755
558.0680012035368
30.35400006294251
0.8840001583099368
33.91200030326846
50.48600016593932
47.091999921798724
4.01800003051758
26.297999868392935
263.74199993133533
22.866000089645375
47.83199966430668
29.18000009536742
23.06600002288818
29.816000194549577
58.33799997329712
10.213999919891357
269.11599943161013
10.557999925613409
25.301999969482416
-1.7280000400543198
32.49999970436094
10.52200002670288
3.3260000419616733
312.8319994330405
57.63599987983699
147.31999983787534
0.010000028610229448
15.131999793052664
81.5480003070831
269.8819997763634
21.54599990844728
429.5499994182583
53.58999987602233
46.199999837875396
52.84600033760079
1.120000119209288
273.3619997406006
1873.8239772415238
25.517999792098987
52.311999740600626
151.31599987030026
36.47200017929077
91.4100003910065
1.5200000572204584
194.99599912643436
3.119999780654905
-2.127999944686888
433.8599995613092
29.423999948501592
-0.06199987411499199
16.845999975204467
56.88600002288816
48.068000173568706
21.910000076293933
24.231999950408937
187.94399941444402
186.99400064468406
-0.06599996566772448
22.21400001525879
25.50600005149841
125.26600049018865
31.85000015258787
35.076000022888216
387.893999414444
963.2759947586061
93.38999990463248
115.5959998607636
328.2679993724823
109.21000007152561
74.78600015163421
34.789999980926524
201.71599942207334
8.454000015258787
1.2840000629425046
256.65599855899825
1.136000132560729
40.48999973297118
0.4800000381469739
1.7280000686645516
43.051999979019186
18.65199975013732
334.8560000801085
598.5779963874818
1.2239998912811294
52.469999990463286
126.36199978828434
-1.4559998941421513
132.76999902725214
4.642000074386592
211.7959995079041
92.12200030326844
61.623999814987194
24.854000253677366
1.29199993133545
10.290000123977663
-0.5960000896453858
331.39399818420384
268.08600066184994
225.42200015068062
73.34799972534184
323.68799956321726
72.11600026130674
199.74399993896495
59.965999803543085
1459.061985359195
16.57999989509582
228.51400068283087
33.463999986648545
354.77999897003167
30.34599988937377
11.819999990463257
941.0980004215236
103.80999963760378
62.127999877929675
28.931999998092664
13.445999803543087
26.4280003261566
48.83400014877319
101.16800008773805
31.568000192642202
0.7519999408721898
26.983999872207637
1.279999942779541
52.31400011062622
1.7200000572204586
256.63200059890744
121.43600019454951
51.868000288009625
70.07000037193299
46.055999908447255
91.52599983215337
31.128000164031988
524.763998146057
103.25399996757503
15.650000028610233
163.47600022315973
30.878000154495272
184.67999961853027
207.16999922752382
14.242000036239626
58.390000276565516
112.91399990081781
379.2540006732943
48.82600024223327
11.783999948501595
30.76799980163577
290.36999859809885
64.27000017166141
206.5359993934631
158.2560006523132
39.02000012397764
19.173999996185287
530.2139978551866
292.40800061225866
62.7160001373291
213.96600117683406
14.124000024795544
34.30599984169007
41.554000253677344
13.9579998397827
59.129999818801856
14.669999947547916
26.19799973487853
26.750000019073493
100.13999972343437
309.20799983978253
214.9020005416869
138.55199997901897
27.325999784469587
67.60199971199039
33.09600001811979
16.60200015068054
45.356000156402594
124.70799972534178
13.946000099182122
181.59000076293938
17.969999742507937
260.44600001335164
102.26199997901908
19.028000068664554
119.98599938392643
49.07199979782106
115.80000032424924
49.712000093460084
165.72200027465846
54.13600036621096
7.360000038146973
624.0299986457833
228.69999835014337
42.73600025176999
1.0839999485015854
15.851999883651738
311.7879987430572
20.970000057220442
39.275999984741205
15.511999864578241
129.4019995212556
66.68600002288812
1.1299999618530274
185.34400006651882
0.2479999160766617
23.14800028800964
38.275999536514306
394.0459989213945
76.89800004959103
33.63199995040892
5.4299999618530315
227.15400050163265
196.24199944496158
0.6559999275207538
36.90600011825563
17.665999755859378
73.65800008773807
179.6639994430543
529.4860001754757
0.6980000495910633
25.258000030517582
24.5860000514984
192.9980002689361
98.05600016593935
17.944000091552713
25.087999954223626
123.81599993705748
29.635999741554272
-0.341999921798705
-2.1219999170303363
24.58799989700317
86.90199985504151
-0.9839998817443861
257.08399980545033
52.334000368118296
65.07199989318849
206.81799946784963
282.9699985694885
42.426000137329076
-0.9360000419616691
64.98200012207032
1088.3239916515347
26.45199995040894
7.720000057220463
388.0479992675781
72.57800008773803
60.90000040054323
236.7459994411469
15.790000000000012
132.64800070762644
33.26600011825562
188.08599973678605
205.225999956131
47.169999523162836
121.98000001907342
25.808000135421754
23.936000008583086
297.0939996051787
28.210000047683717
208.3659997940063
16.094000148773194
30.66600002288818
145.05400017738336
145.2500004291534
256.95199890136706
20.86199991226196
25.140000076293948
-0.4839999580383294
240.64800021171567
83.86000011444094
409.3699991321561
30.203999891281114
1.8639999771118145
552.8719985580444
229.95799911499032
312.59400055408497
48.26800000190735
9.088000011444102
154.25999985694887
72.20599981307981
26.949999761581406
37.388000030517574
28.349999742507915
46.12600016593934
0.7879999542236316
8.825999946594239
93.31000017166139
177.6399993133546
74.61600035667416
88.20800009727476
41.20400002479556
84.98800035834313
17.778000087738032
51.37199995994567
186.17800046920775
113.65199970722203
26.375999631881715
23.75400002479553
25.194000067710885
1226.519993047715
491.4719973373416
226.1499994754792
40.54999969482424
4.867999992370607
130.76199997901912
355.71199829101556
62.54199989318847
156.72399955749526
35.514000120162976
234.23999990463267
70.75000012397766
20.212000141143807
198.10599963188167
256.5939987897872
55.09999986648562
18.893999910354616
8.920000190734875
87.29599984169008
15.10000008583068
24.92199992179871
19.707999944686872
20.71000012397766
366.9719984483722
72.7820002746582
0.5200000858306871
151.47599997520436
169.53999942779558
76.60200040817254
31.49999999046325
44.97399988174436
4.270000038146972
-2.3079997587203978
34.5579999637604
11.052000179290772
222.06999957084648
18.745999917984015
22.05600006103515
1.1999999427795398
93.99400001525873
238.52399850130084
68.08599977970121
54.04399991989134
9.27000005245209
198.3820006847383
49.56600026130674
48.81200009346008
819.5380007171623
179.43599943161016
250.63399930000293
32.4299999809265
91.95800002098086
391.0739970207215
1.8659999275207508
55.90399991989136
-2.9439999103546137
105.09199960708617
222.4959999084474
12.200000009536742
829.5399987125396
23.96400001525879
135.70799937725062
25.413999900817867
37.52000011444091
100.06399999618533
315.7819982814789
5.887999792098998
146.20399974823005
127.78199954032901
108.46400033950819
19.265999994277955
46.27799977302553
56.10600004196171
171.57600008010854
67.18199992179872
48.9920003318787
158.69199892044068
-0.9500000381469724
71.05800003051758
135.43800038337713
0.6619999694824211
108.10199987411511
174.6180002307893
19.719999961853016
21.720000047683712
184.027999715805
18.455999898910516
159.5360001850128
166.4120007514953
162.29599948883077
366.6439984035492
35.94999982833863
610.2039994788167
128.6879999065399
22.700000028610233
72.00200031280521
26.102000179290783
33.444000148773185
649.4159957218169
217.03800068855264
474.49999876022343
42.531999950408924
247.91400029182427
19.17000005722045
48.34200012207034
36.453999633789046
73.29200015068055
220.29799927711474
3.6580000686645535
58.7620001602173
-1.657999897003175
19.602000179290773
33.103999729156484
16.221999864578247
197.87799931526177
85.73400018692016
163.81999958992012
16.736000127792366
47.10200039863589
155.0240008068086
66.42799983978274
159.29000085830688
43.273999671936025
39.077999954223664
32.70799973487854
156.80399996757507
2.1779999828338625
451.93200006484966
43.06399987220765
282.44200179100034
37.69399980545045
13.656000041961672
5.116000051498416
60.46599995613098
46.78799984931945
-0.7019999504089369
0.048000183105467005
11.104000158309935
15.418000001907357
144.46999972343434
47.56800006866457
324.1499996185305
745.3400002861027
53.373999948501584
47.344000043869016
-0.3039999437332157
227.41600017547603
89.8539993572235
-0.7220000934600833
72.34199980735781
1.4599999332427982
56.049999856948865
6.034000110626219
44.543999872207614
84.62400006294254
53.04000012397765
16.12000003814697
42.20600019454959
14.651999940872194
71.41000057220458
701.6199964332578
85.30600012779236
59.601999826431275
41.121999855041516
45.48799984931944
64.47400017738345
78.59000097274782
30.451999855041507
134.01200026512154
117.16200016021732
484.287997207642
30.402000064849855
186.01400034904472
113.82599959373474
108.93000041961668
367.9019984054563
136.19800012588496
19.134000053405767
20.981999883651724
43.77799995422362
49.334000148773185
37.23999970436094
56.942000045776375
292.3219995450972
123.77600086212152
142.45000046968468
1.3879998207092274
74.39199997901913
167.58199887275683
253.7600000381468
61.44800014495853
17.482000026702885
33.973999757766734
71.46800006866458
67.16399992942814
41.776000027656565
39.95199976921085
238.07800127983097
49.31200043678285
58.15599967479709
21.577999858856217
41.64999972343445
0.07600000381469608
2.490000085830687
0.0760000896453848
1074.6039958190922
7.355999917984005
114.00799943923964
18.650000047683715
92.26599971771236
248.96199979782122
417.89199815750146
48.47999958038331
134.50200000762942
84.05199996948241
102.26400026321411
25.157999973297127
39.57399993896486
0.460000047683717
92.20200024604799
93.03399974822993
476.0099984550477
1.1299998950958259
216.565999584198
296.19399930953983
131.35399935722367
42.92200011253355
40.604000205993636
656.0219975852972
19.734000129699723
55.142000188827495
192.52200092315678
64.7899998092651
394.1959992885593
126.98199948310848
1091.2999947738647
442.99600024223355
378.3720005702972
383.63199833869953
45.80399984359742
418.8279994869233
12.32400018692017
20.771999683380116
