17.41720017623899
9.498560079956066
121.7212004319188
55.12640091441269
46.390479970932
10.375279946517967
128.93431973514578
7.0224799461365
120.33696092090611
19.45535994911192
212.57583915203227
1760.1187080590055
43.24551973514544
52.85319985237116
909.252152759354
50.0192798900605
3.9108800987243715
220.18648184254192
10.799359935379062
30.395999983215273
90.13304004535671
27.918960074043255
18.71415993156438
42.24271978607166
143.63488092269887
108.07168073616003
411.96695731617666
128.16631976242044
51.049439965438765
-38.446960394287046
153.91256075077084
162.16919919490815
285.2919981473913
-44.7645604106903
54.316960401916525
57.032879505157446
31.594639128684854
64.47327941379538
84.57327951869958
106.29664005184175
126.12847956752726
94.54487993717147
57.24999929523467
2.271120363998415
34.53487997436528
40.53207996215808
6.704320314407364
56.61656022262593
486.6070377215131
136.38816037826564
117.6987995954515
307.03255891446923
14.303359740829483
9.680719883346551
-88.27808076553325
194.49263859376902
243.59879801284038
24.627119768524164
7.522640341567977
236.9026403661724
147.86887959642416
10.946319835662809
265.6265587825539
27.848720178794917
180.3599995778083
38.7799195703507
20.407360094070466
31.47400006484991
242.39143874168374
53.196719885635304
168.45200048055656
102.49351958427411
5.076159794616718
25.771359956359838
194.7581596820831
43.15584008140571
664.0760752436707
10.419199857330309
70.4910409959793
175.6591214218145
537.3311976806391
376.2700794797354
129.7205595268254
23.38536052169805
28.14272030029301
16.075759720230142
11.72464001426699
7.723120055198663
126.202641071129
35.94720026149749
472.37415911154784
29.72864010772708
13.22016030883786
151.3860001039506
26.355520613384247
17.273280097579978
69.10528034553506
280.96007862873034
101.56703961696645
5.607759828186014
19.347360403060915
36.09784018936167
38.80424049606329
28.830879899597235
118.11687886657704
56.71839914035801
47.51272032012934
162.11520011119885
102.28264032878874
20.211199937724977
268.7207988527956
279.97687783288967
388.7983201106075
35.05919997501375
173.2079212453843
90.59903938846611
-31.240159141159104
151.24896040992735
8.587839799880978
14.813999976348889
171.7731192785267
115.06679955120106
66.36056027908307
36.6147195302963
23.721119853591933
45.35431996135696
-18.17456037855147
7.918000091934216
300.87576055932095
11.726399946212824
226.99112061729392
202.03719968051908
247.39263952560415
3.225119948196406
221.89896230792976
14.072400050926197
9.775679541778569
12.850400211334167
17.749279767608673
8.847919984817501
137.93800081663153
115.80119968738579
244.86064006109254
10.317680092239394
502.95023729084755
576.8686361811101
45.49231916759029
85.07448030452731
491.7259998902744
47.020639891242965
49.91007991074319
264.89151979773095
89.10648000450117
238.47127890605964
45.56687992324809
193.0124011090876
12.336879969406153
23.23335952415463
13.936399855804456
178.85360010570272
32.730720293045046
128.06048055588016
16.03608003292086
285.87984050779323
21.466400152587838
137.35712157149348
146.06072062740301
79.87751927948
88.04143981094373
65.44959976272575
19.085279722595246
51.706080211830205
45.12128023948662
38.39048025802373
193.9529610337258
17.624720183563205
102.66455975379944
22.223920882797284
116.9371194608691
37.47800017395011
267.1708808386925
56.18048090248111
11.447439944839482
300.8426393373767
146.06504046115862
22.56256018638609
39.4543204313517
8.701439569854738
15.14751999435424
13.788160178184519
5.635600164031984
28.636800491952812
589.7594393952314
49.62536021022805
20.095040713310258
165.32007925252876
137.3490410495762
24.911119475936847
8.261200130081185
39.9631198806763
4.175040222549429
52.08000033664689
15.27624003143316
31.75624023780827
671.8092755923469
5.78376092758178
46.92943982348444
27.813520332527176
14.425200142478978
18.444160134887703
17.09664013595579
222.07191898956333
17.3511999736786
72.32223979263296
22.446800284576458
17.989920247840907
6.956320024871828
504.211995988232
16.165599605178812
28.602160615921058
5.455120049667367
12.464240235900878
120.92991958570478
387.4372777467907
28.199200363349938
12.384720306396478
216.35207845067973
57.562640090370266
28.480159449195778
34.870480491447374
162.96968050994911
126.40472020912189
15.171679998779329
25.515839685821565
7.244400255966189
-43.45559961280827
96.02119949531566
237.67047972621958
516.5884766774907
356.1046402072902
178.42271944079425
135.34360069217638
185.24864011898026
32.422079759597814
85.46656027011858
90.3296795316697
19.4702403121948
43.2057601211549
33.92903981819158
101.99168059024797
206.7788009140013
21.347280268573844
7288.212335623819
43.13807979164132
14.075839837646468
117.46951991310091
32.0999194511414
15.04040001297001
69.11272054519644
54.85696006088257
8.980640167617818
35.9089596289634
19.278879983329766
37.48360005957477
13.462159757995614
481.52551831057735
265.64255919283704
45.7135999858857
19.45823979606635
63.16096052665713
18.035200271606442
83.251519742775
14.451760093307488
115.85687943162922
41.60040004806516
447.77176038727816
72.88935933208442
90.24175944385517
124.94304002532998
811.4235147590101
475.67831656512595
91.55863931999195
35.232159614563024
7.8491202644348075
67.38976047325129
6.105519908523555
196.17319965491328
38.38015973513716
6.353920114517188
98.1879208250049
115.26663980865517
27.470319451904274
462.4140792135055
25.271840132141072
144.90816049232464
128.83351992149372
71.2586396588325
35.68408010978691
189.2082389039989
43.70679980182633
112.84583887310013
54.244560235595564
242.22607970252056
92.33639957141881
148.44104080448156
40.77064044170382
188.60671861343442
204.42495867557443
10.2443997024536
106.86800090866102
169.23296040878287
14.694800075531049
21.468240073776215
91.82856044235201
60.085039384841856
26.71391981506341
11.334240243911763
51.77152026653287
105.51288016090407
34.091519557380565
73.5291996961594
4.8871201583862165
100.30384013614683
57.99464023625241
87.56807970943464
13.031759458923336
231.78088065624257
184.18800068378454
-32.683040188598646
258.48135848131307
40.69872014770505
12.156480096435532
7.486480285263062
90.43592021646491
44.75471967468267
7.582399878311152
11.996000137329093
167.69896039905524
33.63583988189701
34.76920005226128
78.36487957357207
2.714719962310788
138.59648039493604
220.48135941390981
190.19320080146778
7.986879852294922
42.166080079650825
6.781199729919425
212.71696204118757
185.32480088801333
472.9490414644235
78.93439995670327
315.56880022184873
262.3487198061457
6.160799781799329
20.44592004127503
211.60480015316014
52.53071943759917
0.9486402526855472
55.57824011249555
76.54887945194245
1360.450470728452
100.0212007070545
5.784400307464612
21.94255973358157
62.20391989402757
465.84335683334416
15.83432010688781
32.409760172462406
69.421599941826
3.963839962005617
27.763920118379552
16.618719637298554
38.919039971160835
78.18751925873754
7.570240500640865
9.82831957956551
3.1105598266601535
38.76895997848517
33.25327979011531
269.12328019619
71.41103998622877
242.12631982526779
8.984959777069102
18.94799962463383
36.105999985122736
30.470319855880675
121.84775956554404
310.98488020578657
30.930640082931383
17.461199602508536
62.32824018241749
6.846400527000421
151.0203205059768
-119.51383985576642
9.816240360832229
20.231120308303844
9.978639858627307
9.344320340728757
246.91423830394717
16.00575973129267
228.55127954616515
134.17128002338438
1069.6285518785655
10.482800226974485
87.63440032138843
345.0223175129414
188.82600090465488
17.38559985046387
94.56567987642292
140.57527933044426
96.72864018859845
63.903599530220184
178.8160803758621
29.38960018606182
385.42543810186476
-22.355680256271373
9.110160029602024
112.71048000164046
68.29247993869765
244.1635191585545
430.0730390662971
78.19000002212564
7.325040660858144
28.820159735488808
-65.57360135126112
32.80551999855033
33.1054400859833
11.54304037780762
104.48007926692964
31.650720178985708
17.33055964050293
1168.6439133393471
48.22440011939998
19.07167992210387
185.27335967731372
90.38752093734753
11.566560099029537
766.3143149839946
279.8324801531786
262.39424096622434
41.38584018936159
48.036080850601294
262.2847190058705
15.126719892501805
87.99047916049969
31.35064055137628
83.31071984691611
375.2383177356125
26.08600046782497
157.07464043521858
57.23967970886246
41.48032025318151
44.03303962402346
77.80727987556457
233.70895959682403
150.93120046882643
328.4925587906828
23.123039304351774
81.28735962553002
17.587839874267566
30.368880058670072
57.79512023458492
713.0835169992732
35.46759992599485
247.40919917898123
377.6224766734006
278.3989591123399
332.9747993605144
47.30912000198342
31.005840197372393
40.792879563140815
121.86328019371021
66.02816016273496
90.17935964488987
210.0640804996013
16.101280073928788
70.45847991704946
240.50815740742658
21.52040010871883
167.99887921543123
15.205279861068693
9.150800162124654
23.465999657440182
63.20223998222338
21.509839678955114
8.498399938964846
47.46912012939466
142.3568797468183
36.70032014503478
37.4977600193023
19.74727982902518
30.665839691162194
4.592479441833494
16.468799829101535
52.01295929756167
43.922639656829844
65.76504066486349
80.71080054511975
68.66895985622412
43.59455933704383
25.607439966010997
17.35208026924135
20.97472055835725
-53.01887985877997
172.9238402114868
7.758880380249029
14.452240002584475
149.1971999900822
37.69055989494314
54.11143995494843
37.432639799499526
13.289039866638197
412.54951769336384
10.734320289230348
15.460239758682278
14.90104014129642
249.49239840979558
80.19567996826179
75.643439213753
17.534639956283517
-29.906400043487572
67.80512018947617
465.25359658524394
135.2863992684368
273.1396799281602
349.8577594399449
44.49759954929349
487.91199887189265
32.886719688797065
53.186720089149425
18.667200159454392
146.06688047256478
8.53416019439698
-1.4890398155212443
16.64344027061461
51.650480011367755
16.605840208816527
32.42527977066046
147.2537603597643
19.805520037841806
163.706640062714
113.69656034870107
58.99096021041856
29.140879695129435
28.580159815216003
14.736560147857725
27.19063957176207
40.50103998527529
7.42080029335022
349.6945593301774
-43.120159896087664
48.856719653940154
51.74440057888026
26.37600048956868
151.10408035497636
110.88183965606648
468.99591794647523
43.976320031738304
99.26536083564734
36.31448001174925
3.673520283889762
170.03479943809535
58.073920641517525
6.911440438079827
158.41471989150054
11.01575942115784
2.5617602008819667
59.770960217285094
38.240159479904136
501.35039756901364
8.432240365600567
15.968640124893142
98.92079872760726
20.270319943714117
51.313839475441014
53.77319994049067
187.2703198721887
304.3066405684717
8.266320302581766
76.11487986831669
-46.265601467895486
90.60032016983014
41.62792003288268
100.7921595971109
88.93071984233863
240.07160029783253
34.96895997924807
53.195760104942316
27.17680000247949
218.18759909391437
230.96248010762946
6.19463993377685
225.31912003979673
7.578160366439826
186.18503934100292
230.94135916271273
9.216479678344713
10.450159902954125
32.449599868393
5.710959563064573
52.93487996177657
12.948000301742564
42.35199936218261
135.89959979982373
44.26904018783563
31.480800246429446
-0.7385608535766816
173.8456798492431
5.623039711379998
334.1068786242
5.35095997314452
21.16783979377747
298.23415803117626
680.3234362515653
19.955599595260605
39.461600828361426
65.7066406903922
27.081200006103476
246.1597609490869
689.4028763405704
102.58031957359316
251.91471922421474
42.796639827919044
43.92103995590213
40.88920005779263
5.95351989440917
62.72168028469066
62.01807926692955
16.3911201530456
43.20175919494637
120.17208000698099
57.61544040126798
8.592000664901724
57.81840029506677
54.232960245704746
-48.55072038040165
46.949440103912536
5.863600354385383
301.7091979715344
205.1639212530144
120.1458389060975
314.096881099701
87.74864045639039
57.558480315780486
27.933359943199182
12.388959728622396
154.95696033446814
466.9886377339361
97.46759969005579
41.26823987789154
124.12951966495466
66.14735971908564
363.3884786507607
57.44544000511169
17.52920012359618
16.046719689178417
86.90575980553649
2.79735968017578
48.72535913467418
77.86352028980292
31.635520630454923
15.319520036315877
359.9813581055159
584.67375787987
63.125200851821745
445.8084789236907
37.72815978240969
25.713519948005683
30.983040560340882
428.76039756882756
173.306000121307
3316.908455239868
37.19047978191374
42.54951978845618
60.309519582557485
6.039519928741458
27.76095925369269
20.60359995803834
14.195440253067032
52.15664084548946
14.474000358581563
48.77751984596246
40.46599974899277
9.234799586868288
128.68720034484872
13.303760200119012
38.49271980762477
148.11152049465207
52.991360636997186
10.400240258789045
40.77823982644077
9.325839802169805
3.663679765701288
6.005519077682493
153.503360030174
31.54704072647094
35.40408035354604
15.130239853668204
49.09703972072602
278.00655881966355
80.43871983642559
40.02647999286652
33.888000282096876
37.55072007522577
17.79287994537351
70.07423969221117
22.27063990650171
5.8991197055816755
29.97159956865311
345.9355974752434
241.32416138153033
177.23168084507012
89.5426403810502
35.707520178222595
111.22136006374403
1.7626401615142864
893.3515956385615
27.644399528503403
22.453680336761373
537.1851969216034
69.58424015922519
96.78376037588123
301.3371967088699
108.86207888088245
3.6723206592559956
190.3366389180184
177.76912018012993
10.105760214996305
27.495041162109356
14.052160043334949
65.55872038917525
12.021440044403107
69.08511947269429
22.566079355812153
291.5031996118552
55.59136021995545
26.43727937278752
18.878559282207487
280.5628794332261
166.7842398711143
48.232400409698535
214.60368097143183
150.57640059719097
175.60423947010062
33.0178401672363
7.974799996566776
28.583519552350047
290.1015987758871
246.43272084941827
102.80695947113027
421.85575733024984
290.55368037838986
217.2998404047013
120.87407979755427
22.22872083854676
762.2534348050598
43.498559900093085
309.9455986589428
15.352160171508793
23.863679866027788
17.55367975387576
24.63679957809443
172.21495900318624
-78.51928051052089
14.335279774475078
111.52495957341212
13.241760298919674
311.88575954704214
-56.047120412445146
50.238479834365826
270.8355982449043
29.872879275131307
26.10943997478489
10.042240004348725
99.42472001628903
94.56055999965672
330.23103981017914
1010.6716743092901
672.5496763635884
39.44848003959661
138.5775993320463
69.29855966053006
11.967679665374751
69.50215985183735
47.15887997989654
46.94664010205288
18.473279722595198
83.60495950374577
23.004320143127394
28.363519625473014
92.87264013156886
44.347360242462166
114.69504041805264
176.94223927249914
19.162959579849243
184.82536049690177
173.4099194982531
242.8147990797042
137.18615981912606
30.847039691925094
636.9343955500375
14.990879404449402
103.60120048847213
37.895519851493766
16.682880321121136
18.15783976097116
10.50960028305054
40.172079702567956
56.81383952312466
1776.371427974349
32.643919634533006
565.7949578809302
23.786800299835157
93.31223955917358
202.20839880104054
355.75775853856305
59.92423979244217
74.2785603761674
283.7119194499017
34.131760164642316
31.89464058818814
17.17616021461489
338.5275987685193
96.18727992653832
733.095354810625
120.08464047031418
84.04120044898988
46.05424030838025
336.16415756761353
55.63303963680255
151.717839870262
276.81511884905603
51.45904018592843
18.004239494323656
22.04752023696906
87.18656015148152
8.922720061111459
107.38240012340523
344.9215984590039
126.64744060268394
172.16791978492782
82.75864023141862
63.769839562797486
85.80048041610738
548.1715175769083
33.900559896278395
6.707919846725468
12.136239947128288
81.86615978851319
41.23832039756788
445.9649571847843
75.37831967401502
151.32223963003133
45.556400038146926
178.36688001556433
34.33024004249571
76.20911887054423
8.497999680328377
145.7595192949297
12.610320101547252
9.886879677963273
99.85071963272092
47.20456013908369
592.8710359888238
55.72104027061466
425.82679834253804
18.03167969322205
203.19375953311953
33.28959985904689
41.291040130615286
19.064560267639166
-92.10311973018653
16.493600315856913
11.250160376358009
230.50280079460126
67.9248807529449
29.79448000359539
27.99079977951048
16.0808798927307
139.481439436245
57.85471946525564
222.51663911399845
35.25192009358401
95.97704021472968
713.6047155173733
316.36511961326687
167.1025611971373
8.454160169601426
676.827996803457
43.82447936840057
23.004559813213305
535.5625563405098
133.82287964763586
76.78783960533165
13.451760050582877
1003.0774326825147
15.873840175628699
38.220719945716944
64.18768041324643
8.19072007637024
7.32776017036438
159.9724002774233
88.50200024414055
129.24207896575928
65.68368013668056
24.903519734191974
69.29335938568126
250.6442386788721
21.470640050888047
31.43367926483164
-2.446480320739751
744.5243150492569
308.9641607803702
12.40607999267583
26.799280063247668
51.31696030960083
22.582880012512195
16.785039897155738
87.7194395786285
114.88743982696572
123.5657595745561
204.10920037603347
59.3584794391631
40.425919610214216
28.947279494476316
18.423839933013923
6.969679860877986
14.92000013961795
5.287520381164558
27.75183988075257
101.60056013774872
35.04399974803936
11.936560363388057
9.75248016815187
14.227120359802269
63.316079506492564
36.70831999816907
87.96072035808558
184.68472015814737
53.099279945564334
56.344400177002086
27.95208025054926
26.885760311532085
13.067999896240217
385.25671856032017
42.836719984436044
336.66767884664415
164.04408053636539
27.37208035573958
248.4320000561711
24.49624039840702
10.23439998474121
53.87983981742859
256.400399548435
110.65072035064684
40.1729600261689
10.20920061531065
-1.4496799362182733
27.375199787521442
145.5159207195279
50.308799890899614
15.161039799499482
30.657039532852266
54.41167968387621
203.28503914561261
194.09400009202992
5.326799850845345
35.50447920646665
31.54599978709222
16.02471974258422
37.25551991157528
21.060639952468883
10.75935975036619
13.851919573593088
161.57703988561641
1735.9537378507034
133.7561603062634
13.96048015956879
26.23888034057611
559.3535971400129
-14.489999905586203
105.63543994369478
143.29408089765334
6.431839690780638
22.425760391998374
10.758720059967017
-57.677679734420785
23.031280717849807
4.397119665145881
117.53047963085159
182.71999995937367
51.8148796012878
263.9543207748884
371.697679418563
1203.9195131389145
52.81040092411047
401.51503854360635
8.240399927139281
579.467917778535
30.723119925784992
6.321040038299568
188.6819200887679
22.057040139007526
37.347999997329715
143.23079996891016
142.80319997072203
18.871120207977327
40.137839941024815
380.8711985676402
97.46744082317335
452.5316785904038
76.24215965843193
383.89839830278675
410.2880789891005
78.02463939723968
158.06111949325145
31.94032008476251
25.05512036685941
94.64752013587967
72.85615975379949
38.228320403289814
154.35199943428034
66.94088020839659
147.61535944747942
105.21256003589602
248.24704022455248
16.39887999687198
994.583353486563
53.95799976634961
4.944719870376598
300.60335812367737
32.63848006057742
30.24240029506674
115.27936034507779
120.3031998207094
32.44767999305721
615.898235993135
76.76816075248699
64.65623998126978
172.56120156860356
76.05167988299148
197.71792141485264
74.80600068893453
5.7624801376342685
12.87575973129269
55.786960875701844
100.32807968807253
60.026240146637
230.08800058414923
15.372799796676595
17.684560168075464
415.7696948524495
20.733519747543347
111.48704029159553
13.751680011367778
29.170880286407566
144.96096028156245
38.85320005111681
300.7349606091495
48.10032076911897
129.92096009087564
75.05464037952429
142.3176796331409
150.04784108772296
96.47968053417229
44.966799915313594
4.973359859085085
174.6521588595991
237.53015954093897
31.661119947814946
389.04255840156003
37.67287954387671
416.4045584019595
24.14776052703868
20.894240163421628
7.371119204711924
71.14767992572777
49.51728016853318
23.880159663391098
178.4598398220062
23.348799776458716
17.02128030109411
32.8456003425599
104.2664795633318
11.06343991661073
120.83775982480006
354.0615967754301
89.08495919361127
182.52688042125723
213.99127987442063
46.43024081420913
19.21208013553627
127.34999990768395
17.73232027473452
17.047680397415185
101.11583955440499
75.33407951145183
94.25847937049853
19.25103965721131
92.23183992710123
33.61920007705697
88.51016009464276
52.20719971199038
69.37239996910118
798.244637693869
373.58855676946723
2.7066402454376246
-23.965200051498407
25.358400167655933
204.5791217094426
40.21047972308381
85.53231904010768
48.66512004051197
84.55503971128483
78.83816030235275
178.42231852030744
133.12064118823994
7.180479925537102
134.98567993192688
406.2678377358536
216.96360027985548
64.63743990421284
26.93400006380078
16.670400419235197
43.42911966705325
194.63231985597628
25.67736049900042
34.41312016181957
204.34943846524365
80.43103948936472
130.18063987808213
83.01624064273831
71.95887979679091
84.43040037847761
89.95127959985743
22.936479891967775
69.44232032165526
170.46967999324795
37.331280105400104
22.905040246200574
190.4852009090422
69.14663987083422
122.60648002271654
173.48863938570057
533.277358506452
22.284560156249988
22.812720335006762
32.74311945438383
18.630240001678473
132.29671878647778
-1.2619997489929078
26.413839855241857
34.91479979152675
28.34263998146059
31.224640333175632
47.74527975845331
21.219120209121762
136.1786408672326
25.627599642181444
74.87480042190543
19.97775970458983
101.80175913715385
105.92927947139756
39.602319512939594
83.4692002763749
29.858720055198685
82.41503988351865
89.47536020030974
37.36768015459191
30.518719213962587
140.22223929042846
13.402159780502341
73.37743945102699
402.12959969110466
21.01543991622924
5.172160805511459
850.2739140401537
328.66431775712994
25.467119913864064
166.16848025684388
210.61135980269904
75.20167997531885
11.572559727478016
129.07559959907547
21.24992018165593
16.178159774017313
16.609200449752876
130.24599883546827
13.818959648513783
44.972400732803266
18.92895995025639
1073.0905525008754
276.8578390756596
28.958960325241137
173.95711985263853
126.49783898181924
20.02551957511889
83.55320030746401
29.98776003929389
110.16792036705014
476.4977591941642
20.83783992080688
477.21879692268385
52.038239706802486
96.1728001287463
89.19424009304035
9.325039935684202
12.234399944305418
57.88463988189712
31.229919997215315
14.48007992668152
88.53408043079368
120.27695992069255
123.0878395933153
1350.6903105697766
8.427440348815962
25.89239989280709
10.254480285263071
77.95680024185157
16.54663965168002
115.47607948837278
333.23119857186043
10.144240018463126
71.43480018978131
73.97480004882803
168.72032022705133
62.54392003083243
84.86008058776827
18.43071990661619
20.429120074844377
27.03568034286506
21.05399971694949
12.017039905166643
22.689840016746547
26.468960166549685
83.06783926725392
250.54391984062167
-17.380319709396357
9.513679950714094
64.98975968475321
8.117280372238165
15.15079997444156
10.013760448837255
275.3707194619184
106.96079960565548
69.08719921531667
139.09448002109514
35.15735994729995
110.86328007926926
348.3587975245183
45.851359692573624
498.32095928836486
79.71135983829515
116.45679924087497
79.92528017044047
484.2808776409738
197.4548001008992
41.949999824333126
262.22335930170954
132.4559208578109
23.413759800720214
48.81599978122712
20.89552057685844
48.839520323562596
11.224560266876255
415.99623784614255
33.66863989832403
56.519840283203166
54.71895981063818
27.388880770111072
27.260880294799954
94.1852799442291
111.20464052658065
22.062239893340987
492.9143975663177
156.15447894325257
37.42080038661948
60.04951985282899
28.456880198287912
93.32616031074521
24.906159316265548
11.134800050926199
51.8556801650524
214.6743986747741
22.03272047233574
436.2949571052665
24.66704008598339
220.09888029556288
168.63120053195962
263.7695991424568
47.960800185203425
63.35536029605876
327.0874402479646
490.89279815539606
108.60896011886561
111.46783976325987
161.3676799980162
202.6277593074797
207.62799993155667
66.30447981262225
99.05367839393611
122.59768048067144
7.626959962844854
84.83975980300916
45.269839746093886
67.13647973337773
248.95576019310965
326.5509581712717
47.111200583553334
45.87519992713927
55.595200256156986
170.6341609706884
113.28392004528044
13.557199882888813
8.229519584274305
5.340800100326538
5.0819204750061004
41.260960363006575
66.28839945602398
38.77903957443234
66.91520010757421
29.280319810342846
49.80560029945379
50.465999764060946
11.47448004035951
51.734480110931365
184.9393605314732
119.34136048202518
8.574159862899778
235.243678882313
106.56352082290641
28.041759637451236
231.82463767681145
10.180639768981925
116.33280037269577
74.4519204067231
24.42040036811832
216.25903978900922
124.24760027008081
238.573360172844
77.86823971138014
147.69687921018556
19.009519942188277
16.69120048160552
95.54304029273976
-25.16055976715086
70.90815942764291
190.13831896786698
17.08343952751158
380.4591985653221
-1.3122399898528947
22.669680216407706
59.00479924755088
171.07432016315425
76.01000060009949
42.127679332828556
80.84807950334555
29.4125601891518
55.599519989013885
1094.6849552995745
19.820639482879674
20.537039924812344
233.27024122838972
12.741440031051669
17.41255971088407
41.77191938095088
55.54488059825915
15.310000116920461
401.5350360302849
104.80319959869392
123.9409594057083
98.77840066032435
14.082080818176248
13.399600461578409
12.379520169448874
43.60999904708873
51.60864086666108
67.56608062686897
23.710239671325617
21.05840038909911
56.5288005458833
364.3786383503193
22.09159999198912
155.406161170292
12.361279769516033
51.237600637817344
15.292400149536155
18.307279750442518
21.548720044326714
19.27591993837348
18.367360224533094
178.93352000980397
0.7184800128936746
12.291760186386082
15.851999649810834
32.62584013786319
1008.018233646005
59.487920415687604
161.4431991746908
22.746320026207012
189.07543927345284
11.58167973747254
153.0665603642471
57.87831983947747
154.3632798937322
9.443279708862311
77.46088035392748
66.82256037731196
15.969759876632683
625.7671177574034
390.6534388378805
25.084879989242506
21.68623947830203
228.43983979940396
60.890559652519244
439.8849582023971
33.008559929656904
103.59311999931377
274.9340790196655
331.32823882076644
4.464559842300425
28.71527982498411
36.28824052047751
-2.6752803176879976
28.69032029182916
197.9955200098987
19.689599919509813
133.01472022151898
9.818319833374048
-64.7618397047042
105.97176055507695
41.05575928857326
82.93544044628143
26.03143994908327
14.07615955314637
155.37095847883225
37.005999984741266
30.42608031311029
390.4734397110234
9.368719678878787
20.148879923248273
23.34328039398196
434.8311975092295
37.177440067672705
33.35488037338253
263.96784074766003
126.05544015140552
58.284959959411694
13.996240282630882
14.81184021148683
47.39647970066073
9.876959627151528
772.3176762611382
187.98983926429747
25.938639989471383
1311.1885511612318
26.776639870452943
68.09408010597234
-33.11831985473639
58.258639066267015
40.89640004310608
195.0502407705303
279.6811989066119
117.0892801855087
614.162796690374
30.3192802509785
656.5283976417545
194.49848034267373
50.541359886551014
646.089995679086
9.811840157318116
925.0401558710015
40.47631955299378
41.402880232429496
215.81200062516956
1060.1955125822692
436.54231780921793
302.73871864855965
55.80887965806122
14.686720534515437
20.867600617027303
34.069760502720065
24.76687999458305
32.4286403217315
9.17511981315613
160.14391980113902
96.81599999046328
92.08824050494387
29.63448016853335
6.598480130577097
14.529040486526496
108.67264049301158
65.46872048034663
440.34983813074126
648.6091143193556
66.27968012561794
75.8468799098968
13.697680385971104
323.0285606789592
50.44864002819067
521.7902411493059
380.1742397446617
99.51296078720063
26.663599915122944
56.085279763793864
58.89856049957268
107.8319200126644
90.91176007747677
151.76327976045636
33.22807972679145
30.41039926286936
13.071199944305393
14.200639031982405
67.78759940929434
93.86392043876639
20.087439907073975
190.61103916959712
58.69816005306219
19.58087970266332
15.676480229187009
514.8199161453009
60.94735946273807
14.406559680557265
104.99735861644754
74.43551954345703
90.39079958915711
59.44655999336245
103.22975955429095
76.87375944414136
16.055999961471517
56.27624033691883
37.67744019889809
29.624800114440898
346.4475180247316
15.793279897689805
274.66288004169473
377.89015765219943
55.505039978790286
18.42143996009827
442.9599981418548
95.4776804548264
55.28847954635624
24.399199992656676
502.0045573651194
4.528479942703254
920.5378321730713
32.68807963333124
163.1895206912991
7.7441601478576665
3.501999598312376
510.66063874446724
10.058720129775978
6.347839791488647
422.6278382609135
12.472000213050826
220.1571197416068
29.978879892349205
161.3887990845687
60.83303974475861
468.88823725286073
106.74559952487944
27.80416001371153
119.58991973342873
264.5616802102103
915.5896738525093
20.95839967470166
58.77159985656746
91.89439977884308
16.262400242424054
289.9415194314953
35.7220004643262
10.884559745025637
79.95575949535369
27.456960309600785
11.659359964752191
149.60799920492207
124.73656027927397
67.13848020839671
14.601519989776568
7.739199714660641
199.47864001770014
4.554479607582097
20.34671947212219
214.37656057796482
158.05487991437883
16.355359675979617
24.3848796302796
23.64776029891965
52.62720034389493
138.0009599660873
16.984159934997642
7.064879814529422
82.42528058815006
53.74824031219485
12.242079905319182
98.22487920627574
316.50951898217176
79.1826400773998
75.2106403263096
4.588479953002938
82.96319973373447
60.33495979270918
10.658080342483501
105.23352046508798
240.53591990447055
24.46656016006464
17.694159851455705
352.28144030170427
1.5902395236968883
210.02040025062516
31.67527998466494
59.28975929126736
316.77935964782773
14.188800282669046
10.014080426025405
15.812159749412565
25.975600657081525
313.09103852187997
276.8538379679931
403.04319746657586
165.81256055355055
137.72064120120953
126.2601598163606
-5.220559757995604
21.22815949802397
67.28047891159046
15.443599869918831
1141.1428720304095
40.41624022789002
5.22424002571106
79.48303959321974
12.193520044708313
22.77967991657258
79.75184079818736
5.790000284957874
120.90280018043505
291.52975964728455
32.93488026962277
13.517119708251922
98.50064053058613
13.030559683608992
7.28448017768859
45.71992001657488
18.422000725936925
6.941359451293938
211.2043997700274
292.4385584800012
167.43327914819704
30.36728009910587
23.287360085678056
94.19088037204743
29.28984004402151
154.7655194846628
249.6210390632149
19.33031941490174
548.0964779082875
79.86351977996812
32.800080324172924
69.27039985885612
57.7087207260131
58.89111938381195
18.12120045509338
183.66776034440988
319.0609581334589
88.45599983959178
45.987439743518806
195.81487920408233
28.0090399307251
43.225519863510144
13.97327978801728
11.314480396652232
278.977279411412
66.12159872550983
14.011280424022727
47.88135991592402
35.92240080413819
106.61975972652436
4.336960224914549
80.65607922134397
32.8507203111649
47.5400001640322
180.51039955091437
17.240160267257682
39.03576007022867
95.35520019683825
170.44447952556638
72.24935947208432
16.26640009715556
124.3636001750944
55.60031984386454
329.44887843427784
9.600719805145266
17.8551198703766
112.93664001607944
