-0.27000004768371744	64.76399998903271	67.76000016450881
0.7719999122619634	66.34599996268751	68.31199990034101
-0.4119999027252186	66.28400012731545	90.48400000810616
1.1840000343322759	70.06399973511695	58.754000121355055
4.17800011634827	64.1800001788139	75.38399990558626
1.5200000286102302	70.31200033590193	73.98599995255469
0.4480001163482677	60.34600008442999	99.42399948954576
0.8800001049041739	63.219999985694926	82.73200029373164
8.909999990463263	63.52599995851514	66.62799999356267
1.766000032424928	63.09600013256069	79.80200017035007
-0.6779999637603765	63.0179999017716	64.41400012969969
15.148000106811526	79.26200005427002	70.53599991083145
1.6259999656677244	60.78399996161453	71.85200031518936
0.628000078201294	63.410000142455	73.25200009822835
1.7239999771118173	76.55200028419492	65.42000017642975
-0.5659999084472664	56.94200007081036	71.23000013351444
0.95400005340576	79.10599975764744	62.23600012898445
-0.009999895095824017	59.023999981880195	66.33600019931795
2.0939999866485595	60.872000086605524	66.44599992752073
0.03399987220764164	62.78000012636184	89.83000028133402
0.34199992179870803	57.475999853610965	74.94999958038332
0.9980000209808365	64.37199994236227	80.41800005674352
3.2259999847412124	66.76599996536976	68.95600019454953
1.088000135421752	69.92399960994722	77.2060001826287
0.772000122070311	77.20399992942806	135.68600001603366
15.372000055313107	61.22799971938131	79.58799984455112
0.6379999065399168	64.52199970483782	68.56800038218496
1.9260000133514417	65.07000003576277	80.61600047469146
1.0340001392364504	67.31999987244606	74.0820001307131
1.2379999923706062	62.74200011610987	69.76799997806543
1.212000045776366	62.278000098913886	71.26000015318394
2.7720000743865993	63.88399995565408	65.00400012016291
2.206000089645387	65.27600018307574	66.57200034141535
2.564000024795532	62.36399997621776	70.0359998388589
1.3599999427795417	62.476000072956055	74.44800045967102
2.9559999752044646	66.63599994182589	72.13399976491934
3.404000053405762	61.66800012469289	76.7220002269745
-0.9439998912811287	58.190000174641625	73.28400004386907
1.4700000476837165	66.76199985861776	92.09800026595592
1.0540000247955328	63.486000348031475	71.11800024554127
3.5800000381469723	65.51599994540211	68.72199988558893
3.731999940872192	75.27000024080279	91.46599984049796
1.2940000152587883	66.08399998664852	71.89399952366945
1.8139999198913586	64.1119999551773	106.14199949204935
-0.44599998474121216	59.48599997401238	114.14800059080126
1.73000005722046	76.17599998950955	72.24799978733064
1.7419998550415041	64.74199993073944	72.33199990630146
1.5620000171661377	63.74199972197411	62.21000010252001
1.3819999885559082	67.84599996507173	71.73000005006799
3.060000123977661	82.16399995326984	69.09400003433225
2.411999959945677	63.101999683380114	77.01800026416777
1.6979998397827145	60.869999931901695	69.87800004243843
3.4339999771118173	58.65200014352799	68.99399996042249
14.16200015068054	65.82599996596572	71.63400017738338
-0.13599999427795462	59.620000048577815	71.94600007295604
-0.3040000820159908	64.45600009560583	64.09400004506108
7.492000083923344	59.36199990510944	70.87199988365175
12.457999944686907	63.60800024986263	95.07400000810632
0.34000001907348465	79.62800009399653	65.44199995517731
0.751999988555909	62.061999928951245	69.11800002336507
1.3819999599456798	61.26199999138707	91.90600025460127
0.1279999637603772	63.038000053167316	70.22000008463856
2.052000017166135	64.12999988317485	72.22400000572205
21.570000228881824	59.29399998664861	73.26999987199905
2.981999816894531	58.22200008720166	91.36400024771687
1.612000036239625	64.92799997329709	65.82600001573559
0.9299999999999989	59.80199993371961	91.15199971675867
0.8959999561309807	73.59400003552433	70.20400005340575
1.367999858856201	57.167999904751824	66.25600007891659
2.502000007629396	65.12399996995923	68.49200004935263
1.5759999942779523	62.71200016021722	70.28000012874604
1.1119999408721932	61.26600005060435	76.35400025963779
-0.08600005149841207	59.95599977850914	60.12399978637694
1.6400000572204585	67.48400000378486	86.04999989032748
2.395999956130982	61.5880003362894	72.96599977970122
1.5140000438690189	63.506000161170945	83.31000007390978
1.2219999408721938	67.88800024569032	76.33600001335147
1.7679999637603756	66.1799999642372	90.00199951097369
-1.126000013351441	81.68200006723396	84.46399959057578
1.3140000247955337	86.36800044894227	73.04800009489063
0.27199999809264985	67.8080001410842	102.06999963998803
2.065999917984007	61.26999993801116	66.45600014448168
1.8460000324249282	74.52200052499765	182.65799955129611
0.7320001220703132	80.58199973732229	72.69200000762937
1.423999986648559	61.33400004863738	67.23399987220763
2.2639999389648464	77.38400034666053	69.24800024032587
2.9219998550415047	68.68999982401733	63.237999854087796
0.8779999542236329	67.83799990653985	72.40600008845327
3.987999954223634	67.98800022602077	66.00999996781351
1.1180000591278059	64.22600019335746	68.87800012260672
1.2060000133514417	92.05200017943987	73.15799982875588
4.273999977111816	64.23799981176847	80.35600008964532
0.7519999408721931	63.93799984931944	70.41200002431863
13.694000263214106	65.02000017404555	63.63200022697451
1.6800001144409191	66.8760001063347	78.86199994385254
0.2360000419616695	68.8660000956059	70.74000002145769
-0.14400004386901932	60.98600008964539	97.28000019073484
-0.0540000343322768	67.93199996471402	79.1840001451969
0.5319999790191643	78.96199981600044	86.39800012588499
3.190000047683717	55.10799988225105	72.42000004768369
2.0860000038146986	64.0199998897314	81.98999998569487
3.020000038146973	65.45200007975096	68.47799992948767
0.3420001316070572	62.28400005817412	72.80000017642966
1.5739999580383313	60.46999992132191	209.0459991669655
2.152000064849853	69.07000043779605	70.6819998288155
1.9879999446868908	66.75399996668096	78.91599987253554
1.1480000972747797	67.93400012329211	74.55600011065611
2.123999929428101	75.14400015532966	69.71199979901307
1.2899999904632569	69.88999986439936	76.69800012350092
1.2460000133514408	71.83599977701896	67.81200005650525
1.2680000114440901	64.243999928236	85.44400002241137
3.0119999313354473	70.6740000231564	71.59799986839289
1.2820000076293927	97.42999961897733	72.29800019860268
2.182000036239626	71.16999983370305	65.59400012969962
19.425999674797037	64.64000005960467	123.39800027728089
0.4000000858306899	57.11999985739587	69.53399990439412
0.05000002861023006	63.22199989870185	72.22999992847447
-0.10399996757507322	68.12800010204315	95.8239997640252
0.5900000953674326	65.21799991369242	64.21199986934661
0.23400002479553322	61.28799996614455	69.8800001454354
2.0320000457763676	64.21799981355667	64.90999996662141
0.045999908447265314	64.70799987390637	74.5619999742508
3.4500000858306885	76.35200011759997	83.04400050163264
2.1020000934600835	68.3039999504387	65.14600006103521
1.6700000762939455	59.63000006675721	69.58999990701678
-0.030000038146971164	61.5359997987747	67.33600019812584
1.6440000915527357	67.93799978971481	84.74200016021726
1.3019998741149907	67.9280000045896	63.035999817848264
2.9220000934600825	66.58599996149539	65.39200013995169
1.4179999446868894	66.95400008678432	73.64799990892412
1.0180000019073485	59.81399986028669	76.94400010108944
0.4119999217987062	66.42999993443492	72.50400002479554
0.6080000209808333	62.856000065803514	67.82600002765653
2.1980000591278084	68.49199994593857	78.78800020217896
-0.5339999485015867	61.94799983978269	66.66200012207035
2.0000000953674295	74.92800025880344	76.80799999833106
4.425999898910519	61.399999986886996	66.13599991053341
0.3920000076293931	69.90400012493131	70.81400021135805
0.24800009727477848	62.221999993324296	63.425999832153316
0.7419999694824223	72.37199959516524	75.846000007391
1.3020000076293932	70.3239999675751	101.57999988600618
3.37400004386902	63.30000027239327	112.11000038981446
-0.293999996185303	73.66600007027387	73.30800012111668
2.09599994659424	64.06000005483624	66.55800003051753
-0.2239999008178696	59.1399999451637	66.99000023841857
0.05999990463256684	63.44600001454353	76.61000006958837
1.3399998569488516	61.88999996662132	79.70600017607218
2.5739999294281026	66.25599978446968	71.20000013589862
0.7220000267028805	80.83600009858607	110.56799990773214
6.262000246047972	73.47599989771832	65.90399999782443
2.038000011444091	69.7620004665851	74.11600013777621
1.8819999790191648	60.562000182122034	73.20600019812586
3.236000022888184	68.95999972984194	83.30600011587153
0.14800004005432088	63.4819999450445	69.62599982649083
20.395999898910517	66.95200007438653	67.6140001392365
2.204000062942505	65.74599991083146	70.90800014674669
1.9719999885559076	69.85600003838539	69.47200008392336
0.41799993515014616	60.45599983692171	70.98199985265732
6.329999961853027	67.84199982643132	79.51799974203115
0.36199982643127304	64.33800011754037	88.71800013542173
2.140000009536744	60.71400003194808	88.85799975872034
-0.3959999752044674	66.54600008964532	74.95000006258482
5.922000045776366	91.95199967384342	73.2320001780987
1.6519998836517336	72.98599988579743	83.69600004568697
0.17999996185302763	64.8940003496408	68.40200016498567
0.9719998741149908	64.3960000395775	72.64999981880189
4.280000104904179	64.59800015687942	68.08799977138634
-0.11200003623962558	91.59600020095714	69.9600001096725
0.1100001049041748	61.00199994087218	63.13000003337861
1.927999992370604	64.88200019478806	68.81200005531308
15.14400008201598	66.21399978637692	69.44199991703033
8.690000114440918	59.759999822080125	66.77200004577635
3.577999973297116	58.28399993658065	69.65600015640254
-0.5680001068115251	64.44799986124038	77.30400016069419
1.132000131607056	89.2799997325242	89.69600008487713
0.4980000019073501	62.811999973356706	68.42400001764302
1.2480000782012948	70.45600001811985	212.2099999016523
3.4640000152587906	68.56800004839896	66.74999997138977
0.4480000495910631	57.94800007820134	67.23199973583226
0.9580000400543204	70.89000015974038	71.00199998855585
0.1940000152587885	98.48400029078128	66.37599998190994
1.2999999523162813	63.73599989339708	75.4580000460148
16.334000043869022	59.239999952316246	65.92400011062618
0.6800001144409165	58.81800000846385	69.65400005817408
9.534000034332271	77.12199980974195	69.91399975776672
0.5239999198913566	67.93999979019165	67.8639999394119
0.4160001850128172	77.80800015449516	67.50600004434584
0.5059998703002928	60.21600011199707	66.88600016072392
2.103999900817871	62.28799998760221	67.07600013017658
0.002000026702880164	61.83600003838534	66.27200000762933
1.4840001201629638	60.989999916553565	65.21200005531313
0.1620000839233399	58.07799983710047	68.9260001754761
13.009999818801871	69.92599998652933	65.03399999052283
0.6280000114440915	62.027999835610416	62.97600008428098
1.2460000133514422	64.41000015258786	68.28800000190738
1.5679999542236325	66.7220003151894	67.71400009632114
1.420000038146971	66.49400027811524	65.57000017881396
1.1180000686645495	64.45199989244344	66.20599994182587
1.0479998779296866	62.87599998414517	67.4559999680519
2.7719999980926526	72.55000000804655	73.2459997037053
0.9540000724792483	71.66399992942803	63.62999995708464
63.17400058746337	60.814000157415876	67.88000005006792
1.3500000095367433	59.43999992430215	66.50799979209899
0.5579999923706045	65.94200006827708	62.948000073432866
0.6280000209808325	68.80600023657078	69.03000018745661
0.5220000171661386	62.84000005841258	78.27600009441372
2.6500000667572015	65.59200000047682	74.07000003859396
1.3440000820159905	63.66399996399881	70.23000008821484
-0.05200003623962457	61.74599989652634	63.48800015926363
-0.23600000381469755	69.84600002288828	62.12800026655197
0.8979999446868897	59.65800009727473	82.1240000593663
0.9199999999999998	71.91399978354568	70.91599997431042
0.011999979019166069	55.10200002878905	69.23399989128113
-0.054000120162962156	58.8499998283386	79.12600018545982
1.9759999275207507	65.72400011360644	71.5619998311997
0.4379999923706066	64.54200019761919	86.95000017046932
0.6260000324249274	58.358000059127846	72.77999978303912
8.329999809265136	67.83400012016294	121.83399984419346
1.3019999885559077	63.55600003242489	63.661999869346616
0.7619999504089358	60.729999941587444	141.15199962615955
1.4520000267028812	66.22799997329712	75.82000022888181
0.0479999923706055	62.332000038623825	66.0379999077319
1.8939999580383324	67.05599998757242	72.08599991798398
0.4079999828338608	58.86799989297979	73.13199980497359
1.9700000476837156	58.50000000238416	68.48800018072123
5.644000024795532	59.36800015091893	65.70399998188007
0.8060000228881845	74.86800042033197	82.32400030374531
1.6940000247955331	70.54599982023231	91.66199999839066
0.10200005531310846	61.53600000381469	64.57200004175309
1.506000003814697	64.96200015634297	67.27799995660781
2.3240000343322764	61.82999994754791	66.36000026226041
1.1620000076293941	70.8640000398457	71.20200002431866
0.7120000362396248	68.53000005602834	71.21000011563301
0.16999999046325714	59.374000143408786	121.8259997701646
1.0339998149871805	63.866000106334674	91.56600025177005
0.6880000686645504	70.7479997956752	71.56000007629402
2.010000123977661	77.51600022792813	66.19400001525875
1.3439998912811282	58.822000125944605	64.15800032138823
-0.24000003814697426	61.304000248908984	65.0320000123978
1.6100000095367433	72.71199990332126	63.29600009381771
2.0599999904632558	72.61400004789226	92.5559998941422
2.684000072479249	65.12000012397762	68.11599984526633
0.45600006103515683	65.51399975061413	67.98799985408783
-1.19999991416931	65.51200017750267	103.19400099754338
0.986000194549562	86.57200016975393	81.74000018790368
0.28000001907348715	68.99399976342916	84.12200026094916
1.24400004386902	122.05600029885771	72.8819999706744
0.6159999465942392	77.03399982392793	68.90999998569492
2.402000036239626	89.44799998193966	64.33999993801115
-0.12400003433227667	68.73199968338011	95.45600002765663
0.8619999980926529	85.69400029063227	70.78200006484981
-0.05800000190734801	69.93200008332728	70.04000004768373
2.459999942779541	57.7419998836517	72.01399965926994
4.182000160217285	61.422000066041925	81.32400014400484
-0.2759999561309834	60.0240001440048	68.09000004291535
0.8819999217987072	88.72599985480302	66.64199993133545
-1.124000101089476	62.42799998655916	65.0539997816086
0.6579999923706047	66.88799995899203	71.25599981307981
0.596000080108644	59.95399986028675	163.69799959287033
1.964000053405761	60.75999990940094	81.56400005817412
1.38200005531311	64.21799980551003	79.46199985504146
32.87799992561341	59.0539999634028	69.6520000219345
2.972000131607055	54.986000155359505	66.50000008344647
1.4000001144409202	69.73399982929224	64.08200001716615
28.504000377655018	81.6360000842809	130.9519999456406
1.326000080108644	67.31200002491468	68.99799998074766
1.6980000877380386	63.37399991869924	75.50599993944171
2.6220000648498556	77.0080001688003	92.67600008487692
-0.38199996948242204	88.12000014305116	69.34599966049194
5.684000015258793	63.57999996423718	69.16999998018142
0.6680000591278085	60.56600012421605	69.4120000219345
10.21800001144409	65.93600028276447	64.25200001955035
2.108000049591065	61.058000159263656	71.52600029945378
1.1639998626708974	74.11600019693374	74.00599994599811
0.4419999694824203	92.21400013759722	64.76399992942814
-0.626000041961672	63.00999980658291	69.12799979925153
1.4620000839233391	64.77799993515012	107.84600003093473
-0.13200012207031214	63.640000000596054	63.23799993515018
3.9280001354217515	65.35799985587597	71.99200011253359
1.1660000991821289	60.46799996852874	64.99800004243848
0.41800000190734843	60.88599984228605	68.83599997401238
8.01399996757507	58.31999980688096	96.32000014305115
-0.2840000629425061	63.033999993801125	68.13999987781045
4.1380000019073515	72.44799990624192	79.64799990564578
0.4160000324249273	61.52400004029276	78.66199990987779
2.330000038146974	69.78000013917686	73.76399990111581
33.10200044631958	61.97000009059905	87.94599993944166
2.4780000782012954	69.75400018036366	76.55400027513504
14.952000064849855	59.901999839842254	99.53199982643126
3.9819999027252186	63.95400000572204	69.28799993038173
0.24400003433227435	76.33800002858047	75.24800014972692
1.0699999427795406	67.00200007051228	67.58000010013573
0.283999977111816	57.339999905079594	74.98200005412109
1.2319999313354477	63.312000025510756	67.05000027656556
0.2219999790191662	61.85799980401991	68.73199980735775
-0.6480000591278072	59.306000213623065	68.62999990940098
0.9240000724792502	61.19000010311606	66.14400007843973
-0.0859999847412114	69.0220001387596	63.10200001716613
1.0199999809265157	68.5580001735687	77.35000004410742
-0.7280000114440913	77.13800035402177	70.90000015735629
0.4040001296997083	65.94199994444847	71.59200009346011
1.9219999599456807	68.88599987715484	72.5299999189376
2.8640000915527337	66.19400001525878	72.71599990844729
3.4400001621246337	64.77000017851594	78.42400016784667
1.6620000362396248	57.26999991893765	69.80799998283393
0.03999996185302609	64.8040002843737	103.04599988937373
0.2040000724792462	61.56400006055828	70.12799993515011
1.819999952316284	84.7580004358291	66.5820000648498
0.46599986076355104	61.71400005921723	71.06399989843354
1.2339999389648457	68.92200009465216	80.97399981975556
1.8839998340606687	58.3200000452995	66.01999997943643
0.18200005531311086	58.673999908715416	64.91200005143881
0.11800000190734938	61.70800004914403	64.64600000858304
-0.4479998874664304	59.238000096678725	64.54399996817112
1.510000143051146	59.713999971151296	69.52800011545422
0.8240001106262198	87.28399988651263	85.02600013732913
0.5020000648498538	63.616000037193274	69.87600019574168
-0.4120000457763674	68.14199988767497	70.19999993324271
1.5019998836517332	85.23400022506713	71.36400010108945
11.993999977111814	65.51200009107593	74.19399996280669
0.23400008201598987	68.1900000965595	70.40199988245959
3.0560001087188713	78.86800005912771	80.67000028371808
-0.15599999427795544	95.36200033664703	66.52599987983696
1.589999999999999	59.77799997806546	70.76199992179875
1.5839998912811286	65.3940001535416	70.26200020700689
19.015999855995197	64.91400001466273	86.75799983322618
0.4360000991821298	65.09800001859664	70.27799988985066
1.308000040054321	91.38799982309341	71.66600009918221
1.1939999389648455	59.11799997091294	73.2539999008179
0.502000093460083	62.07000008344648	71.94200004816055
0.008000001907347079	69.33400001525874	64.00399991303682
1.5780000495910644	70.8799999025464	68.8380001878738
24.279999725222584	63.346000093519706	93.60399943351746
0.10000002861022904	64.85599978685377	84.9880000019073
21.15599977493288	59.718000190258024	68.74599992841488
1.7459998989105239	67.20399987220762	70.55799996852878
0.7680000782012942	61.90200001955026	61.98399978160857
3.7340000820159873	74.2699995279312	67.01399982929225
1.6959998512268073	75.35800008535386	88.50000013589867
0.24000006675720098	64.35400000691419	66.30800008773807
0.35000003814697267	63.26200003981586	77.49799993634221
0.671999988555908	69.22599983692163	68.24999995708465
2.481999950408937	63.74199999392028	73.2479999017716
-0.5120001220703133	80.43800014615053	79.43799980759627
2.690000104904175	61.64199990153316	100.3220002651215
0.9900000095367447	58.516000020503995	69.64200008869177
1.698000030517579	61.61399998784066	89.15000004768385
0.9919998931884758	63.917999963760415	67.54399992227549
-0.331999912261963	61.19199997544288	67.33399999141692
1.3039999675750733	80.03800001859662	80.86200021743778
3.874000005722051	64.37199997380377	68.8780000019073
1.8339999485015868	61.2619998036325	80.05199980258953
1.0020000267028812	64.93200008630748	76.10000007390977
1.615999965667725	76.02200015515083	77.48400002479553
1.4260000896453853	66.82799985170371	73.42599973678585
0.06399999618530332	65.72999993443487	66.07599999427794
1.9999999713897703	79.09999959111207	72.18000004768366
0.6560001087188728	67.56400002092118	74.02200003385545
2.3979999542236317	66.5359999597072	79.77000010967252
0.440000009536744	67.030000320971	72.3339999848604
1.9539999485015862	71.32800020694727	69.13399982452395
4.16600001335144	74.03399992614983	77.05600029468528
5.82999989509583	64.20199997901913	83.98999974057075
0.5140001106262216	63.339999896287814	67.80599997043606
0.2720000553131102	67.9099998572468	79.42200034856798
-0.5900001049041746	76.70199994802464	77.75199983209376
1.341999969482421	68.33800013780593	67.869999947548
2.1020000934600835	69.89199988484386	79.4659998559952
-0.13999998092651303	58.51199991226192	79.14599994778634
3.0299999523162824	65.56200006976728	73.61200003981587
1.155999946594237	64.94400004863742	72.61999985694891
1.5159998130798322	80.28000017285348	76.91600011944773
1.9019999408721893	85.51000012874599	74.07199973702429
0.41599994182586786	50.11800000905991	56.35800001144413
2.99600001335144	64.98199986696244	77.52399972915646
0.5240001678466785	63.96400014638896	64.77599999785421
2.274000015258791	67.15600000977521	76.01800015211106
6.091999959945679	62.5520000648499	67.74600013256072
2.82400008201599	62.81599993824956	84.86400002002713
1.7640000057220464	66.30599986121055	81.22000001907352
-0.5900000381469717	74.12800014317037	67.02400000095363
-0.1460001087188729	61.95000000149013	69.99800011634831
2.1120000076293963	64.9060001793504	70.80599996447565
2.152000045776369	58.60800030827515	62.473999946117345
0.20999996185302705	59.91600019454956	63.45800013691186
5.902000112533566	67.27400007486344	114.1859997010231
0.7460000896453871	63.408000054955515	69.92600019127121
18.16799985885621	65.64000018000606	75.32599997341634
0.19199995994567765	61.98799988746646	70.95400020599367
1.0980001544952394	61.89799987867475	75.89000024795537
2.641999921798704	65.63599987745282	75.72199990272524
0.8619999217987064	72.09600019216536	72.84799993038177
0.6299999427795425	62.97199997067452	67.55799982547761
1.4780000591278077	64.99599986553189	71.36599987983703
2.2060001087188743	68.24600008681408	69.97799992084506
0.5400000572204608	59.80999988034367	75.92599962592121
0.8260000610351569	59.051999996751505	70.18199999213225
5.370000028610228	61.924000256061575	82.07000011682503
-0.2820000171661381	61.208000183105504	63.88200013160703
1.4719998168945319	63.25400003314017	75.24399991989134
3.210000038146975	63.883999969959284	99.5180000638962
0.0020002079010004274	111.6940006271005	70.07399998128408
2.2660000801086446	69.70399992883202	68.02200012207027
2.3819999599456776	78.6719999410212	66.60199996471407
1.2000000190734852	72.19599978208537	67.89399988770474
1.3499999332427968	67.50199987530712	71.17600028038031
5.256000013351435	65.79599992111324	67.98800017327075
1.2359999561309822	64.54999997615815	70.30600004196161
0.6980000686645508	68.8660000805557	68.98400017261504
-0.26399999618530146	79.45999970197684	98.19200023055068
0.168000059127809	58.572000014781956	70.61599997043608
6.8439999866485595	62.68799999475477	69.71800000190737
1.9900000476837172	65.03199989080424	72.76200002193444
5.757999897003176	62.49800010800359	94.67799970150001
2.2940000057220464	65.12400007724763	75.01000002861028
22.67199976921082	65.34999966263769	66.38200000762941
12.950000095367423	68.63400034427642	73.67399999618536
1.0060000610351563	72.60599993705749	74.2160000467301
1.7760000514984102	65.49000009059908	73.75599992275235
1.7420000743865964	64.01399993643163	69.8300002813339
1.1819999980926503	69.68400009781122	76.2979998016357
1.9080001068115233	58.19000002861024	68.45199997901925
2.00000002861023	66.34400026038287	65.6599999713897
-0.25799997329711827	64.3740000036359	92.8639998435974
0.881999998092652	61.78600005149843	67.25000010252
0.3519999313354509	67.58600019782784	74.959999858737
0.27999999046325746	68.65800029873856	73.18599988460542
-0.28999986648559456	67.8520002658665	95.12999991878868
1.524000091552733	70.30600003957748	70.54400023818017
0.1100001144409185	66.18199985206125	72.57800017356873
0.9359999752044675	67.35000011682506	66.62800014972686
2.7660001277923563	62.237999856024956	68.4899998819828
3.2960000324249275	67.29799986600878	69.73199996948243
1.635999965667726	56.55199997305868	74.66600011348723
0.81799994468689	66.02400005340579	71.41200019359584
2.4840001010894777	59.83599994003763	72.23199984431267
0.8779999828338603	66.06800012648108	70.90400023698807
1.471999988555908	77.1879999959469	70.07199998855592
3.2080000400543227	61.87799993470311	69.3320000171661
0.9019998741149908	62.94800001621246	66.2959999704361
0.5759999370574941	62.18200014352796	60.15599987268446
3.570000047683715	63.365999976396566	136.52600005626678
4.525999965667727	64.05799999594686	73.42599980741736
3.0180000686645485	63.723999956250175	68.27600022792804
0.8179998874664322	62.04800010442728	110.20000001266594
1.3540001296997082	59.8599998354912	66.78600028038024
2.155999975204469	63.01199986457824	82.48399976775043
8.00799997329712	67.2200001144409	65.78399975776672
0.7760001468658452	59.33800008177756	101.8779999899865
1.4499999141693105	60.875999957919085	72.06200002193452
1.8119999599456766	63.988000281453104	66.04000005126004
2.2419999122619627	64.70400027275079	70.69400004386908
3.0319999313354478	66.13000003814697	73.56399994850153
4.025999975204465	62.11400003015993	66.73000018596647
0.8679999828338623	60.2760001707077	70.32800006106496
1.7960001277923578	63.93599984556434	98.35999977350232
4.592000150680548	77.04800004124637	65.02000005006785
0.43799984931945646	64.63999996095899	68.0300001382828
3.111999912261965	62.661999959945646	72.41200016498564
1.8039999771118183	61.78000018060205	75.91400016307826
-0.4039999389648428	66.66400003045794	70.590000193119
0.17799996376037722	65.63599993944177	72.25599982738491
1.3320000171661386	62.70799990177153	86.62599976658827
2.697999992370605	61.925999898016414	76.58600006580349
0.09199991226196305	60.580000113248836	64.52600014686581
-0.6239999771118169	72.34600005626673	63.580000059604636
0.8960000038146988	60.58400008678438	93.1060002122819
0.8239998531341569	59.2520001287758	68.23200007438652
0.864000177383424	61.65600003048773	68.01200016021731
-0.7440001869201665	59.56600004196169	80.78800008952612
1.5339999389648442	60.78799993038179	72.66800009489059
0.39999999046325735	64.52999992132187	71.21000008106235
2.2739999675750733	68.09400020599362	69.15600003242494
2.0779999732971195	62.73400007277724	71.3900001013279
1.5879998016357435	59.39200006633996	104.36199970245356
1.3359999275207517	66.80199996188286	72.92000017702571
-0.646000032424926	59.003999935388535	80.40600040912636
1.2420000457763658	61.377999978065446	76.91999991819259
2.370000066757204	61.435999999046324	65.61800003528593
1.370000057220458	71.1319999575615	72.85799993276602
3.6359999275207517	68.4439997243882	77.6059998929501
1.880000009536742	73.55799996644254	79.71200012207026
23.393999893665292	63.02000014603138	93.55600026130675
0.8719999504089365	78.24799987077725	89.86600040718913
3.0819998836517355	68.46600005090242	90.86999975204466
2.0840000057220434	78.18400016367431	82.72399979591371
1.5319999694824216	71.71600008010867	67.81399999290703
-1.1099999618530265	73.5020001764595	69.42400018036366
1.5620001029968238	61.59200020551686	77.99600005149843
0.21399991035461277	83.86600011467927	78.22399988889694
4.648000030517575	61.627999873161315	65.43200013160703
13.618000078201286	64.17400005340576	71.89399999618533
0.24200015068054176	62.30999989911913	90.0319999027252
-0.37200000762939406	62.09199983596807	82.86799991816281
2.0459998512268083	60.116000067889686	73.35800013542178
1.2319999313354497	66.15600014969702	73.67800020217898
1.3719998836517306	61.95000025391576	101.42399946093552
1.7019999790191676	66.27599986270069	69.89599984809756
0.7079999732971195	63.05199986934662	74.79000007152551
1.7920000648498542	79.05200029805307	71.90999990493061
-0.004000034332274782	58.006000022441135	66.91399987459185
0.4559999656677243	61.24600010395047	67.52599987030023
2.072000045776368	74.01600013136856	72.45399991989126
-0.014000005722047296	63.3739998021721	68.64999985873698
2.6340000343322756	59.214000006914155	68.25199999377128
1.9920001316070546	59.45200010418893	65.69599988937374
1.0299999237060533	78.1839999508858	87.377999753356
2.186000108718874	67.57399977445596	73.5499998652935
1.2219999217987074	68.52200003743171	72.59599982827903
0.1599999999999997	70.39400008201599	78.51999981999397
0.28800002098083616	65.79200002044443	70.64599998414509
1.6079999828338607	66.49999993517996	72.76599995136266
1.1679999828338647	60.56600007057191	72.41399976253521
2.095999994277952	65.18399987369776	81.56599980354315
0.6019999885559068	67.13199993371965	63.498000013828275
-0.06599993705749452	79.9439999103546	104.58599989891056
0.1459998989105214	60.88200029373166	69.84000000029803
11.621999750137315	61.8179999637604	77.15399999618523
1.6899999523162827	75.78200007915507	101.70799982592482
1.348000011444091	68.06399994492534	66.51000020980828
2.2599998855590835	64.77200001239774	75.83799977064136
1.1460000991821293	57.309999980926506	79.42600014448166
1.8640000724792471	69.84999981448051	67.31000001668924
1.7719999980926526	66.17200002193454	92.04799983575951
-0.16999993324279739	65.22600013971322	70.16600029036397
-0.47599998474121197	63.667999964356454	75.57600034713744
0.343999977111815	61.891999991387074	74.185999686718
0.5040001392364506	59.5040000657737	78.56199995875356
-0.4720000171661366	60.015999916791884	91.11600006341932
2.389999961853027	61.821999931335476	69.24200003147129
3.3860000419616703	67.49400003075603	72.32199983596801
1.8799999237060536	65.27600015163428	74.88600003957754
2.3660002040863035	59.557999917268745	77.22999988794326
0.8219999217987047	60.8979999685287	69.01400033563378
-0.5300000476837166	62.68800015687946	71.16800013124939
1.1619999790191662	61.66199978590013	75.99600001573566
0.6499999809265136	65.74999990627165	70.49199984073643
0.16199992179870581	74.73199982762328	64.8360001191497
0.25400005340576115	62.31999994397163	67.3979998409748
4.868000097274779	58.88799981355663	72.08600022703412
25.607999916076693	62.826000088304326	69.7979998993873
-0.2700001144409196	67.56599998906246	71.43199997305865
2.306000051498415	65.3880001246929	70.58199978590011
-0.1859998893737785	65.27199993267655	66.79599990844727
4.826000061035154	62.238000020980856	66.49800019353628
1.5800000381469723	79.2579998302459	78.3019997358323
-0.16000000953674376	69.76200005486608	66.01199999615551
0.7820000171661381	58.78800010919567	69.50800029277805
5.184000034332276	60.02399977296589	68.16400023698804
0.8699999809265154	83.82800021052367	69.7800000667572
2.8640001869201663	64.17200007200248	69.86399980902671
7.3439998912811255	59.369999939948364	80.68799996376043
1.2379999351501458	65.14200009346007	88.21000032618639
3.2680000209808338	61.85399990946054	67.58599993705748
0.5920000648498517	64.67200004339217	69.73400003910065
0.6440000438690205	67.6879997462034	84.32400008916858
1.0219998836517323	69.37799999594687	63.17400004863739
3.07399991989136	80.724000263214	81.46799991250042
1.1020000076293937	63.67999971061945	66.66400005429983
9.728000011444095	60.69799998998638	73.45400011062625
0.6559999847412087	65.3179998159409	69.08999989897008
0.685999851226807	63.576000289917005	93.7800002384187
0.8939999485015866	79.45999994084234	107.80800048828128
0.5440002155303946	89.4099999523164	72.91400004863735
0.9740000057220468	180.60799957245595	279.66599807158093
3.905999879837035	66.8999996709824	66.23799999713899
2.1979999256134026	83.80600046142945	74.6740000744164
0.24199988365173497	62.50400013446809	65.18400013923649
1.3839999866485608	64.88999998003244	66.25600000858309
7.0359999084472635	62.01200005054472	73.24399997770789
0.6480001354217542	69.3580001461506	80.03200016379363
1.0380001163482677	65.47600014805788	85.4179999640585
-1.286000051498411	68.20800011634822	71.09799960181118
1.1080000495910654	61.666000072956116	64.43399995326995
11.872000012397766	64.20400001287463	65.33800002098083
4.7540000343322735	60.590000003874295	65.51400000095374
2.529999961853026	62.78200029611584	70.90599988460544
-0.1819999504089356	67.05799997806545	70.63000026464464
0.7500002479553224	60.55199994921684	69.73400008678439
0.5240001296997057	63.99399980187413	74.78200006246566
0.5599999332427965	77.54999985516058	69.7660000640154
-0.5199999809265153	86.78400017917154	67.67399993091824
1.6639999198913582	63.29999994188547	76.42999989986417
-1.1359998512268057	87.69599947452546	65.5560001468658
2.2740001010894786	63.11600003242492	86.69799982547757
0.8939999866485574	62.726000001430485	66.79799994468686
1.9359999179840082	78.44999966144549	72.00800021529196
4.912000017166138	63.22399964243171	67.68800002813337
3.6179998970031764	63.73799993991854	80.36400014281271
0.10599998474121189	60.230000081062315	81.82600035190586
0.007999963760374432	58.853999892622156	71.79000004768373
0.5880000686645521	62.33200006008144	69.96999991536143
0.7180000305175797	63.64200002402066	73.43399997949595
12.892000045776374	66.1379999005794	74.80400000333779
0.33200000762939574	69.8039996999502	105.87599994450812
-0.38399995803832876	62.138000060916	71.3139999103546
0.5140001392364503	62.957999923229224	70.70200026512153
1.7119999980926526	65.05800013542179	65.04200010776516
2.0600000190734855	60.23199984550471	62.5880000972748
0.5059999847412124	76.56399969339371	69.81999993085866
0.539999952316284	75.8139998018742	66.6340001225471
0.44800001144409324	60.76199982285502	67.85800006389616
3.7440001106262226	65.40799989223477	69.72399996280669
2.2600000381469743	63.18800018519163	73.12999992847439
5.959999961853028	69.27199999332424	82.37999993324277
-0.4499999427795399	62.02999998807911	73.90200009733437
1.4700001907348623	74.44400047734375	70.73000006675728
9.200000057220452	78.33600000441062	69.22200012207028
1.0180000972747791	60.09000010013587	70.72200005531306
8.979999971389764	61.65000006675726	74.52600002229212
0.8819999122619627	63.94599988818168	80.64800033569337
1.6500000190734867	84.92599970817564	70.92400000214573
0.7879999923706055	61.48399993836879	70.0899999192357
11.216000032424919	73.63400002241121	72.80000010609635
5.1259999084472705	64.31800019741057	73.05999984502786
1.5879999446868884	61.85200004190206	83.20200017929078
0.3059999942779547	71.98599986791598	67.47599989891054
1.540000009536745	68.68800012826915	69.69399986743919
5.4159999561309835	63.459999918937704	72.23000000402338
1.7939999771118182	63.39800011634827	75.75599974393835
2.672000007629394	66.08199996352194	93.01400007843975
9.510000076293952	62.8439998945594	93.33200016260139
1.6720001316070552	61.20600005820392	72.86800003141168
0.18000001907348498	69.60199985265737	72.67599992513655
0.8340000343322742	58.30600004985928	79.2720001459122
1.4980000019073498	63.495999853014894	69.16799981594079
1.796000080108642	63.6019999837876	69.99200022220607
1.5119999217987068	59.97400002360345	104.29999968335024
2.2400000572204593	58.51199993848799	66.68399994850158
1.7040001010894772	70.24200007438654	71.39600015878678
0.8180000305175785	62.14399987459181	79.46200016498567
-0.09400002479553278	70.44199976444247	74.83600002378219
5.58199987411499	62.87999987840652	68.37600008964537
1.0639999675750749	64.04999989941713	78.83999982595451
1.8900000953674314	64.78600006580349	96.28199980735782
-0.6439999961853046	70.25600020170204	70.7080000531673
0.612000026702881	72.58599991545084	71.31799999713897
1.4840001869201662	64.4560001397133	86.70599980473523
-0.3640000629425059	70.27599985837938	64.88200001716616
4.501999912261967	61.685999912023476	71.49000030517574
3.2200000381469733	62.69600009143351	68.57800019264218
-0.24200000762939342	76.9800002449751	99.17599993139514
-1.0159999561309818	63.70600022554395	74.29600026607507
5.579999990463258	62.525999965667744	65.80800011873248
0.5740001010894776	58.88400019526481	76.74399992942809
0.8739999771118147	59.20400018930429	68.27399987220761
28.921999599933624	69.04200028866518	72.1679999399185
1.7160000419616694	59.01400021076205	69.93599996566768
1.1340001106262207	90.5720000255109	72.53799988627433
0.5339999580383297	59.53199990391736	65.75600004076958
0.5779999828338609	59.67000006288288	68.99400009155273
1.6399999046325695	69.56399994015699	63.73599995464081
8.512000007629387	61.281999845206705	69.40600014925005
0.2519999980926512	86.53799990296356	64.60600003957745
0.6460000991821279	65.31799961566924	81.57200016975402
0.14600005149841339	80.55599995493886	65.60399985313416
1.6020000839233384	67.37199992775916	83.38599999427798
-1.343999996185302	65.01800004005435	63.602000045776315
0.8999998664855973	61.0339999990165	97.87200000047686
0.5659999465942388	65.07399990975856	69.7120000131429
8.07199991226197	60.47800007343293	93.19800031408667
0.3800000000000011	62.69799997091287	72.47200002670287
2.2380000400543216	65.27399978518488	70.60199990749362
-0.17400002479553076	64.84399997949598	84.04000002384183
1.7360000419616697	86.7020002865791	74.45000008702279
0.6780000495910632	59.663999881744395	72.10400008916855
2.7939999771118185	68.42000017166143	69.31000023841858
-0.013999967575073087	58.545999765396076	70.49399983406056
2.141999998092652	63.73399998247616	70.57799993276599
1.247999935150147	64.6159999525547	72.70999992609023
1.3459999275207502	62.834000415801995	80.85800008296957
5.900000028610225	61.62800023347142	68.20200011968606
2.2599999237060544	81.92999991148714	67.49999998867509
1.1919999885559092	61.77400002002718	63.468000087738055
1.8400000095367444	69.45199978828425	77.20600028038025
11.58199999809265	69.39400003194804	79.98799994587893
0.8520000171661363	70.00600011944763	80.92400026321405
0.5040000724792464	62.62799977421763	73.92599983572951
1.0639999389648465	88.32600025117391	68.86000027656557
11.944000072479238	69.62999980449673	71.64400003373619
0.03599996566772319	81.13599978446945	66.20000005245211
0.25000000953674406	68.29400000691416	76.24600028991698
-0.08800006866455	67.02800009012226	74.83000007882708
0.9820000457763668	60.33599973142151	74.09599987983711
-0.22000003814697228	77.13399990558624	64.45200017213824
4.0439998817443845	65.20400026440619	74.32000016689307
0.4460000610351561	70.33800001665945	68.51199985861778
4.191999959945677	60.29399986386293	67.82799992561333
5.800000019073483	90.4259995615482	73.60999994277958
0.43400000572204755	72.94199989557268	69.93200018644337
1.738000068664553	77.11600031495095	75.1839997708797
1.1660000514984137	62.41800012171268	70.40600011348721
2.0760000801086433	65.84399968385692	84.99200006961824
1.5419999217987057	58.476000022888215	68.93200024604798
1.759999990463259	61.56199995279312	74.75999990224841
3.5759999847412076	64.84600012421609	113.83999981522562
3.2940001296997066	74.11799996003512	68.41600004673
1.2440000343322746	72.53999990373846	68.01800001457332
0.2499999618530269	64.46000018477432	79.74200019448988
2.3399998664855928	72.18999979257578	69.18800010919563
-0.5800001621246348	62.28999995708469	82.54999996185306
1.3020000171661377	64.89399970218538	76.1700000619888
4.461999959945678	69.26400006353853	68.69200011163949
8.470000009536745	64.13999989032743	68.31199999451638
1.4940000724792477	60.774000141620576	84.33400007247921
1.2239999866485607	62.35800000667574	69.46400019466877
-0.43200012207031413	62.06999998092651	68.77399984449147
0.7320000076293948	63.34800002902747	110.35599907636652
1.7800001239776593	67.01599992692469	76.74999996379017
1.5579999923706072	60.40799975395206	119.34399955153478
-0.16599987983703746	60.68399982243775	70.15600017547601
0.4160000038146959	61.580000041723196	59.13999999523158
0.7980001068115229	60.75399990081787	66.4960002489388
1.342000064849853	57.25399992078546	92.19600034713744
0.2280000114440903	59.26199983716011	65.8240002328157
0.7000000000000002	62.62599972605708	69.27800001621246
2.3359999465942374	68.26399974763395	98.51799946963797
1.3760000610351568	61.085999799966785	75.03199989795675
3.6740000629425045	69.86400019407274	73.97800010681138
1.1220000839233404	68.23200004577627	72.25200008392339
0.4100000858306886	72.56599967002875	68.06999989271162
31.45000031471251	62.60400012135507	70.25600000560281
-0.3079999637603752	61.47600017070767	77.07400000780821
0.15799987792968892	78.68800003692503	73.29000015258785
0.43599992752075245	59.041999912261915	78.38000039488078
0.46400004386901694	61.367999838143525	91.20800070241104
1.0080000877380366	75.69599992081521	79.62200005531317
3.268000049591066	62.52399995803833	74.80599984049792
1.17000015258789	61.017999863624496	71.33799994468679
-0.6379999828338614	59.34799982070922	90.36399997666467
1.3059999561309816	58.80400014996527	69.22800006270407
1.4780001258850104	66.00200005292884	65.63199996948241
1.3200000572204595	61.80999995037912	72.86800004959105
2.7079999160766617	63.128000102043124	71.26200015425674
1.3259999275207492	67.43000019565226	67.28599997997281
1.0119999599456797	60.225999999046316	65.29400000572204
0.31400007247924894	64.94800003290173	80.33400024414068
3.3640000534057624	62.19600016117096	78.42799979448324
0.20400011062621964	79.16200016975405	100.76999977350233
0.6799999809265124	60.3099999046326	67.04600025653839
3.9999999999999987	69.86000004842876	71.03599992275237
1.2580000209808373	67.38200002908705	67.05400021746759
0.5079999923706067	59.16799998760221	85.32199991703035
4.000000076293946	61.830000254362794	67.81400030612944
0.17200009346008382	59.10600008443001	68.06400001525881
0.3740000438690186	59.533999900817875	63.474000194072715
2.820000009536744	62.10800002813339	73.29599980592721
-0.5179999637603746	64.38799987196923	67.13000016212465
0.3660001182556149	73.54799974322319	67.8160001087189
0.2139999485015867	65.43000016733997	69.99399984121315
0.5859998893737781	65.20600030183792	69.00400005340573
1.1220000743865948	64.74000002533198	65.95800004005433
3.267999963760373	62.27599981918924	81.31200002551081
1.203999814987182	61.4139999790489	65.34200005576012
2.8419999980926542	70.56399994760751	78.11400006204843
0.5080000686645506	61.57199997663496	72.33599983334544
0.7740000247955334	72.85799999088042	65.54600004196168
8.591999921798703	60.66400004625318	71.00199986457822
9.220000152587893	70.7460001981258	68.68600001931196
0.5319999599456776	63.314000422954514	72.51400015592567
1.4459998798370348	66.24800026118749	69.4920001268386
2.7300000667572046	65.51799999520186	71.3540001106262
1.7120000171661354	66.66399974465364	75.5060001063347
0.8059998512268078	67.3219996976852	72.10400011301043
5.249999895095821	63.34200002789494	82.22600012779222
-0.9759999370574938	73.1780002307891	71.7520002365112
13.425999832153325	65.66800014495848	66.79799974441528
2.620000076293945	62.999999862909334	74.23799987703565
5.017999992370606	65.91800014972685	185.64599934756743
0.3140000534057624	59.50400020599364	70.71600028753275
0.9300001525878887	61.53200002670283	74.58600016862157
0.36799998283386226	60.05000027418141	65.51200007021426
2.832000007629394	71.40800002247092	73.74399997472767
0.18600008964538733	62.51799992635848	76.14600016593936
0.2800001811981206	67.91800008252252	66.34000009536742
0.7499998760223398	59.30400007009501	73.98400005936618
2.379999971389772	67.91599957823753	69.17599994063377
-0.6520000648498532	66.33200005412102	68.80199987530709
55.719999217987	60.10599975869057	66.21000005722044
1.6800000953674314	64.14400005936625	67.64200005769733
0.5420001029968269	62.53599981725216	66.17599997162816
0.38200008392333845	77.98800019264209	71.04799982264639
1.4679999542236328	69.25200006261466	74.19000023841865
-0.6420000839233395	70.39399967670441	84.91400032997117
1.1940000915527362	56.476000132560706	61.79999999105929
1.1560002136230454	66.47399978473783	82.75800001740464
1.473999996185305	62.50599978923799	76.67999991178515
1.5880000400543222	63.628000063896145	71.28599997043604
1.7979999542236316	60.831999888420036	74.82000019297006
0.894000024795532	60.654000177383445	76.15200001239772
1.3479999732971197	67.47199979901313	71.62800004720688
2.4960001373291014	63.67800002023575	77.27799981832499
0.021999912261962677	86.1699997580052	71.75199999928466
1.100000019073485	64.13399988114831	73.3259998607635
0.3020000171661365	56.88200011610987	78.89799994230273
-0.1779999732971195	74.80000033736228	84.45399997353557
0.07400000572204601	61.183999896645524	82.97000005722047
1.1040000152587883	79.7619993710518	65.40399996519092
1.9440000534057629	69.25000027418133	70.29199988871815
1.1740000534057613	69.9920000533759	85.75000021696096
0.9720000743865966	73.17000009298319	84.60200045108796
0.3700000572204586	64.43400000602014	64.96199994564057
0.561999940872193	65.62399986147875	84.49799984753129
1.609999990463256	77.10399973750113	104.40200027942655
2.1539999866485586	61.97999988749622	67.05599993228907
0.8280000686645511	72.32999980211254	80.42600004434584
1.1099998474121078	89.21600054025649	89.73799995422361
1.4220000648498552	89.35799994230261	72.15800014019013
17.690000405311576	58.477999805212015	66.8580001854896
1.4780000400543218	65.85400004431608	71.0619998192787
2.127999992370607	114.8140002290904	66.89999984264378
0.9020000171661376	63.874000198841074	68.32400024890902
26.274000310897815	71.67000059723861	88.01200014412399
1.3840000915527333	62.74800008967528	66.28599989235401
0.6720000839233411	56.90200030088423	68.9759999775886
0.7179999065399166	69.00199984550474	109.64199995279313
1.8700000190734851	81.26800027370449	66.48199993252749
22.769999818801885	62.176000089645406	69.64199997782711
1.0499999713897687	60.019999958276735	68.64599992394442
110.6539991474152	140.53599932834518	308.7619974644478
0.3340000438690167	72.63999970316875	68.65200019836432
1.3879999923706048	63.010000196993325	70.05000010013579
0.33199988365173394	68.44199986457818	72.87799951553345
4.424000129699707	58.10399994581939	71.62400005340577
0.16199998855590872	62.99400016188621	95.71400019824497
1.0399999904632578	64.28599991515277	92.66599977731704
6.834000177383428	67.64800000429153	64.10400009632104
0.3599999809265126	73.14000004246827	99.69199978113178
0.7380000495910655	65.44999995946883	69.27400014877325
-0.12200007438659756	70.34800012469286	68.32399993181235
1.2720000267028826	63.456000013351364	71.84200017035006
3.679999952316283	60.92200000166891	66.69599997997278
7.4720000362396215	59.74200016498563	80.17600013732914
-0.3759999561309795	125.32999987840643	80.85399977207182
1.9119999408721935	86.56800005316734	93.93200020074842
0.5420000457763688	66.73600005626675	66.55800010502332
1.1539999198913593	66.35999970912933	83.2279998826981
-0.20999996185302836	62.610000071525555	69.82999995946885
1.8120000457763703	66.59200004816057	81.93399989619847
4.583999938964842	63.298000085353905	69.97000008106235
5.834000034332272	65.52199989318844	73.11400019168853
2.336000099182129	61.466000015735624	67.77799990892416
2.884000043869018	61.12599991202358	70.0000001478196
0.07600000381469688	76.28799980282777	68.50400009632116
1.8760000324249262	75.37799998879434	68.57800001144413
-0.05400017738342386	99.2839999057352	80.41399996876716
4.253999938964842	67.68800004899501	66.3760000348091
1.069999942779541	57.61800002574923	67.14199990749358
1.352000064849855	63.65000021457664	61.6640003538132
-0.017999944686888786	58.53999995708464	81.6799999260902
-0.21199995994567847	62.32000009149315	68.68399999141693
1.3240000534057625	60.36199983522291	73.04800024509429
-0.11600010871887365	61.65400006294249	61.44000009134406
2.5079999923706073	68.76200004100802	72.03400015354157
-0.15199998855590988	66.3900001478195	73.14000024318698
1.2039999294280999	74.2599999642372	93.6839998936654
0.4839999198913585	66.87199975490569	87.35399975299846
2.294000024795533	63.462000041008004	69.0900001525879
17.047999954223624	61.35800008177751	75.19199970960612
1.1960000133514403	76.52000026464465	60.78400019884109
0.620000009536743	68.14199980258937	72.21799989700317
1.52600004196167	59.73600012063979	77.879999998808
3.271999921798705	62.21600033819672	69.72400017976763
0.6780000019073484	83.52000017881397	76.95800008773794
2.7140000915527365	70.75600037872793	162.5000002980229
2.697999982833862	77.92400022119286	68.41800014495851
1.4919999599456768	58.644000072479244	71.73800006151195
3.729999952316284	76.47399996802208	70.04999997615816
2.02999994277954	65.34999998807916	70.25800015926362
11.411999835968013	64.22000012516976	72.5460002231598
1.3220000553131104	61.2500001366436	63.49799986362457
8.644000053405767	68.44600017368793	68.93800002336498
-0.12200011253356938	64.17600004196169	67.61800014495854
1.9759999275207516	82.63800030261274	70.85400011897086
-0.741999969482423	66.9840002083778	83.47600008964534
0.9600001239776599	64.36600009530781	75.0599999451636
6.654000158309938	59.68399997115135	68.42999993085863
0.24199999809265207	74.41200012207037	86.54600003108378
0.29599999427795254	74.30800052404405	68.29800001621244
2.254000062942503	64.3099999260902	73.41399988949296
0.1499999141693112	98.11800038456916	69.97999985694877
0.6720000267028822	58.79000018075112	81.92799976587291
2.2559999656677237	66.28600010752675	71.63600005149847
0.060000047683715765	63.671999945640586	64.95599998712538
1.1800000095367442	72.37400011971592	76.81199995994572
1.9020000553131104	63.44800040245058	85.52199987843629
0.8699999046325682	89.99800023794171	73.28199991703026
1.0719999694824203	73.03199988484378	68.52999982357025
15.225999898910523	66.9759999728202	73.59400014638899
-0.013999919891357848	65.28000025764109	70.86600003719326
-0.2579998779296871	55.32600005745885	102.7819997018575
0.3539999675750738	57.9259999990463	69.41199987888332
0.5679999542236319	64.89200021460651	80.15600032716996
2.2700000953674317	61.87400002241137	65.3800000143051
4.1900000190734845	62.78399995565413	72.86200012043119
1.4020000553131098	68.42800013780594	65.8660000436008
16.17399983406067	71.13600021094078	66.22000001430503
-0.16199995040893683	74.27799982696774	73.70999980673194
-0.5679999828338627	74.68199997663498	69.75600004196166
1.3979999923706061	61.487999808788295	74.43600010871894
36.91999955177301	61.59200018525119	73.35200022935868
2.558000030517578	60.228000077009206	66.5919997806847
0.526000032424927	70.83599981784812	78.49999976158146
2.025999870300293	63.34199996560816	70.63400015115741
5.092000026702884	64.0519999885559	67.1059999814629
1.609999876022339	65.97599995568392	65.42799990355964
2.133999929428104	68.14799996972084	61.65800033092497
1.073999967575073	61.585999870300256	67.2619998255372
-0.3159998989105214	72.68599973037831	68.61599994570018
1.9379999637603762	63.37400013208387	74.39000004246829
1.6699999523162858	71.90599983543154	65.80200030326837
1.0999999046325684	60.56599992871281	67.16999997615825
0.7420000171661378	66.02800017297267	74.91400017380715
6.021999912261968	67.30799995958802	74.03600002050398
0.3719999122619626	60.619999958276715	65.71799993991851
4.82399998664856	59.141999998092636	93.01200033381576
1.1179999446868893	66.23200025558477	76.10999981880184
1.977999992370605	66.7059999394417	75.48600001811987
-0.10399995803832882	61.539999835491194	74.76800003290181
0.5919999408721904	66.13600023746488	64.8579998838901
-0.015999917984009095	63.0519999957085	85.17599986165766
1.6519998836517327	63.55399998188014	74.79000004768362
1.9459999465942368	61.700000025629976	68.11800029754639
0.08799997329711878	60.692000104486894	80.6899999809265
8.90199999809265	60.47399989902968	71.39000029385082
0.8199999904632553	75.46000024914743	84.63599970817566
0.38599994659423664	68.43600011348718	76.07199986457827
1.3059998607635512	62.36000009298314	74.6040000200272
0.191999950408937	61.321999761462145	60.631999979019135
0.0680000305175778	63.80800000667568	81.28199986696242
1.0880000019073495	64.51200003579258	100.27600017309177
-0.30000006675720176	94.44000052183874	58.60000013276931
2.024000272750855	64.8440000629425	72.60600006744264
-0.7920000267028809	61.78800017416475	58.57200006067753
6.370000219345094	76.64400004863731	71.67000013589859
0.11400008201599278	63.11399979233739	65.7800000381469
0.2580001163482657	65.62399980783461	69.55800019264213
0.15799998283386193	66.78800024181598	67.27399978160858
0.44400003433227514	67.18399996653201	69.6199999427795
8.24399990081788	56.921999853849364	65.84200012207026
2.4459999942779542	67.51799997687333	69.52400001525876
0.8739998435974123	100.40800038546332	71.42799953460698
-0.7199999523162853	67.02799989938737	65.80000001907347
7.994000091552734	62.34000012397767	94.35199961662298
2.6720000743865984	66.68999988794327	73.129999961853
1.9160001087188703	72.35200016975402	72.81600018978124
0.17199995040893645	62.143999986648495	97.2559996128083
2.0120000457763676	66.59200009942043	75.52399971485143
1.3820000171661388	65.19600007295612	70.83199997901907
1.946000108718873	64.81600011408332	68.78399989411234
2.655999956130983	80.8459998750687	63.394000126123416
12.30399992942809	65.75799980998036	73.95799994945524
-0.22399993896484433	59.518000015020355	77.08600008070472
1.479999866485595	80.3100001218915	72.00200008720152
1.752000102996827	79.59999995946882	86.0680000042916
2.9399999999999986	74.65599969863887	68.09000024318694
2.2300000858306888	66.04800010919567	72.94399995565416
1.7679999732971186	61.686000128984446	69.56999998331067
1.19200008392334	72.75400008022781	79.14600001096731
18.89999989509583	63.2339998650551	85.56999999046324
0.4540000724792485	61.003999948799574	70.32000021457677
1.6100000381469735	64.45400024414062	71.61799993038177
2.912000017166138	59.49799993827935	65.32600022077558
2.591999988555909	67.9800001764297	74.70800005480653
1.7739999580383317	61.25600005149842	69.41000001907344
11.27599997520448	59.259999942779515	88.1320002055169
1.7059999847412115	68.14600041076544	80.92599985361105
6.206000013351436	61.5539998924732	69.32800012856715
1.1780000400543211	68.61799990892408	74.82199987173087
0.6620000076293945	69.82600023984907	72.80199995592231
-0.1559999942779547	59.982000017166115	72.17799986362459
2.5499999046325676	93.96199959695349	77.78600021362305
0.6959999275207526	83.05200009495024	80.82399997860193
-0.15000000000000005	66.15600003242493	73.04400010392075
1.259999914169309	60.453999989032695	70.90000030517577
10.56000013351441	68.2600000810623	70.1500000941753
9.762000055313111	61.25000002384184	87.04600014686588
0.6619998168945306	63.776000132560746	71.19400016784665
4.047999849319462	65.26800004482267	65.83000005722046
2.564000062942505	65.83399975121021	76.88399996757506
1.5140000820159922	61.573999879360144	73.59199977874763
0.5040001296997072	64.4540003079176	95.94600019216544
2.023999986648559	75.92999961853022	68.27200001239778
-0.4359998703002934	57.98600023388865	65.91800021886823
0.741999959945679	63.69799983263014	75.06200013756751
1.5100000381469718	65.59599966645231	68.61400026440626
2.219999990463257	72.59000004842878	67.32800004005432
0.08999997138977141	64.29999993085862	73.92399984359746
6.585999965667725	69.89000004768367	70.23800017356874
0.4600000095367414	68.87599981546393	73.5619999396801
27.2760000038147	78.04200011312962	69.33000004440544
0.47200009346008176	66.91399993777276	67.39599996566771
47.09399975776672	63.402000043392185	77.53600004196171
