20.340400300979613
13.676960167312613
21.960879706954927
14.98256051445008
12.032880311203002
18.27095978927613
22.733119983291665
8.385920070648178
10.624479850006098
17.13255930252075
15.87727987670897
27.73344032173157
20.319360196685757
3.488160283279409
21.941520139312768
19.19880038642881
19.082799473571768
13.300240581893902
17.307200009536754
13.402800207901015
332.14551833419796
19.017440080642665
17.573119737625124
10.806319676971432
5.318080307388308
71.30855955657961
13.389280374145537
24.1343204307556
40.86640026359556
11.659360078430181
11.034480176925644
12.225919958496076
28.250880329895022
18.649759971237202
3.409280097579959
20.668719867706297
9.690239871978767
10.309759695053106
2.1376797618865933
44.945439614486666
23.699920390701294
12.213280055236801
22.380960096359207
11.755920006179808
8.30455963745116
4.606079932022095
102.96951889305112
27.539280524826015
13.834879378509495
10.604719777679406
8.762880300521845
5.366559806060802
14.508959968185435
4.178559460449223
15.649440106201183
30.423520087432923
32.59752002410888
6.161440126800539
12.91719995346068
22.946320212173397
8.02279954376221
6.947680316925058
16.8139995666504
9.703999942398092
3.2828797603607245
31.381600159454354
36.20568022727967
10.431360136413572
22.03184090538023
6.27984048309327
10.38447995567323
16.474640933609024
47.953279174041825
16.272799814224243
7.827920000076325
16.238959954071017
14.885199622344937
7.204879909133898
13.704319767379783
25.169999577712993
16.420160626602197
60.75247927856454
9.196959998321534
27.711680177307123
13.153759415435811
13.826719867706325
16.807920748138415
26.500880014419536
16.078399933242807
9.808960224151615
17.634400054550166
10.230320411300646
12.996719606018099
9.601519781875615
15.653359835815452
11.460000244903577
5.016399647521968
9.874800102996845
11.485439735794062
12.461920053100584
15.043840276336672
5.308160229110735
17.354320331191992
24.022319939231895
11.912320009613032
38.21240005950926
16.05527966461179
18.95079996337892
12.440079773330703
17.78232030563356
68.49048038024905
9.096960195541369
7.2870403121948195
26.83016022377015
13.754480006408688
16.768480106735236
18.92024000816346
15.985679940414425
19.124640006256104
18.63383982391358
13.796559723281847
29.879759933471657
19.09191970481873
13.789119929504395
8.198559914016736
12.018480404663071
30.361279639816278
12.688239910888669
11.281200281143212
6.696239511489872
27.491519574737552
15.1793599658966
38.21119996571534
30.858720312500015
32.99080013847346
8.527199549484248
21.447519873428316
18.314719953918463
12.787679800415074
12.655120351791357
8.8263997451782
24.511440457153345
13.026480172348029
18.666160152053838
11.725279693222031
166.46424016456604
29.727759914398224
20.14272009925846
13.09112015533449
37.937360338211086
7.314559769439689
15.005119778060902
10.296000158691381
13.115839749908462
11.098480032348622
5.269279905891418
20.638720007324252
11.455920030212374
23.006639582443245
16.114560500717165
38.4810401611328
28.401839669418333
9.810560424041734
21.37408036460877
52.5936001663208
4.429840147781379
16.62455979309082
14.368319890212998
14.292159679412817
16.789680237197906
30.190960381698602
7.17152001838684
22.565759775161734
21.221040106964132
15.50344056205751
39.977920389556864
16.40640051841736
11.202559915924065
271.79240054054236
120.52048032722485
-1.560160536956792
15.690960140991226
77.83144042148588
29.045199547958372
14.393120138549772
