0.7120000267028799	64.45399976491927	68.55599988043308
1.1220000696182237	61.38199991703032	68.37400015711788
0.05499996662139869	99.39999984502788	78.98200025081634
9.40600007534026	72.68800035476677	68.89800025701524
-0.29200000286102334	63.851999676227535	69.46200012445453
0.9669999790191642	64.3060001039505	72.03199997186663
0.7680000400543203	64.31000013828283	83.16999992370606
0.9859999847412112	66.32400012731549	82.84000015974041
8.238000135421743	67.82199984952808	74.69200027406211
-0.10299994468689021	64.97199985265729	70.80200006246568
8.20700000286102	64.18600005567079	84.87400000452992
-0.30399993896484273	64.58000036001204	68.68800003051757
0.14999998569488418	69.72400004148486	69.75199972629544
0.17800003528595004	64.00600004553792	80.0479997825622
0.8130000066757193	67.00000016659496	70.01200024694198
1.0099999570846547	58.16199980735778	71.29400004625316
1.711000022888185	63.645999808311494	69.47799980163572
0.6340000486373911	67.25600035786627	83.86400023341183
0.015000057220459969	62.30800012350081	69.3680000209808
0.6249999618530265	58.824000103473686	65.44200007319449
0.12099992275238108	60.72799986720087	70.19799998372791
0.08800003528594864	66.47800000384446	95.0999999132753
0.93300006389618	69.42800026416775	73.80999988317488
-0.6479999494552597	60.61600006803865	67.88000001937154
1.6900000095367418	63.423999979793976	71.83800001978875
-0.4200000476837148	69.39800029590727	141.67399906575682
0.2760001611709605	64.2719999742508	71.59000022888176
-0.05000004768371559	60.908000209331455	69.72200010299684
1.1430000543594367	108.53000042796133	91.57800046801572
0.7600000429153441	69.01400018811226	75.20399996131664
0.504000043869019	65.70599990367887	71.42200020790104
0.7200000286102296	68.38799991607658	67.21199993073937
1.8760000085830681	65.54799995899197	77.76199990272525
0.3999999856948859	62.79199972778562	75.02399968147273
1.822000026702882	65.56999987363812	73.73200023174284
14.12900013923645	78.44200031161306	81.15399969756606
0.3710000038146956	89.739999667406	77.18200023174292
1.156000051498415	65.21599989265202	77.23999987840656
-0.12700003623962508	60.904000058919166	79.56800036907184
0.5779999351501471	64.7859998258948	72.37399994134898
1.119000005722045	60.809999974966075	85.67199978902939
1.7129999923706067	63.591999854445405	73.4239998912811
1.5460000371932971	71.07200034230941	65.91599990844723
-0.7140000486373911	58.575999863147736	71.7259999895096
-1.064000082015992	63.21600006341939	69.80400006294255
0.8669999980926513	63.11400003433228	69.97599995970725
1.5780001401901236	67.07399986028673	78.2699998760224
-0.6640001010894783	59.651999990642025	87.34000049620879
0.9319999790191638	79.08399995326995	101.20600029945376
-0.2980000972747815	63.46399977564806	67.26999997138974
0.2959999799728387	62.7500000274181	67.91200000703338
0.20100003719329967	64.43600019574166	78.57400028020146
0.7620000267028803	62.94799993216994	64.63400008678441
-0.47099992752075287	64.36400003790854	103.90000017881393
0.10699995517730695	62.58599995851519	73.1939997911453
0.8589999723434443	73.73399993002407	90.01999991863973
-0.09300006389617903	72.42800001144408	107.49999946057804
-0.05899999141693158	69.83000018268828	79.34200041010976
1.2419999265670778	64.56000005960466	81.99199995517729
0.5350000286102284	68.49999985843901	70.81399972915644
1.2150000524520868	62.71000000238414	71.64199997544283
0.1200000953674312	61.394000043869006	69.3560000598431
0.9610001134872436	65.54200004339215	78.84400030255318
1.091999807357788	60.33200006604197	76.43800009533753
-0.021999921798705857	64.44800042390825	74.38599993273613
0.7809999704360967	78.26399946406487	89.06799934625624
-0.6990000009536739	61.55800008416176	102.4079998922349
0.7079999685287476	76.95399954915045	70.48399999380108
1.0850000095367427	67.99599996209149	71.6140001201629
1.5550000524520855	68.9259999899566	78.05400004625331
0.9290000009536757	92.64400000095355	73.85199974536893
0.9780000114440904	64.98000004246826	71.96399991273884
0.6399999570846552	64.47399980545038	67.82600000858312
0.2939999723434439	62.792000207900976	153.932000491619
1.2230000448226928	62.80600011348727	65.74999997377395
2.2200000762939456	61.03199984788893	83.48399992942802
1.6559999656677258	77.26800005078312	78.5040003442764
0.5719999790191641	77.28800008416171	64.47599986076355
-0.06900012493133556	70.52799988269803	71.01200009346012
1.0279999399185171	59.981999862194066	136.42599974751462
0.2700000333786005	75.3660001242161	73.91000021815302
1.1169999265670778	63.37399997353553	64.26799999237062
0.88400004863739	67.71400023937221	66.13800009250637
0.2579999399185178	62.74200004339209	74.38599961757667
1.1970000171661375	66.29000016212458	73.31399999618532
0.1850000810623158	79.68199969768519	98.93800057649604
0.8690000963211061	65.74799999833104	71.21200007915493
1.6500000762939466	64.74600010156632	77.1720004320145
-0.45000002384185883	62.415999796390565	73.28000010728832
0.5760000419616705	64.36799993649124	65.29999987244608
0.881000032424926	70.67399992525573	70.4839999949932
1.5940000295639025	66.32999985933303	69.42800002709029
6.035999994277948	66.63400021314624	84.33999986648557
0.17900013446807925	63.50600007832051	65.9460000133514
0.25600000381469623	82.65000019133092	70.96000022947791
0.13400000095367445	63.56399994373319	77.95399984359733
1.105000019073485	64.44800006434315	106.56400021553036
0.5020000267028801	60.011999986171695	66.63200007677075
0.470999851226806	64.66999999105936	121.6820002627373
0.9429999732971179	62.94600008577109	92.41000001549715
13.642000055313112	71.46399977058167	74.81000041008
2.1110000801086426	65.12799997806549	68.13599991142743
-0.012000079154968105	70.4720000046491	118.56599994272001
0.5270000743865982	60.044000111371275	83.39000017166136
1.2599999952316272	66.71600007206193	67.73200007915496
12.382999968528749	71.79599989414208	76.50000002384182
0.8070000934600818	60.888000102639225	71.47799998283378
2.2899999904632566	57.60799976348879	70.49200000762937
0.8639999532699579	70.23400018095965	84.56400020003316
-0.4980000591278067	80.73999957680707	69.96200026005499
12.585999979972827	69.06600006341924	71.87200010776519
0.8569999456405644	65.5219998836517	109.97599986314772
-0.1789998865127574	61.27800001382828	82.68399996846921
0.1580000829696655	68.11199983924627	66.68399994194502
0.9330001020431509	83.46399992644793	69.64599991083142
9.583999834060672	62.543999727219365	69.94400007247924
4.614999880790709	68.22599992692471	69.64600023269648
0.8809998273849504	57.48599996447567	69.44799977064139
-0.5790000009536753	79.92200004339212	76.06999993562705
1.541000051498414	64.43800024554133	72.57200014352809
0.9580000734329223	61.581999945640504	90.64400008678437
0.9100001001358033	60.27799985647201	68.4900001168251
0.21299992084503153	65.47799971103662	72.65200012207032
0.07000000476837055	83.14999975204464	82.00199998468167
-0.7089999818801871	61.957999978065494	64.41599987745283
1.770000047683716	62.567999914884595	76.15000000476844
0.05000002384185705	73.50599989533426	76.29600009441391
1.3300000190734862	65.97800001382822	74.41200003862382
0.33600001811981295	79.3040000449122	75.84799968674781
19.017999982833874	69.96199990272518	70.04200022697444
1.272000079154969	62.320000113397896	72.36600008293978
1.595000019073484	67.6099998354912	73.43400021791452
1.2440000009536745	61.66600007057192	78.02999995231626
2.3750001287460316	62.17599996089938	85.6379999113084
24.150999770164486	79.18200018525125	74.032000067234
0.22999995231628453	83.93000006020064	76.66199959397319
-0.21799995899200378	68.05000005602834	72.32000011667613
0.33299987316131563	73.58600017681718	71.56000000000004
2.194999985694886	71.61400010704996	67.41800000190729
1.622000064849852	78.67599982857692	71.403999915123
6.2010000038146975	64.35000015690923	70.81799992799759
1.0550000286102303	64.1939999012649	73.25200000286101
0.5270000171661389	70.23599978208536	71.62600018978122
1.5720000076293943	67.85400004863742	70.4400001931191
0.1780000877380367	68.43599968433386	66.68599995806807
0.11399994373321612	66.28200008153925	74.3200000882149
0.9049998903274544	62.20199991226189	70.04800026893618
1.7749999380111696	67.83600005134944	67.70200027465823
-0.07800004959106586	63.54400040626523	70.92800013840194
0.10100010871887134	70.71400017023088	68.71199983119966
1.4029999732971206	62.03200001955033	94.46799995437269
-0.3600000190734872	59.276000044345906	66.62199995517726
0.3500000286102291	66.02400020122532	97.99999962091452
0.9519999694824215	84.80199994042513	88.69199991226203
1.984999957084657	79.9259997570515	73.12000009655952
-0.9810001039504995	59.23800010442737	85.77999993324272
2.088999972343444	63.33999995470046	73.22399990856655
1.3089999818801863	66.29199987411499	72.17199989989405
1.1420000123977674	77.89199991241101	73.1520000886917
1.1150000190734854	65.9200001633167	68.07400008559222
0.7330000162124635	66.35400008112194	79.16400022149082
0.23299996852874763	85.96000009059901	88.55800027370455
1.3600000715255747	62.99799987077713	75.22399983882903
1.1879999828338614	59.47199985027309	82.7460000419616
1.268000049591063	59.12400011688469	80.47999986171727
0.25600006580352824	81.70199987351893	71.9619999194146
0.5760000228881843	64.24399994149805	84.52400023579602
0.008000030517577125	69.15599993929263	70.98999971866611
0.9000000476837146	67.92799993395809	70.96600012570615
0.14700014114379856	62.91600012302401	67.84000000953677
1.1810000228881832	65.08600013732907	108.75400037795296
-0.9269999170303351	69.44399960637088	65.7640002146364
0.5959999847412095	67.15400008678441	81.03400029465556
22.010999567508694	60.76800015628341	70.3440001727641
0.8840000152587888	59.80400007247925	68.02800008058549
6.691000080108645	61.89400012493132	73.65599977493275
0.2490000724792494	63.6340000009537	68.54199999690056
0.9779998922348023	78.98600018024439	72.57400007486346
0.6169999933242788	82.11200020313258	71.0000001239776
0.3019999122619644	61.871999971866586	70.29200004696851
1.1090000152587884	83.38400002598745	72.54599991321564
0.24099996566772416	88.65999955356132	94.35000028371807
-0.0690000724792477	60.092000011801694	64.78999983698127
1.9160000038146965	63.079999939948266	66.36199987888338
-0.16999994277954197	71.54800021290781	69.64199992179867
0.43799999237060677	60.26400019481776	68.72200027465821
1.381000037193299	136.3099997246265	68.60400001049044
0.16799999713897798	71.46599974870672	72.13400015592576
1.5269999313354508	65.69599993705744	70.66799999713893
-0.6800000238418573	65.6580000984669	65.58799998804923
-0.19399993419647235	63.78000010192394	112.37199978545304
-0.28100008010864147	58.289999947547905	69.23400019645696
0.24099997520446664	65.6400000357628	75.1760000133514
-1.6179999637603761	71.81599991917612	81.50599983215338
1.8649999809265154	64.58799985527993	73.76200023293497
0.30900001525878856	74.28599989891052	68.5240001702309
1.458000087738037	72.97999989509582	75.78400021553043
1.449000024795532	96.1540005087853	75.12599991559982
0.5129999971389766	68.26199995040892	76.12000016212463
0.734999985694884	65.8959999895096	87.88399953126907
0.3699999809265125	61.69600005149839	72.92199990868559
0.2589999675750724	66.95400002360344	72.07000018596649
1.0549999618530268	122.69000014916061	72.4719996833801
0.2500000238418588	87.87200024485587	70.2940003184975
0.39399995803833004	72.18200015902521	71.1640000963212
-0.048000106811524675	66.72999998211866	73.44400017976763
-0.674000024795532	64.45999997377399	81.2720001459121
1.3399999618530287	59.244000051021565	69.970000128746
1.2680000305175778	68.89800004959099	87.7120001077651
0.6749999761581422	62.34599976062771	66.9979999256134
1.0909999895095817	66.71200010776516	81.11600010395046
18.520000057220454	65.04599999666219	75.31399984717369
0.22200002193450996	65.4860001188517	68.55800020009279
-0.21000010013580456	62.890000164508805	117.74599997282024
1.7759999895095828	68.75200039625165	75.21800001621243
4.863000097274777	65.97600016593933	75.16800014004114
-0.14099996089935304	63.02599989891049	69.1820002555848
0.3870000934600834	66.31999997034663	88.03599988460539
0.5419999217987059	72.89199985817078	80.90599992752075
0.5499999809265144	63.28399977684022	71.67599987745282
0.6520000791549692	63.06600028634072	68.52400023937224
8.509000129699706	61.07400010496377	69.44200009703638
0.23099998474121128	64.99000009894371	76.85600001335138
0.7299998426437394	76.17800004333257	86.48600017547604
1.0399999332427976	76.31799982219924	70.52799997448926
-0.17100010395050103	85.93199990987766	67.17399997711182
14.179999971389769	63.297999923229206	64.70000009536743
-0.3680000114440925	66.31400000214579	63.50600001335141
0.43200003147125177	63.11399993538856	66.90600011348727
0.13200002670288058	63.18399997085331	63.80199974060052
-0.18200002193450912	67.27999999880787	73.33000006556507
1.2629999494552615	76.42999988496307	67.42600016355513
1.3530001592636114	84.61999986410143	76.41600014209743
0.5339998531341549	64.19599995374675	65.93199996471405
0.6440000295639029	62.07599988937379	76.40999992623925
1.0410000801086416	69.17599971205	69.12600013732902
0.9850000572204594	66.76399994850159	72.01800016522402
-0.2950000953674311	69.8020000523328	66.47199986457834
0.6279999494552609	61.93999996423722	68.68199998855592
1.0270000362396234	76.043999953866	75.02200031757353
0.8969999599456787	79.45399973630903	109.22000006496901
1.2760000514984124	65.77200005650522	70.96200007677072
0.5229999685287487	74.0100003576278	70.13600003719326
-0.8250000429153447	72.89999994039533	67.02399999141694
1.5989999771118166	59.877999901771545	73.6979998636246
0.7269999790191654	63.229999914169284	75.12400013923647
0.579000024795533	78.05999974489214	88.00399964869025
0.542000060081482	66.04400027632717	91.4400002050399
1.7300000381469722	64.49800007447594	75.15600008726113
9.888000154495245	76.37800009727474	72.87800017952922
0.34500001430511434	64.86999979734422	77.08400009155272
0.16199995994567848	76.46199981927873	75.39399988174436
0.06900008201599138	60.39599996328358	69.90599981307989
11.515000000000004	68.87800016880033	76.900000038147
1.8670001316070566	85.13000034928325	74.30399984359738
-0.11900003910064658	63.61599961638445	71.38000009924177
0.6979999399185192	84.49600010216234	101.66400026798254
0.6039999532699589	62.93200035750863	70.48199964165697
0.12400000095367555	65.15999972343447	78.70000018477442
0.9489999818801891	58.93600016072393	70.02400006294242
1.616000018119813	72.25799989461899	237.51399957865473
0.8220000410079961	72.36599994182589	72.46399995893236
0.6079999542236332	56.956000127792315	71.88999980747697
0.5340000343322753	62.01600000858304	86.10199972867967
16.16899983882904	65.26799973607065	76.72599968314175
20.4609999990463	75.32599973917007	74.01400003343817
0.4799999904632561	60.2399998807907	90.98600022971628
0.030000038146971667	87.42999982669947	84.32600011825556
0.12399999618530255	64.81000006437306	73.23000038146976
0.3429999923706053	65.91200017005204	71.32799986600878
0.9139999389648438	64.9419999989867	77.15000001430515
0.47999992370605493	69.12199998974798	64.7479999303818
0.5939999723434446	73.95000036537648	75.51800024688241
0.5800000000000007	59.27599991261953	71.48000013351438
1.120000047683718	59.092000025510785	68.23400005817415
15.293000292778013	72.84400003254412	85.89800008341666
1.011000051498414	74.09799984455108	85.27799987316138
0.543000111579895	69.21199986338614	75.19199995160106
0.41300006866455036	84.57999923706048	74.42000004053108
1.3389999771118168	67.27999979138376	65.20799996376033
1.1809999847412098	70.38599984169002	66.84000014781957
0.45900008201598996	58.41599991112949	70.31200005054478
-0.6780000448226922	77.27800026893611	70.62399990081775
4.8089999437332125	64.95199982166291	83.16200028657904
2.4630001258850083	67.65400016769763	73.32400018215175
0.8319999742507933	76.9879996132851	79.65799987986686
1.2479999732971188	59.7559997951984	71.72600017309183
0.9640000009536757	58.4039999842644	67.0499999523162
0.8370000600814805	65.60799994051453	70.05200017452242
1.030000028610229	64.43399986863136	71.16600000381473
-0.16199998378753783	61.120000011920936	68.7979998636245
1.1990000724792476	69.38799994826313	73.41800000190733
-0.2469999980926505	70.07599974393843	72.31400025844565
0.8610000896453862	70.948000124693	70.05999992609021
0.6560000610351573	65.83399992704398	74.00199999332422
0.5310000705718981	69.7959999752045	69.64600015640264
2.022000069618226	67.60599975556134	70.90400001347062
0.07999997615814104	63.81600000530483	67.73600013256079
0.9860000801086409	57.738000092506425	98.85600010871877
1.877000007629394	67.16999996185297	67.81199983954427
-0.006999888420106243	67.16599991232154	93.38399997711171
-0.021000013351439674	77.50600012183182	65.69800013303755
-0.09200006961822604	63.43400010108942	72.4179998755455
1.1389999103546153	61.22600009441378	76.28400044441221
1.2039999914169324	61.37400012969965	86.42600004792207
1.7900001335144051	61.992000102996755	86.77199983239171
1.1569999361038197	81.28999975919727	74.49800038695336
1.845000104904176	82.48199954330921	74.14399991750714
-0.1690000486373887	60.19200003623956	70.977999958992
0.8339999628067026	64.25400014162062	82.00799980118866
1.2980000591278058	62.11399987578392	69.45799992561338
0.9029999399185182	72.23799974083904	75.74999984025952
0.47200003147125213	60.2860000085831	90.23199974060059
-0.6720000171661374	83.78799976348876	71.65000014066705
-0.01400008678436207	69.42400028705595	71.07599987506866
0.16100010871887263	61.2580000543594	85.65199965000149
0.28800009250640773	64.01399998188018	78.0459999632835
15.435000066757203	61.78599987536663	66.17199996560808
1.0110000324249264	67.57799988552924	69.58399989604952
1.014000120162965	69.72999998271467	61.94799990773205
0.05899996757507431	64.83999995410447	72.08800031661985
1.22699990272522	67.607999997139	66.8439999628067
-0.8220000362396237	64.56999990522856	73.55200006127359
-0.39099998950958265	62.94400013834233	70.94199986696236
8.504000010490419	77.75200017929082	66.854000030756
0.9979999637603756	93.17000012516975	70.28600003480904
0.2120000076293952	70.80000000715248	71.43799996376038
0.3869998693466185	76.24799995183932	70.19800016999238
0.5860000371932977	81.53800020813944	69.35599986672398
0.27399997711181595	63.38400018960234	66.15600018024442
1.974000043869019	61.319999866783604	104.64200037002566
1.4339999961853023	62.34799991250037	68.89600006103515
0.06800008296966517	61.05400019049641	75.60999977350232
1.169000034332276	65.62999991655339	82.94400024414061
1.3549999570846563	65.40799989223483	75.9179999637604
0.6600000381469712	63.483999950587766	71.94599980592734
-0.09300013542175328	85.53799998521804	89.42599998235714
0.35600002765655414	66.033999851197	67.83400015711781
0.2289999771118153	72.82199988365181	71.91800005912785
0.3719998931884759	62.344000027179725	72.22000010013576
1.8759999561309812	64.93800000667567	66.90200022175908
0.34900003433227667	60.445999941378794	79.90399986743924
-0.3740000724792476	68.92000003963707	69.84599985122681
0.22099997997284043	65.772000117302	73.20999999403953
1.5959999513626104	71.17999979257583	72.50200010403988
0.4889999437332161	78.19599988698955	84.6619995522499
30.090999628305443	59.760000100135755	68.2379998230934
1.5920000219345078	81.05799997806557	70.44200015738606
0.8930000400543213	58.10200016885994	69.87799990564582
-0.31100000858306964	79.30600002825257	70.18400004386902
1.1799999809265136	69.5380000782012	73.99799995422366
0.3940001344680773	57.768000311851495	75.38599996745586
0.31599987030029186	59.275999988019436	81.9700000810623
1.0859999942779546	58.682000012397744	72.61200023770327
0.9800000429153435	58.063999875783956	72.9360002799332
1.8379999637603763	71.61800010800364	81.25199997901913
0.23799998283386273	61.20799999713896	70.74000006437298
0.8620000457763682	67.74799987792967	68.52199993416667
0.0889999389648435	64.27199977323416	74.32399985939264
1.2570000743865972	68.6620001888274	71.93199989035726
1.523000044822693	62.60799998909234	90.99999977022416
-0.2889999485015862	58.387999852299686	95.63200019836412
-0.7159999704360946	59.74200009346008	74.79199995994563
0.648999938964844	110.10600045174354	96.24600030899052
0.22099999904632556	69.83199998378754	77.14000016927717
1.342000002861023	67.13199986457826	74.44599999070165
-0.32500007629394545	60.191999881267556	135.31799952745448
1.3440000820159916	71.10800006151197	77.98399998247625
1.4179998731613146	68.06599991425868	81.67000017642968
-0.5400000190734856	62.87600007653239	73.00000021532176
1.147000145912169	62.009999877214405	70.44399976015089
-0.026999993324279985	73.72400028154246	65.48199995994567
0.6109999608993539	71.96399971723551	70.6959999732674
0.8000000476837149	79.55200008794667	83.88199955940249
0.12099993705749622	61.27200018942361	75.47400007724765
1.2769999265670773	65.0540001054108	80.8899998506904
1.194999980926513	72.70400026202199	124.28600001335136
13.46699968338013	99.99600032046429	68.74199990510944
0.3890000629425055	64.05200025171033	82.58199997901914
-0.3940001153945936	60.563999810218775	67.88800023078913
9.636000022888178	59.875999996662124	74.52399997711181
1.6929999399185185	66.45400007843973	73.82600013852122
0.9389999961853023	61.9719998741149	72.1099998664856
0.4300000095367428	59.50399989381434	72.9780000185966
-0.13699997901916533	65.8460001206398	70.94000009655956
1.7789999723434449	109.01999965399506	98.11800016880031
1.7150000429153458	84.16199992179862	86.82400012731546
1.0380000925064088	63.66000011354687	72.2060001902282
0.8500000429153454	61.49200005397198	99.87000017166133
0.37700002193450916	63.17399980545039	71.11200011968619
-0.08700003623962489	64.42600004196169	71.41599996685983
1.9960000801086428	66.88399978995321	72.02800010323524
1.1219999885559093	66.6939999818802	91.75800033777945
1.4289999437332153	72.83199987456204	73.8720000088215
10.863000125885012	71.61400001108635	71.25999994277954
1.0990000963211048	58.0239999330044	81.00600002288824
-0.11600005149841237	61.60000004976985	86.42600018501281
-0.06199997901916414	65.3119998832047	73.23800012663003
0.8690000534057601	60.73599991679196	71.23800000995398
0.12599990844726608	61.88199990510939	70.34800035476675
-0.5550000286102293	71.02199988454583	67.4100000703335
0.9520000886917117	59.74400007724764	91.60599992632866
-0.38800001144409246	60.24200009748342	70.64799993515015
1.6710000038146995	59.23199985504148	69.68600015401847
-1.1200000095367437	62.18599991559982	69.48600009799001
0.0360000419616687	75.40799970239401	77.43399996995926
1.0179999876022345	69.0520000095665	72.33600004196167
-0.6839999914169305	65.84000024557108	64.87200007438659
0.5000000333786014	66.02600014328952	73.05599986553194
-0.5089999198913587	122.76399975255136	88.43000017166128
1.571000146865844	69.06200003147123	75.5939999628067
-0.3340000629425038	65.50000004887576	71.94999996185302
1.0419999790191639	65.7080001163483	96.65599935412406
0.1669999980926519	63.95600019261245	73.20999993801114
1.3389999580383294	83.7240004956722	68.00399996757508
0.12899987697601312	65.61399998188014	85.37999991893768
1.593000092506409	69.84800011038776	87.42600023552774
0.6750000238418589	64.80399989604952	100.88800006151214
6.418000240325925	61.16599996566768	71.73199990183112
0.16100001335143954	88.04200032234196	110.0479990243912
0.14399997711181714	89.13000064611427	79.02400002956394
-0.11999998092651505	61.80600005984302	67.82199991703031
0.8780000877380373	63.43199989914895	70.10600012302396
0.8079999113082873	71.82599992275236	75.20000005841256
0.901999969482423	61.75800005555152	69.03000002667312
0.6030000257492071	63.19599995940921	105.79200016498564
1.0340000820159918	67.82999992966647	77.02599958539
0.5229998970031746	59.5639999997616	68.7960001796484
-0.5840000724792491	62.92599987208843	89.39400055050854
17.29399977684021	67.74599999189374	74.43399998947982
1.6959999895095816	61.68599997758861	78.07199991524219
0.3649999618530266	70.69400021553037	66.68800014495845
0.5069999742507922	68.02600009441372	86.55600017786031
0.2970001363754272	59.63599986970431	78.85600014090534
1.5980000591278078	72.28599996939295	111.04800031125548
1.5320000362396244	70.14999997854234	67.08799987971781
-0.15199999332428019	70.32199989140034	69.45200019836417
0.04000002384185736	62.5179999962449	91.57000012874606
1.1069999647140492	59.998000180721284	74.26800002217287
0.19199995517730725	76.60799960941071	71.44600005269052
0.6900000476837158	114.5699994780124	72.48400007247926
0.9599999999999996	65.55400010496372	81.77599990844718
0.7570000600814812	71.76199979782103	72.58600003719323
1.4990000581741345	63.19799998790019	77.22999975681307
-0.4739999675750741	62.69400018334388	67.88600008010857
0.7620000553131093	66.07600009918215	68.3579999570548
1.9600000762939451	76.09199996471406	73.85200027942659
1.2950000238418578	69.07399984836574	71.02400015592575
1.0819999790191646	84.93999999403957	79.85599992200734
4.317000069618226	67.37599997639661	131.20399973869326
-0.32600005626678574	58.192000060528464	74.59799980014564
0.09099992275238168	64.21600026637311	71.03999991774559
0.7299999952316273	67.30199977889652	78.2920002222061
0.9849998617172249	64.59399980783465	75.84000005245198
1.677000064849853	62.71200018405912	71.64199997559183
0.3680001163482673	64.09200006842613	73.81200005292895
1.0610000371932984	60.94599995851523	78.89599984794853
0.12800002098083438	63.96400018811222	67.97200000524519
1.4170000505447373	68.71799992561344	73.57000002861024
0.849999942779542	59.55800012111664	71.44799983859058
1.1759999990463255	65.15599987611182	73.44200007528066
-0.04099998474121121	66.86400017738345	80.39599967956548
-0.05899991989135668	64.33799999952316	67.86400007486343
1.4440000867843616	83.34599986672407	79.01999987602233
0.4939999246597301	64.42799990355965	74.18200024485583
0.06899994850158817	63.45199982345101	71.20999996423718
-0.09199999809265262	62.648000085353836	93.25799984931953
0.4380001211166375	60.92600014686581	76.16000004291534
1.5950000238418567	63.85400006949901	83.65000004529959
0.43800011634826724	87.7859995353222	81.32999991938478
10.451000099182135	63.385999829173066	74.05799979805941
1.0309999704360966	73.7400001335144	69.94199990749361
38.882999966740606	63.64399998158212	69.93399997711178
1.156999998092651	60.796000124514066	82.70199953079228
0.8920001029968267	67.89199997186658	77.17999987751242
0.5140000629425044	68.50200012922285	80.54000017926094
0.1669999265670771	60.95599994421003	77.01000025749205
0.14300004005432188	56.36000004112718	81.25600029945372
5.958000173568728	62.49000017166137	69.97600013852119
1.1460000181198133	67.9060000348091	85.02399964570995
-0.16500003814697273	94.68799977540966	101.79999981939793
1.1100000238418584	66.51200001239778	70.81399991512298
1.0670000076293953	65.83200008347636	70.58799987316127
0.6900000572204577	59.89399979114529	73.55800009489064
0.45100002288818286	61.02000010609622	69.28800020217889
-0.9030000925064099	68.15600018739693	76.51600008487699
0.020999979972839245	62.96799984455106	73.69600016400214
0.5890000486373902	58.127999912500385	72.70199999332434
0.3400000524520863	61.76999989584081	81.67200009822841
0.5020000171661378	63.474000068902996	71.05999987319112
9.310000061988832	68.75000023365021	76.34400004029264
1.206999979019167	63.5980003213882	70.14999979496011
1.1729999876022348	72.09599993154416	73.24000014215713
0.2530000495910642	60.60000020980836	68.74800003051755
-0.2269999408721934	64.62399987980719	68.20200026512143
0.4229999351501466	63.427999963760485	68.10800014019007
1.651999945640563	72.44400000095365	70.53200015544897
1.8780000782012942	68.51999976918101	79.29600018024443
0.32299989700317294	58.35000007152553	71.8480000466108
0.6700000286102294	63.93999995589255	110.98799917280682
1.5850000429153437	64.83200024127962	66.62800022602079
2.0879998779296867	94.6820003250241	123.17999979019162
1.8689999294280994	74.3399996352195	68.42600018262858
1.4449998903274537	78.29599962830538	78.5039999620616
1.1060000085830701	76.63199974536892	67.3899999326467
0.24700003147125346	74.39800019949679	64.80799987792967
7.968000173568726	63.30000002384184	70.07399993896483
0.826999988555908	77.81999992847437	69.46200014829624
0.9569999027252196	62.86200002342461	67.47800011307001
1.8289998245239245	66.70600023031233	74.14600001573558
1.2160000467300422	62.64199974179266	69.02199991703039
1.6240000057220474	71.12800014019018	74.05999988555908
1.035999965667725	64.38200011730193	71.20600001811981
1.1730000209808342	66.94400016784667	67.0140000104904
0.06099997043609571	60.66999980211264	73.10599985599514
0.6549999380111688	62.84200025558468	73.05799995422369
0.8380000495910638	79.7640000700951	86.53000022888183
0.6710000562667863	72.60600015878674	71.51999995231621
0.825000071525574	65.42800001978874	73.31600018501281
0.4609999942779548	58.49999990254639	81.0960000860691
0.8120000791549667	60.329999911785094	84.62000011831528
0.16399999618530303	59.32399999141691	77.42200017929066
0.3920001125335699	87.72199979543682	70.5260000801087
0.6960000371932997	71.45000005483632	71.52799982249736
0.3619999837875371	71.33799984693526	78.40200006335972
1.2309999942779533	63.210000092983194	70.09200015187265
1.2530000305175786	65.0280002045631	73.94400014877318
-0.663999929428102	63.454000141620654	69.34599998384714
0.5899999618530284	66.87800018787387	73.7120000839232
22.5460000935197	64.41199996709815	72.4520000743866
10.53600000858306	60.41199994325632	95.16000055313121
0.8299999809265138	69.19200001955025	70.73599961191411
0.5610000371932993	83.64399983078232	83.66399965286254
0.10599998474121103	74.05000002339479	68.91600002288813
1.7630000925064089	82.25799991846087	109.77399983644477
1.1850000619888321	62.27599994465704	66.7280000431835
0.6200001049041746	78.47799964904783	78.45999992847442
-0.34500007629394547	61.917999906986886	74.02599993944158
0.05199995994567998	76.24999989897017	116.39600011259314
0.41900000572204615	69.70399976253506	70.35400012969976
0.284000043869019	69.97200026333338	102.91000012516986
16.18800002098083	74.25200024724006	76.4940000464021
0.31400000095367403	68.40999997377398	68.5220001366734
-0.47800002098083433	64.89000000521543	77.47999990463256
5.962000017166134	72.11800017893316	73.83800000667567
0.5729999113082893	97.72400011628865	116.50999981403348
0.19000016212463428	73.83399988651271	64.10600002765655
0.47200011253356916	74.96399983167643	77.07200007379055
1.3330000305175786	64.58799996674063	81.1459998321533
2.1100000810623167	62.036000071764015	78.1559997081756
4.768371401724092e-09	69.30999993473286	77.79399985492216
0.15600010871887143	89.01599976658827	85.91799991607677
9.542000076770776	61.72800010204316	69.34400007158524
2.119000077247622	69.53400023579593	77.55000004887576
-0.38000003814697303	63.27999976634986	70.57999992370614
0.1460000324249263	66.65600009173144	72.62800015687947
0.4560000944137582	65.10399987310164	80.83400025367736
1.9420000362396248	66.79199988678097	67.80200008764864
0.3350000381469729	65.77400008678434	69.40999993324279
0.04499994277954199	63.01000000238416	74.56399982929229
1.2970000123977656	61.131999959945695	67.89800046205518
5.762000055313106	82.05999959260222	67.07599994659422
1.3510000705718979	70.00400003373626	70.41199994444848
0.6460000085830677	64.92600003033871	76.62199989870187
0.9359998750686649	94.9039996629954	84.44800004959107
0.5630000352859502	65.88199982643125	74.74200032651432
0.1829999828338623	64.03800007462502	70.00400031089774
0.41199997425079443	80.83600013256068	93.18799984693541
0.70400008201599	82.33999982357025	75.24200024724004
0.8929999065399157	68.49399984121318	76.70999972701074
0.9600001525878922	73.48000018239026	73.00999991059301
1.5809999847412106	68.0879998373986	80.85800008147953
0.5029999351501466	76.99800027132031	79.58000019311906
1.5749999094009406	75.11600018024438	105.23799999237066
0.7420000791549685	82.43199996531004	87.61200023829942
-0.37800000190734984	63.46199980318539	74.12199995040893
0.46200000286102255	62.530000206530104	66.0380000054836
1.057999901771545	60.14400011688466	73.1540002155304
-0.5259999656677259	66.23599991679194	88.35600005626681
1.2540000534057612	63.226000013351396	69.22800020694737
2.091000194549559	100.19000038146969	72.96000012204051
0.9000000000000007	82.51800011634815	73.72000022411346
1.114999971389771	58.97600019931794	68.93000004768372
0.8350000667572034	67.66200004756443	76.3900000953674
0.052999925613403574	114.55800006687637	70.39999979972838
1.126999902725219	64.35799992322919	74.4320000696182
1.4100000858306871	114.86400011330836	95.84799997687341
0.0279999923706053	67.45400022983547	72.52199981540448
2.301000003814698	59.38599985361101	72.49999993324283
0.5780000162124632	62.54200014516709	84.87200022459034
0.9979999208450308	66.74399983882905	73.52600018501278
1.457000007629396	70.68599981248377	72.07999993324283
1.4689999914169312	67.22799991846085	96.9419999170303
0.23299995899200515	90.1520000982284	71.21200008869171
16.202000184059145	76.16999974966038	68.54599995136253
2.3130000162124613	69.24600015878677	111.51200084865087
-0.8909999418258665	59.66800005912777	81.12200012087817
1.233000044822692	81.65400008901963	69.04800007820131
0.47900012016296345	61.622000017166194	74.40799994423985
0.4199999713897708	74.48199979901314	78.85200018882752
0.020000047683716132	59.80000006675724	85.32399972379208
1.3060000562667848	87.11600033044813	76.23199983716009
0.8889999866485601	64.34600003644826	75.36799998879442
-0.10399999618530248	69.6859997278452	109.3600000317395
0.1349998664855943	64.44799998551608	68.10199994087216
0.7669999694824214	61.338000220060316	77.23199960231777
0.5109999799728392	66.59399989664557	76.64999991893772
1.0400000572204584	61.52999975562096	70.80599992275242
0.24100002288818442	68.32000022888184	67.0720000457764
1.567000093460083	62.146000132560694	72.79200028419493
0.013999953269959838	82.28600018024444	67.88200020670891
0.4990000772476212	64.80800025552509	69.8159998130798
16.15199975490569	80.98000033557413	73.45000022828583
0.7469999647140502	58.661999900937076	75.5740000224113
1.0749999809265154	71.26200000643719	69.36200002282864
0.40199993610382156	63.072000029087064	78.62000006675719
0.9380000829696655	63.94000002741811	92.75999984383586
0.14500005722045844	89.40399994373331	72.25400010943414
9.925999965667723	67.70199998855594	64.66600002288818
1.3569999074935883	57.560000159740405	69.94400003820654
-0.1679999732971194	72.99800004243843	74.59199975848198
1.7530000591278074	63.8019999325275	76.57999990105631
0.21399997711181584	60.32600015401833	67.71800011157993
-0.5539999437332148	61.643999931812246	67.72199995994565
0.9620000839233405	66.20799986243247	70.02799992084505
0.24500007152557488	63.3800000667572	102.44999964237218
0.4979999876022343	96.86199972152701	165.7160001051425
0.4739999723434452	66.54000012397765	72.46199996471402
0.01600000858307006	60.77199998378748	65.6920000362397
7.111999893188478	60.02400001376866	103.13999954864381
1.374000010490417	63.28800026059148	71.51600015640255
1.1610000658035289	73.75599956989296	71.8339999818802
1.9410000514984127	66.43799985289571	76.49200033187871
0.8990000152587898	88.39799978375437	96.91599952608341
1.2060000276565546	64.88400006234649	144.99999975979316
0.8779998159408574	64.7080000114441	70.03000006675721
1.8579999494552601	65.50199994444849	99.30400042206044
0.8419999313354501	72.91800012469284	68.53799992755059
1.0089998960494988	64.68199998423454	71.43999998390673
3.619999952316283	64.11599995851515	73.44800027132042
0.9859999227523809	81.7340002208949	71.80199977397918
1.9190001440048226	78.5819997119904	72.62999985456459
0.12699999332428086	61.20200022935869	84.58400011897082
1.5289999914169323	64.56000008344645	74.40200006484987
0.6570000791549678	68.15599980056284	72.84199991941456
1.903000068664551	63.307999943196776	76.60999975219373
-0.7740001010894789	90.09199958279724	62.0220001387596
0.3209999656677258	69.44000015139575	78.08199995994568
1.2910000181198125	64.70399998188016	93.51999962687495
1.8900000476837167	66.34800004005432	74.12400013446815
0.20399995803833004	80.61000044405455	79.53600024342533
1.2610000228881837	73.96999997615818	69.8720000767707
1.3039999151229853	69.72199998378755	74.04799998760228
0.8609999752044682	65.98000008851282	98.58600019693368
0.4059999990463261	65.9039998626709	85.11800024032588
1.568000030517579	70.24800014495845	91.60999989032753
-0.596999912261962	59.55800003558396	77.17799988746643
-0.37700003623962286	71.62999969959257	70.77400006771083
1.3899999761581427	60.01599985361097	71.28600026935342
0.6220000886917124	63.78800002574917	74.41799995899194
1.012999968528748	66.30199999064197	101.67000009059912
-0.6799999380111694	63.08799984335904	71.10800020933151
0.5819999837875368	72.88200004696849	70.68800016403199
2.0480000638961777	65.0679999399185	65.70799987792964
2.596999940872193	68.05799980819224	76.84599997282037
0.4109999513626093	61.93000017166145	71.39199997425087
0.5439999341964712	65.42400018692015	71.33999997094271
-0.8569999885559082	72.22599978685376	69.7120000863075
0.9139999389648434	71.77200035810472	69.99799996376039
0.950999951362609	63.52799998015166	71.06800007939343
0.9139999485015854	59.078000132143494	72.75799999713902
0.37499996185302825	69.06399993777275	76.00200023934248
1.551000046730041	68.41400012969974	73.42200004100792
-1.424000029563904	66.52199994564056	83.07199990034108
1.747999992370605	85.5259996178747	87.11600008964535
1.8820000457763673	87.9660002636909	73.16800012350079
0.8430000829696664	67.01200015068049	75.23000017166142
-0.17300005912780778	61.497999788522726	77.94599999904635
0.374000067710876	65.8779997754097	68.29799985602497
-0.01999990940094035	86.5799997949599	72.22399996280663
7.219000034332277	63.9999999272823	78.30800025179981
0.141999940872192	66.16400027275083	75.55400022506709
-0.10300002098083413	67.22399999245997	79.722000131607
0.10000007152557305	62.645999913215604	77.0299996185303
0.17799999237060568	78.85800013661394	70.72399985194207
1.0309998989105218	65.67800033092497	73.21000017046929
1.3389999532699572	67.00400011628868	69.92600006341932
1.5510000419616707	62.599999812096364	74.9720001137256
1.729000072479249	65.51400001764299	74.35600012302389
1.8860000276565547	64.52400008201603	69.83200001955028
-0.2150000095367432	59.84600014328961	70.03400001525881
0.8040000963211063	83.76799981907016	75.37400010824204
0.5990000104904168	63.88799987792967	81.32599978923797
1.1930000782012942	88.3040001225472	76.10600011780858
0.45599990844726535	66.52000004172329	71.9880002355575
-0.3070001077651987	65.76000006675721	67.83199991703034
0.20000002861022984	65.15799995660784	69.75600005626683
0.18300000190734741	60.97200012683865	82.09399980068201
14.948999881744392	68.80199991807342	73.33399993002413
1.0509998989105234	62.022000169753994	119.50200017213821
0.543999929428101	63.986000082492794	71.22999989509574
1.0500000238418579	70.95199996173385	70.96600006103509
-0.0879999589920045	62.151999888420065	67.47000005245206
0.9570000696182244	63.25999993801115	79.9560000169277
-0.5760000133514397	59.29599986672398	91.36800038337695
0.7190000152587874	62.05600014209744	74.05200034573669
0.014999933242797015	61.63400003433224	74.82800005435938
1.072000102996827	63.964000109434096	84.14000006198886
1.2570000219345094	64.46600003898139	78.04399977207187
0.549000034332276	61.67600011110309	91.23600015401841
0.2490000438690181	62.466000099182146	71.37400002956393
0.32199998378753636	62.777999937534304	74.53400028705599
1.0070000600814812	63.36600009828801	74.37000032424929
0.3069999027252187	73.77999987721444	68.14799992084501
1.3120000076293943	69.37000009298323	82.16199998378757
0.10799997806549054	68.92400032520295	68.85399983882901
1.192000079154969	74.06799968838689	75.56199988007546
1.5260000324249252	76.39799985527982	74.04599998518826
1.2819999790191643	68.83400016546247	73.61199993848797
-0.3319999790191647	63.88400007843972	70.88199981689449
0.14799996852874742	62.54200011968615	69.55799995720386
0.6420000410079948	60.59999999538064	72.57600014448164
0.3109999465942388	61.07200012564659	79.15200049400337
-0.24199998378753756	71.75000009775162	70.04000007092952
1.1000000190734878	87.14600028514859	81.05200006008151
0.8049999904632565	68.9599999547005	73.99399993181228
9.93999990940094	72.13999989837407	90.81400029659275
1.1470000362396224	64.28000016450879	90.7519997680188
15.763999557495119	64.41399993896485	65.70400013923643
1.204000010490418	79.73600004747513	73.6339999842643
-0.8000000190734872	64.5280003654957	81.06399994373325
0.003999915122985774	81.99000023901475	90.46999974370003
0.6879999876022324	63.08599983692166	73.1239998269081
0.9780000495910657	60.91400017455223	74.43799997329715
0.9220000505447397	64.80999999105934	69.15599989414213
1.0190000438690192	63.89599983572961	71.83199991226192
0.8810000514984123	71.89000032186506	79.04600013732923
0.28499992370605454	55.092000069618265	66.13399988472463
1.1820000076293942	63.66000028610228	93.58199995040896
1.0219999456405626	67.3099999427795	109.5220000964403
0.08500003814697235	75.75800009593371	65.2499999785423
0.1879999065399178	71.02199986219404	76.1999997091293
-0.10100006580352909	65.10600005507466	95.3000003021956
1.0599999904632578	63.59399979114539	89.66800061225892
0.8360000848770147	78.46000006437299	66.48199984788889
0.5629999828338612	78.46199991106985	68.58999981403346
1.3749999666214001	79.4420002174377	87.50200048923493
0.11299999713897783	79.87399992465966	64.33600014686583
-0.1370000457763683	154.0159997773172	69.984000236988
0.9229999637603751	63.781999805420604	69.80799993515016
0.5129999971389775	70.23200003504749	169.58199908971758
1.5790000438690197	66.95999976634978	69.98600004673008
1.2519999694824226	66.27600002095105	70.55800006151199
0.5410000085830682	60.41400007486342	79.06999978065494
0.18200000762939428	65.09400004625317	65.26600010395049
7.404999957084657	74.04799961507321	70.11200015068053
0.2370000171661371	63.104000133872006	70.74400007247922
0.5570000934600817	63.532000149488475	71.05400001287458
0.1179999303817738	67.56800006866447	70.62200007915497
2.2290000677108766	69.11199983954424	88.39200028613224
0.5579998970031741	65.68000005245213	72.78599998474118
1.7719999885559075	67.13400010198357	89.13399959206579
0.8510000276565549	67.36000022411349	79.66000000476824
1.5560000991821294	63.36600015878669	74.4860001373291
1.1280000019073477	60.85800004959108	75.84800015032295
1.1800000143051141	65.91000011503695	70.46000014305116
0.4359999942779543	66.80800043582909	78.15000012099746
0.2649999570846545	59.212000051736815	66.5500001811981
0.6100000810623151	58.71800006568436	63.58399986505511
12.601999897956846	63.991999682337045	65.4840000849962
0.6460000038146961	80.24400025367729	75.2980003623664
1.293000044822693	64.19399993896485	68.67400005817412
0.682000102996825	70.41999978780737	69.28600007057186
-0.4710000419616693	73.63399984896184	83.44199992179871
0.3130000638961781	60.97800001144408	73.03000002980237
1.3320000457763685	63.76599998712544	79.19799993038178
1.6840000200271619	62.29800001144406	68.47800008654595
0.33400007247924673	59.51199995040894	69.91199998378752
1.329000048637391	60.813999946862396	67.80000023245806
0.5850000619888313	61.40600022226572	73.2700002980232
0.08300002574920551	67.76200014829635	73.15599997922774
0.4169999694824208	65.69800008893017	72.59799987316124
0.6850000047683709	63.910000188350665	79.6140003633499
-0.15400005340576248	77.15000005900862	70.15199978590013
0.40700002670288066	63.12600008964538	88.29599995136263
-0.484999938011169	71.64200013160709	82.99599970817579
0.1439999151229854	65.43800008058551	82.99999976634979
2.0090001058578477	73.82999987363816	81.86200025081638
1.2329999399185168	87.4699998241663	79.05200023055072
0.5930000066757206	77.02199968099589	69.89600008010866
0.9740001106262203	65.64599986672398	81.8700000619889
1.6180001688003545	66.84599998608233	84.77599973395462
2.7029999923706063	60.197999925613395	78.58200001716615
1.0430000257492076	71.93199996590609	74.28800006151202
1.274000105857851	65.28000000357625	82.57999995589259
1.3989999961853035	65.18600002855064	75.47200006961825
1.0880000543594366	65.47400002479557	71.11400007963184
-0.1729999494552614	59.85400000512601	79.19999959945677
1.0050000190734854	72.20199999809262	72.42200013309717
-0.12500022888183465	69.75600014925004	71.01800018310547
1.6409999179840087	62.82000038862224	71.12200000286097
11.014999976158144	59.89200019359588	66.00399983644486
0.48100003242492756	71.87000038146971	70.92799989223485
0.24100003719329768	67.20799990773197	72.64000002384185
0.9959999752044687	61.97200008153919	71.80200000762939
12.864000182151798	65.45799992084504	73.44799990773198
-0.10499989509582582	75.44800006836643	76.05999990940094
0.9230000829696648	70.84199997186661	93.59400069713597
-0.9940000343322769	60.379999895095814	110.15000008821491
0.755000023841858	66.45799996733665	71.06999996185313
0.3959999752044685	62.64200012013316	75.8739999628067
0.8409999322891226	62.968000160008586	69.22800003230573
1.2800000905990587	66.25999995708464	69.80799992680546
1.0280000925064086	65.02000012397764	73.3660000336171
1.2060000276565566	68.20799976870411	70.7440002822876
1.1099998712539652	59.667999746799474	65.29800011038783
0.9559999036788931	69.13600005149841	71.9520001354814
-0.14900002956390504	65.034000248909	71.01400007724759
11.013999996185303	62.1380000734329	62.71599998474119
0.8159999704360973	66.61600000858304	77.10200005531317
0.8680001020431519	70.37800003528594	69.92800000190736
1.0009999942779555	58.222000104636	68.24399991035462
0.03099999427795412	59.18600012540822	70.25800015926355
-0.48700002670288145	61.9300000146031	67.76799972534178
-0.26100004673004257	62.467999782562224	75.19199972569949
0.6609999370574938	65.23600008487708	67.03800005078318
1.0729999113082882	64.79599994301797	97.86599970161913
-0.06700000762939405	62.84000012516972	71.76000007390974
0.9060000896453848	68.27799960732459	69.4439999961853
0.945000052452088	65.59599980860949	67.51200005769726
1.662999997138977	65.73800014197828	80.16999981433149
20.077000379562364	62.4600000870228	71.02200009554628
0.9759999656677236	67.53200016021727	103.70800001084817
0.6260000133514405	78.92800000101322	77.65200016975409
1.3199999904632573	61.803999817371334	75.51999999046322
1.919000000953675	65.04799985855821	76.60000018715854
0.9359999275207512	86.18000030904999	70.8119999969006
1.0579999732971181	69.16400000214574	75.82599995642904
2.325000066757205	65.13600007057191	77.13600030899043
0.9750000476837165	60.262000029087034	63.32799993515011
-0.7690000629425052	64.24800003945826	65.32200001239772
1.0599999904632582	65.65399973750114	85.84799984693535
0.1830000352859491	62.76799990415571	72.38600012287498
0.4580000543594363	64.19199981212618	70.63200019836425
1.4540000581741337	62.82200001358988	91.83600030302993
0.6909999942779539	64.50999996185298	74.18200000405311
0.8610001325607296	64.51399990871549	66.61599998354912
0.07800011157989475	61.575999931097044	70.3399999189376
0.5609999275207528	121.27200011417264	78.04400017023086
-0.28400001049041845	58.33599992513656	96.01399991750708
1.4780000400543223	64.31999986886979	70.55400005221374
0.6730000352859487	65.96199997931721	72.58200006008146
0.407999954223634	61.98799996674059	68.17200006008149
-0.49099989414214973	63.153999981880204	69.94000003337862
1.5680000019073486	62.908000028133394	66.08800012111666
0.2490000200271602	63.37200010776522	71.61400019556288
1.2260000467300427	72.65600009635097	79.85600013256075
0.8849999713897696	65.35800020217901	68.17800011873248
-0.03700011253356858	69.23000000432135	88.15200006484989
0.470000009536744	60.14999996542934	84.0320000743867
-0.5940000295639051	66.61599993348113	71.39399994850166
1.5640000152587885	67.15999994635581	68.33800009727479
1.4040000152587884	66.39199998974796	66.65200006484987
1.531000061035157	68.93000016927726	77.94200031280519
1.3270000123977665	66.42600009143345	84.35399984121334
0.1530000019073478	62.76199984490872	70.9980001926422
0.4299999427795399	63.154000010043376	72.16799995183939
2.402000098228454	65.08199974536895	81.66800001144408
13.567000222206115	65.08199975132942	88.59599983692178
0.3660000085830693	64.04600011110308	69.31800001621252
1.016999993324279	88.53399980902672	69.51400004506104
-0.5029999828338628	70.30800019979476	76.54799974918357
-0.18699988365173392	60.7720000308752	68.08800011634831
0.3100000476837153	77.77399984076618	78.30200030207627
0.487000031471252	60.383999884128585	75.22999992609024
-0.056999998092652035	63.34200028419495	71.33799995422359
0.21100010395049942	62.62000028610225	81.7299996940792
-0.6609999418258656	60.497999954223665	78.61800009489065
1.1499999809265122	64.49000000715252	70.27000022888181
0.4220000171661378	68.9820001459122	68.51599994659416
0.315000081062317	74.98599962115291	67.80799993038177
0.41099999427795464	61.68000006556514	73.6520000886917
0.6350000047683713	126.05400032877927	77.07799986839292
0.3969999551773061	73.14599991351368	82.90600006371731
0.8190000534057608	88.77599987030028	83.58200025647886
1.302000026702882	66.90599985003475	73.59400008201595
0.9039999818801865	64.60799988925454	64.64999996185303
0.14599993228912317	68.9779997321963	69.42799996852871
18.46999981164932	72.04400014519692	73.52800021886823
0.539000005722045	62.936000020951035	68.48399975776671
0.47099997520446685	70.32799984812738	70.81199997663505
1.8470000314712525	66.46400018453598	74.0140000486374
0.5650001382827747	75.73000023841855	65.22600005149837
1.319000005722048	68.82800036981703	100.53199987709516
0.3300000047683724	58.315999889373735	70.40400015413763
1.795000066757202	69.78599989026785	80.15200009942062
0.5439999866485589	85.10799948930735	72.41799997329703
-0.11099995136261054	74.80999949991707	67.06200001239776
0.675999922752379	73.850000257492	80.6600001335144
0.3329999637603755	63.67999980732804	69.96400023221965
0.5130000400543215	66.70399990826841	68.93600016355518
2.0430000972747817	67.1800000238419	80.25000014066708
0.4179999923706065	64.08800014287227	111.01400051116946
0.3299999427795413	66.51000015154476	116.81599933475258
1.1460000228881828	66.63399996995928	72.9220000243187
0.9170000600814813	69.58999981105329	71.50599997043611
0.3319999456405642	83.66599995300164	70.95799978971492
0.16800003528594945	59.40999994993205	66.54000011444091
-0.907999987602232	65.88199992656699	69.85000009536749
1.6070001220703147	73.25599983692163	73.00999980211257
15.675999927520753	59.67199993371959	68.29199997141957
0.3450000715255726	71.79999987959853	113.0779999986291
0.15999996662139981	84.67800010770564	69.7140001547337
1.3160000467300403	66.10599990606305	77.8920000463724
0.29800011634826723	62.21600002169614	69.04399988174445
0.9519998168945328	63.00400007963176	69.40599986791614
2.1279999303817743	73.78600004196169	76.12400020599368
1.2240000009536727	82.7180001471937	95.29599998354911
2.542999963760372	69.20000015020364	82.69599996566772
0.39900000572204597	61.157999892234834	86.85199997141953
0.26099995136261017	66.28599993228909	77.5420001602173
0.07799990177154568	67.68199978739021	72.80400015950198
1.7300000333785994	66.1280000448227	74.5020000934601
1.0089999437332164	61.183999933004415	72.64199996054177
0.38399999141693203	64.44199986219401	75.36800006151199
0.38599992752075113	64.23400009721517	74.6779999983311
0.12500002384185882	65.28400006294248	70.20599989056586
1.8830000162124645	66.10599995613096	70.94200014114391
0.6930000686645512	61.00000003099445	68.94800000667571
-0.25199994564056394	82.64600037217133	66.70200003430246
0.734000034332275	63.47399992898106	77.33400016605853
1.07699995994568	62.8680001354217	69.94999989271162
1.704999976158142	70.14400011181833	70.6359999704361
1.2649998950958248	63.8219998347759	81.62599986076347
0.9359999465942389	70.00399985313418	72.61999996662138
-0.23400003433227487	62.939999982565624	66.10600005030626
13.698999657630914	60.21399980545043	72.26600034236904
0.5229999732971196	71.76400053501125	81.4240001574159
0.26900008201599146	63.64199998855588	70.32600011348718
0.514000024795531	64.72999997615813	68.26000003099433
0.057999973297117834	61.080000092536274	78.78199986696248
0.4700000333785999	109.52000039339069	175.74999913126234
2.2020000553131105	60.46799988627432	73.16000007748593
0.2249999141693112	70.66399989604955	98.39999967098237
0.7479999542236317	70.00800012946125	84.2060004377365
0.12700002670287994	62.92799993515012	72.43999988555912
0.09900005817413246	65.05400009870526	69.36199993610381
0.560000028610229	60.45999995470043	73.84000005245206
0.7470000219345097	64.82800000339743	71.74400002956394
0.7520000743865967	64.06600004374981	69.96800016880036
1.3830000305175791	66.86600005626673	67.78400014400482
0.7720000219345087	72.72400023519994	78.7600001424551
0.7389999580383305	65.6919998180866	69.56800015926356
2.3669999265670776	63.66400027126076	75.66800010442738
-0.7660000181198132	63.122000125646636	71.3660001850128
1.4099999284744256	62.78000001788141	66.73800004437567
1.1749999904632569	65.92200014352801	106.16600012540822
1.3400000619888308	61.30800008296964	76.24400001287464
1.2899999999999998	71.71800020456314	80.29400023072957
2.0900000762939452	62.919999952316275	79.92999998688695
4.724999890327451	75.61800044059743	67.98999996185303
0.7750000286102279	89.1320002031326	77.92399959564206
1.6500000476837144	79.0779999530315	69.79400014638897
0.2760000181198117	78.54600044742222	69.27200003623963
-1.0609999847412102	54.77600002676246	62.921999797821066
0.4119999551773076	56.85999990820887	67.60999994039528
-0.40600001335143987	59.21999991536139	91.86399981617934
0.8050000572204575	65.64999999046324	71.76000025749201
0.6749999094009401	65.45800010681151	84.21999984696498
1.3300000381469732	77.76200038850298	66.32600001811976
0.2650000810623159	61.95800006866453	87.77200037002562
2.3469999742507914	65.29399993628259	71.87399985432619
0.019999914169311565	64.18799980640414	87.58600002765657
0.19999993801116994	71.11800023600456	66.55000009775159
0.8430000638961779	79.40199982047078	72.97200009346005
-0.36500006675720126	65.92800020217894	89.77799993515019
1.4020000648498527	63.19599994510409	70.54400012969967
8.629999904632577	78.7459997987747	84.11399991989136
0.15900002479553169	64.99600000143049	75.13599986553191
-0.8690000104904171	64.48999999642372	71.29399996995932
2.054999976158143	79.38600025892259	67.9820001888275
2.0400000190734873	73.30999993324279	78.96800029754635
0.06400002956390291	49.642000083923335	61.56400011569262
0.4860000371932997	68.26400010347356	71.85800007730717
0.047999968528748466	64.61599998474121	74.91600020647047
0.47899998188018705	58.95799992084505	71.6960001182556
0.13600002765655458	76.51199990987789	74.38800020694735
0.2460000133514395	63.00600001499053	69.91999987006189
7.479000058174136	64.1219998812676	71.65400018215176
1.9379999780654897	72.75800029397008	76.70600024700173
-0.0490000247955311	63.33000012874603	79.93799991130827
1.0269999313354485	65.5539998304844	96.00999992370603
0.6360000324249268	61.50200011253353	78.95200017452238
