5.540000009536748
11.18399997234344
27.235999827682978
4.51800004005432
7.259999999999999
4.948000144958498
13.01399985313414
2.0280000591278093
19.12000014543532
2.7300000476837183
0.8960000419616709
0.5140000152587904
3.7940000343322753
-0.10199993133544835
0.052000074386596394
3.7639999866485585
5.959999971389769
10.036000032424933
1.1719999694824206
8.736000032424922
7.501999826431275
6.024000225067142
12.59200021743774
0.8900000381469719
-2.6480002689361575
17.31999986767769
15.23799995422363
14.395999927520743
6.025999994277955
6.229999942779535
2.4399999237060537
13.769999833107
6.6080000114440915
2.5460000991821286
12.414000062942508
2.5040001487731947
12.440000238418582
0.6539999580383308
5.075999975204466
19.243999872207656
11.757999978065511
10.400000028610226
1.8219998931884778
12.600000090599046
2.254000215530396
7.601999912261962
8.750000190734866
10.5919999408722
2.2980000877380378
2.697999935150148
-0.6040000915527342
-30.777999916076666
4.794000043869012
4.58799997329712
3.5420001506805403
10.347999963760374
5.01400008201599
4.1020001029968265
4.097999906539918
10.446000070571905
2.723999834060671
5.8260000896453885
13.178000245094298
-0.3580000591278081
1.0340001010894784
11.130000123977654
2.0620001506805394
12.839999971389771
-0.0799999713897692
11.256000189781183
5.85000015258789
1.34400001525879
1.4139999198913564
10.24600006103516
17.73999992847443
13.666000003814686
8.618000097274772
0.2859999942779546
6.564000062942503
1.1820001411437988
8.829999952316282
-0.24799989700317235
0.6399999809265128
1.4859999942779534
27.115999994277967
6.739999856948849
6.3280000495910675
13.125999903678881
-37.150000333785975
11.411999855041504
18.98999990046023
27.264000064879667
23.643999838829025
13.378000135421749
10.494000234603899
8.282000045776375
2.8459999752044673
2.237999897003174
0.18399998664856065
16.333999786376957
1.1139999103546157
19.19999984979628
-10.730000419616694
9.306000194549565
1.1140000629425064
16.228000087738053
8.932000131607065
4.038000116348266
-21.874000053405776
-21.67600001335142
4.016000051498411
-1.7520001506805438
1.5940000152587874
27.898000321388253
0.7219999790191649
11.67400008678435
3.979999952316283
0.5199999999999997
6.553999996185309
7.54599993705749
6.527999982833868
10.16200013160705
7.028000164031984
1.5960001087188735
-2.3480000114440904
3.8759999465942387
-2.054000091552733
10.956000223159794
2.1200001239776616
20.82000000000001
9.932000102996827
0.07999990463256675
-9.120000133514406
0.552000102996826
2.13400007247925
8.256000032424929
4.312000064849854
6.696000041961672
1.6380002307891826
2.6220000362396263
2.5239999294280997
2.054000139236453
12.81400002002715
2.796000108718872
13.651999769210825
2.512000074386598
8.288000335693361
-3.816000022888184
6.2039998340606655
-12.58400004386902
0.355999832153319
2.7359999847412095
3.2219999980926537
11.897999849319458
7.98800019264221
3.9500000858306863
1.8820000362396252
6.427999849319458
25.04200016975402
-0.147999982833863
5.646000080108642
4.065999937057493
2.3159998130798343
2.4800000381469722
2.1640001773834237
6.037999982833866
0.7119999694824218
0.9000000381469722
2.570000181198119
9.03200017929076
2.4500000000000006
16.393999986648556
17.308000125885012
