8.909999990463263
15.148000106811526
0.34199992179870803
15.372000055313107
3.060000123977661
14.16200015068054
7.492000083923344
12.457999944686907
21.570000228881824
13.694000263214106
3.020000038146973
19.425999674797037
3.4500000858306885
4.425999898910519
6.262000246047972
20.395999898910517
6.329999961853027
5.922000045776366
4.280000104904179
0.1100001049041748
15.14400008201598
8.690000114440918
3.577999973297116
1.2480000782012948
0.1940000152587885
16.334000043869022
9.534000034332271
13.009999818801871
63.17400058746337
8.329999809265136
5.644000024795532
4.182000160217285
32.87799992561341
28.504000377655018
5.684000015258793
10.21800001144409
8.01399996757507
33.10200044631958
2.4780000782012954
14.952000064849855
3.4400001621246337
1.6620000362396248
11.993999977111814
3.0560001087188713
19.015999855995197
24.279999725222584
21.15599977493288
1.698000030517579
5.82999989509583
3.0299999523162824
6.091999959945679
18.16799985885621
1.4719998168945319
2.2660000801086446
5.256000013351435
6.8439999866485595
5.757999897003176
22.67199976921082
12.950000095367423
1.7420000743865964
8.00799997329712
4.592000150680548
23.393999893665292
4.648000030517575
13.618000078201286
11.621999750137315
4.868000097274779
25.607999916076693
5.184000034332276
7.3439998912811255
3.07399991989136
9.728000011444095
7.0359999084472635
11.872000012397766
0.7500002479553224
4.912000017166138
12.892000045776374
0.5059999847412124
5.959999961853028
9.200000057220452
8.979999971389764
1.6500000190734867
11.216000032424919
5.1259999084472705
5.4159999561309835
9.510000076293952
5.58199987411499
4.501999912261967
5.579999990463258
28.921999599933624
8.512000007629387
8.07199991226197
2.7939999771118185
11.58199999809265
11.944000072479238
0.4460000610351561
4.191999959945677
8.470000009536745
1.5579999923706072
31.45000031471251
3.3640000534057624
8.591999921798703
9.220000152587893
13.425999832153325
55.719999217987
17.690000405311576
26.274000310897815
22.769999818801885
110.6539991474152
4.424000129699707
6.834000177383428
7.4720000362396215
17.047999954223624
3.271999921798705
3.729999952316284
11.411999835968013
8.644000053405767
6.654000158309938
2.2559999656677237
15.225999898910523
16.17399983406067
36.91999955177301
5.092000026702884
6.021999912261968
4.82399998664856
8.90199999809265
6.370000219345094
8.24399990081788
7.994000091552734
12.30399992942809
18.89999989509583
11.27599997520448
6.206000013351436
10.56000013351441
9.762000055313111
6.585999965667725
27.2760000038147
47.09399975776672
