0.22399980545043938	72.29799985527993	81.40999997660514
10.915999784469612	68.01399985834951	67.53000012397764
1.0200000095367434	65.39399976134298	76.22200004696842
1.8860000133514396	64.89000002071256	71.75800009727475
-1.0339999961853021	93.89399974644192	67.5700001400709
6.766000003814698	63.168000160753664	68.26399995803834
-1.4920000457763658	62.962000164240564	69.44000004962086
4.464000034332277	62.68999991238109	68.10600006818773
7.248000087738038	65.31399997055533	75.72000036239628
-0.09000021934509222	67.44199955940248	72.48600003197781
12.27399998664856	85.84799978658553	80.58000003695489
4.095999956130978	108.76000004515042	90.935999880284
8.670000028610229	62.70400004386903	67.8500000953674
2.1199999523162827	79.13599999338389	70.89000021338467
1.8180001163482655	66.8379998087882	72.78800009295344
1.842000141143797	69.17200014352802	66.80199995517732
2.617999897003174	68.12000011444091	77.04800003290174
0.2680000209808356	69.61799988776446	70.19200004339221
5.939999942779537	68.87199987769125	69.41800006210806
3.1919999122619602	75.01599995255471	71.01599993705746
12.1240001296997	67.2940001511574	69.53200001955028
13.243999967575064	63.12800027608874	67.71200013756751
7.367999887466435	65.64600018501275	71.02199977874757
5.9119999694824195	77.13800001084809	64.83799987316127
3.1560001087188705	68.89600007057184	142.34800009444342
2.1440001773834223	64.87200006812807	75.55400000095374
-0.817999868392945	73.29400043964388	76.22400010347378
-1.1880001449584938	63.24199966669081	79.06400005862125
14.339999790191658	73.07999995470044	70.76400001287463
2.03000005722046	59.54800009250638	71.40000017002222
13.985999984741207	63.74399999022481	74.90800013422967
3.336000061035154	69.01600001022221	85.64000000000003
0.26400006294250433	61.6140000152588	80.50599996298557
2.484000034332275	65.56399982094766	68.62999994605784
2.046000127792359	81.86999997138963	94.91400016173728
3.154000148773192	65.25400003910069	62.428000030517545
1.3420000457763654	64.84200002759698	70.33800005435944
16.721999940872188	72.84600008487702	101.76399979546653
2.796000061035153	62.545999797880654	70.01999987617135
0.7560000324249252	65.88000032901765	83.11599993109705
2.8200000572204584	66.64400008529427	74.02999982833859
0.09999995231628492	67.5339996087551	88.23200000047679
-0.9459999465942394	76.89600011825563	64.22999998271466
1.1280000114440936	62.68999978065491	68.21199985265734
1.926000118255614	79.27799993753432	72.83399982362987
-1.1040000438690194	82.19400010198358	78.73199981242414
12.151999959945682	82.41799977183345	77.41199993759395
2.850000019073488	67.93000009298315	70.13799986600868
9.412000055313104	66.17599989697334	73.66399998188018
0.8999999999999986	62.75200007438656	62.53800010681145
6.1300000095367455	103.65799988269802	124.56800022959717
3.710000047683715	62.261999913454105	68.65200014591214
-1.9239999294280987	63.9200002294779	136.96799981281166
13.677999887466418	59.662000077217805	79.25200010418894
1.897999849319458	57.634000196456945	71.95599999785425
0.8980000495910635	85.26200009226797	90.75200041055678
3.307999973297119	80.09800013601779	67.92800037384035
9.348000078201297	63.68200007438661	92.89000020503991
2.0260000324249265	111.07000019639723	71.14200016498565
-2.0319999313354473	83.21399990022192	78.31999999761588
1.9280000686645486	89.52399958014485	78.97799974277615
3.987999897003178	70.39000012874607	70.77000013470644
3.4820000457763682	67.95199988842012	67.89000020265578
2.9619999885559083	63.21400004863745	67.98000013828273
1.3620000457763672	72.46399989649655	66.11799992084511
16.867999935150163	73.33799995422362	74.77799993515015
2.447999963760374	66.28000038623809	70.0380000853539
-0.5000000190734862	58.111999939382024	72.74400014877313
1.532000026702879	56.112000024318704	77.97400003433224
1.531999979019164	62.25800002336501	66.34200008392328
0.8699999332428001	67.75199989676472	62.96200002193447
-1.865999994277954	75.17199972867964	73.07999985694886
-0.1179999923706038	67.04799990177149	70.4579998826981
4.595999917984007	96.41399952128539	67.39600017368795
11.104000110626226	59.87400015592577	79.72200044870375
-0.692000093460084	68.19399981737138	70.09800007969145
2.7700000858306875	91.3180000889301	79.21800000429162
1.8599999523162845	70.5560000151396	65.59000005006787
0.8240002059936508	62.20400016784669	96.96400020837778
0.5780000686645522	68.52000037655239	69.17600012540814
4.374000062942503	69.13599982261653	76.84599996447561
6.889999971389769	63.57800005987282	67.92000006914138
0.44800004005431987	60.82999993801119	71.1379998767376
14.961999845504755	68.45799979925152	67.12199991226194
0.6879999256134036	64.31200009226798	92.97400005847214
4.362000083923338	79.57400012850769	70.50200019687412
10.908000078201297	61.89799999952311	71.94000003814699
0.4020001316070553	129.59600022405374	96.6340001630782
-1.4160001087188734	65.21200002670291	113.29199987292307
2.354000005722044	64.687999984324	66.00000003576277
0.5319999504089362	73.58799968302243	110.15799996852873
2.9100000667572044	60.87999980688098	69.54399990022185
2.5039999294281023	68.2999997329712	71.38000016212467
2.7600002193450957	83.59200030475854	85.58600016355525
15.12800011634827	58.24799994468686	62.92800006583336
1.694000082015991	71.31000022441147	76.06400020241739
1.7099999523162848	65.21599990367889	66.24200000286098
4.884000082015988	69.06199978947642	69.05400003433226
1.3040000915527348	57.346000280082194	99.22199974596495
299.6819984436033	63.497999999523145	84.6979999470711
-1.422000007629396	69.89600007414819	72.32399992883201
2.178000068664552	64.01000012636179	92.02000031471245
2.3680001258850094	64.08599991321567	75.77200023174285
14.463999938964841	66.54400031805031	66.92000033497807
1.8460001277923586	63.782000105380995	66.10999992132184
1.0199999809265157	64.21599998712534	76.40400019958616
2.345999917984007	73.5499997663497	68.0600000143051
13.4979999256134	73.95599987447267	65.00000021949413
0.7299999427795395	64.88599999785424	76.64399991080164
-0.273999977111817	73.15399992108343	77.5260001027583
2.7120000362396244	73.32600007832049	82.34599987030026
1.5500001049041738	65.42200031280514	70.96600001096726
2.2139999961853034	63.14000002667302	77.42200017929076
2.7799999904632564	66.65200009465217	71.99999999284746
1.1060000133514385	61.12799998760226	69.56599996566773
0.1900000381469718	67.81599997550244	78.10999999046321
2.944000043869018	66.17800010204311	73.7300001931189
-0.5299999427795417	61.04200018286705	69.48399996995929
1.0040000820159907	71.8320000654459	79.68200014114385
-2.6279999256134006	62.734000022411294	72.09599990800018
0.947999954223632	71.69999991178513	66.45600019454959
8.003999891281126	66.25800005853169	86.25000032186514
6.773999986648561	74.12399984359747	71.08400023102763
1.864000015258788	70.48199997887015	87.56400010108963
1.8060001468658458	64.93399987369781	130.34999977380053
5.161999959945678	60.26400021195408	67.11999999642373
4.880000114440922	62.72800002336502	68.870000231266
4.411999940872193	72.84400001287457	68.99200000762941
-0.4380000209808365	70.21800029322499	61.91400007486345
0.8620000076293957	62.07799991607669	64.97199998855591
4.353999996185306	70.27399975776672	69.07800003290173
1.1619999790191666	64.05800012350083	63.994000086784304
2.755999908447263	65.63799973487853	69.80199987888335
1.44000005722046	67.25400009632105	70.67999993801111
0.40800012588500867	69.12999989107252	82.77000016048555
1.426000003814697	64.38400011301039	71.28800012588506
1.547999973297118	61.299999945163734	65.38599998712535
0.7199999141693104	63.43399986028671	97.64999991178503
1.3059999656677264	61.48400008201599	62.329999885559104
56.32999959945677	67.07000003635883	71.98400024488565
1.9240001296997065	71.46599992364646	71.88800036430356
-0.5079999732971199	66.72999996393918	108.22600034713751
0.28999999999999965	65.14399985104805	68.49200000762937
13.598000125885012	80.34600003764032	71.26799986988303
19.01799987792971	80.35199954986571	152.61399955332269
1.0060001087188721	63.779999988079076	84.33400035858156
0.13600001335143966	77.91200019240381	65.64200017929073
32.619999990463285	63.0120000696182	69.17399980828168
1.9620000362396255	64.52600033760066	69.6519998991489
5.372000093460088	61.102000179290776	94.18800019502636
13.126000108718879	73.40399963378904	68.46399995803826
6.824000034332275	77.89800000816582	70.16999998807907
2.7379999637603754	89.00599975109103	78.8839996600151
1.7479999160766624	109.48200008988383	172.15400045245886
10.10200009346008	68.17999964714048	73.68999962031839
-2.0759999942779555	67.53600001141416	74.10000017881393
0.40799993515014576	57.67800002098081	70.48199989616877
1.3839999866485575	66.44799987792966	65.06799993991852
2.3000000762939465	76.48199955701827	82.03200054645536
0.2899999523162847	65.20000003218654	72.51599986076363
4.671999845504761	71.28800008058548	65.64999988555908
-0.05799997329711983	63.604000207185734	74.51200012207032
5.535999994277956	63.58000007659191	69.31000004768377
2.3599999332427983	64.5000000947714	103.03600046038625
1.614000158309937	75.50599987745285	68.97199988842007
1.4479999828338619	67.45800018429756	69.25599971055986
1.5640000057220467	69.84600021168589	77.03800026416785
19.990000009536747	69.31199990838763	65.20400001138447
3.8219999313354465	59.862000172138174	66.34199982643128
1.111999950408935	65.2399996846914	76.89200015664093
0.20199988365173185	63.56400003612039	75.35399994850155
16.337999925613413	97.42799965307115	71.01199998855586
4.746000013351438	76.04400036454199	67.3040003013611
0.8399999713897696	61.96200008332732	68.25400021076213
0.11999990463256782	58.8119999539852	64.41800008296961
1.212000026702879	59.13000002264982	74.8299999570847
3.9160000133514425	59.41400021076205	68.81800004363058
1.1740001201629646	59.446000147759946	81.17000004738559
1.5060000324249254	66.6820000998676	75.48999998807905
4.492000045776367	81.23599993586546	66.88600012779234
17.59000011444094	65.46399998188016	83.19800003528594
6.698000059127802	84.24400007605553	72.8399997937679
10.574000129699712	64.89600020170211	70.12799997627744
1.8819999980926516	64.76200005963443	109.5240004026889
0.7439999866485593	74.10000008463857	71.10199965715411
7.151999921798703	60.6119999885559	65.55400000095364
0.8899999713897695	69.40000003159042	90.44599985837941
-0.7199999713897695	61.98000020265581	70.48799985215068
1.5820000839233406	74.47600015670061	74.39600009918207
5.109999923706052	59.32599975988266	65.71800019741057
4.54000004768371	63.24600001722576	69.00400017350914
2.3599999713897706	73.91000013828274	66.23799984455113
1.9980000782012926	68.1499999898672	72.32799995809793
2.7540000343322735	61.04799998998638	60.204000077247564
1.6740000247955338	64.08399992704395	72.96599994659427
3.756000070571899	67.92399970114234	74.36400007247924
2.9919999599456784	63.96399982929227	80.2659998849034
7.346000213623047	75.27199966907507	72.74999989628787
2.2800000572204593	60.82400010228157	72.77200029492377
2.586000051498411	64.55399988412859	73.70600017428393
1.6579998970031722	61.05799997806551	65.76999986529347
0.9439998435974095	62.340000147819524	66.5940000206232
2.2120000457763664	75.0360000139475	68.90200010299678
1.2960000610351554	81.16400007247923	76.48599993526929
35.911999826431256	67.08599991083153	65.96999991893763
-0.031999998092651416	67.48200003176926	63.911999955177286
5.79999996185303	63.44000005900863	71.29800009727484
6.900000038146975	70.30399967670441	66.70200002714991
7.356000051498413	64.34000013113022	80.00999985456475
0.2639999675750735	80.4059995813667	83.9839999341965
8.484000005722045	83.32200024917714	83.80999994754801
15.302000093460084	93.3860000911355	111.63399964571002
-0.29600003242492706	61.83200004190204	69.98800009727483
3.7519998741149925	63.01400001049043	67.84200002193451
5.940000057220467	63.31599982738495	73.8639999304712
1.7019999408721933	59.47399999260898	66.62399997949599
1.9599999713897716	71.31399998068814	69.14800007820133
10.88799991607665	66.49799994230271	72.0240001296997
1.5519999122619645	58.31799996376038	63.8979999542236
0.6320000457763686	64.16999998688699	66.09999996066097
-0.04199988365173229	65.13199971675871	67.33400008916851
-0.9359999847412108	59.381999910622795	91.48000011920935
1.5140000438690193	68.07199999749662	64.43400003433226
5.9000002098083515	60.43200018525122	67.12800004914398
2.140000000000002	64.6839999556541	71.1479999816417
87.48599890708921	63.55999996125702	71.73000004053115
2.012000045776369	59.72199981451032	70.5879999160767
17.750000209808363	61.56199999928475	68.12200008392331
2.581999959945676	66.70199993327259	71.73399983972308
0.1419999694824227	77.94599987745286	64.41799990460267
5.646000041961672	63.762000067233984	68.7740000927448
4.4520000648498534	62.106000061035076	72.6479998970031
2.093999967575074	72.7559998488426	64.65399999618526
2.443999938964844	65.07199994087216	69.93800011157992
2.973999948501586	68.14200023770333	66.74400017976761
3.9320000362396232	66.50399987936024	73.56799982786183
8.622000083923341	76.59000018119812	71.56000007152558
-0.15400000572204686	80.53200021147734	70.60400010824199
6.018000011444096	66.98199987098565	73.5200002229214
7.381999883651731	63.98799993753428	67.01600011587142
-0.11399995803833032	72.58799978971477	65.86600023448462
4.0959998989105255	62.79999992847439	72.81199993252757
-2.8040000343322773	57.130000171512364	67.7079999923706
5.432000112533565	66.68400000095365	76.15199989795684
-0.024000072479246626	60.256000034809134	63.15800011828533
0.864000082015992	63.20600000381467	84.31000002264985
0.43000012397766074	61.954000115841595	66.50599992275241
4.2200000095367445	75.56400005877006	77.73400008440014
8.164000062942497	63.342000093460044	72.03600005149845
1.2239999961853023	61.34200011372566	67.65199995398521
2.704000015258789	66.79999998033047	72.8839999866485
-0.15400008201599097	70.26400035634637	63.385999972820294
7.065999946594243	59.224000171422944	122.5139999002219
6.173999938964845	75.60600009486076	67.30200003981585
1.4960000324249263	65.0879999279976	64.29600003957748
3.892000007629394	60.014000188112256	72.70999996513137
4.50799991607666	60.148000227212904	66.93000016212459
7.448000078201291	65.86000011682505	70.88200010538102
6.159999923706063	70.14399990797045	76.03800039172168
1.8180000305175783	64.49600000619887	70.12400017619134
5.338000030517576	70.37000015735619	64.9720000398159
4.711999988555907	72.69000000238427	67.51799996137623
3.243999948501587	66.55200010418889	78.1860003173351
12.125999765396125	67.76599998056884	74.48800016403196
4.835999994277959	60.53200020670892	68.80800013184547
1.0600000000000014	62.544000074863405	67.69400018572807
5.124000072479245	66.24999980688101	84.7380001306534
2.065999975204471	75.92199995756147	74.84000020384786
3.8299999618530265	60.89999984025957	68.9699999666215
5.00200011253357	83.43599999189388	66.75400010108943
-0.07600003242492534	64.48599995568387	73.8479998588562
1.4600000572204603	62.95800000429151	69.85200012981892
14.752000112533562	61.26199993133545	66.39399995803832
3.256000013351442	65.54599993228913	72.33600017964842
0.6019999504089348	84.13600003004075	99.80399984598147
18.012000207900993	64.49999968528752	68.1840001487732
0.5120000743865967	67.68799991130824	66.16600013017646
2.8100001049041756	70.55799995422359	85.0660004281998
-0.17400003433227576	63.64799995020026	94.61600010752673
-0.780000076293945	64.75399991154671	67.02200005531316
-0.33599991798400863	68.45400006771091	71.02400004088878
1.7680001640319816	67.78799998089663	63.54199997425087
2.8119999265670748	58.22399989545349	64.74000014781953
2.3560000133514403	64.05599989116189	70.87400023639199
-0.09600001335143885	61.72399989455936	76.95600018739695
6.844000062942503	78.1520000915229	71.99200019240378
1.141999893188475	60.8040000808239	70.18999995812773
1.65600009918213	70.56199983835222	69.28999998569489
1.4180001068115249	68.63600010246039	79.19400024324655
1.5179999828338617	70.3560000066459	64.99399999618532
-0.5839999437332138	91.00400001883509	69.37000025749204
-1.4740001010894774	65.08199981123212	70.12199992656706
0.9060000228881833	64.32599987328052	74.11200013577941
-0.6980000305175795	63.225999847948515	70.5180001583695
3.7260000419616714	65.76199997544288	89.36200001835826
21.188000173568717	75.20000038504601	71.58200010269874
5.495999956130979	70.34399995565408	68.09800019741056
6.115999956130984	62.0999999733269	68.26200002193444
1.2799999904632582	109.6219994655252	105.92199966341252
-0.2620000457763667	72.57599992275237	66.1400001215935
-0.9580000495910669	67.58800006389613	60.19799999713896
5.75599998474121	76.00999980926504	71.2120000553131
0.6700000381469731	59.46199991464616	65.49800020664921
10.882000064849843	63.07000006794929	76.72599986433983
4.01600008010864	65.50399977803227	67.33800003767013
4.403999891281131	62.4459999531507	66.95200001716611
2.2679999923706076	98.57400016680357	66.68200006008146
0.9540000629425058	59.29000001430507	89.01400003015998
17.638000097274777	84.57799988985052	67.63199994564053
4.221999864578252	56.95600001692769	154.20799960136404
5.500000133514404	62.9580000667274	76.63400025069713
3.0380000114440904	71.21600010395053	81.19199996948238
-0.8879999065399177	61.59200006008144	70.67600014925004
2.2700000572204573	73.53799997806553	83.56199979782096
0.10199996948242365	58.707999944686875	66.43599976539606
2.9080000209808343	86.40199948266145	71.17600011825557
11.670000095367433	64.13599988564843	63.593999938070766
2.890000038146973	64.99800020337106	65.4679999542236
3.5439999771118154	62.159999907016726	70.55800002574922
3.416000003814695	63.60800020933148	80.07799995809795
4.122000141143797	63.6759998488426	87.68400015294553
0.5799999427795411	70.1739996799826	71.5260000491142
0.9840000724792484	60.14800002098078	68.32199981927869
5.380000028610234	65.3499998116493	77.6339996361733
-0.025999917984010332	63.31799983859059	74.88800006866458
4.483999948501585	66.08400022625925	72.08799980580805
1.4079999542236323	68.74999971985817	70.09200023084875
4.561999988555908	61.47199991345402	66.0559998340905
1.231999931335449	62.69599997520448	85.8959996008873
5.209999961853029	62.6640000620484	66.99599999427801
2.617999963760374	63.326000094413764	62.704000129997745
0.2299999809265143	63.90999986529349	68.07600006490941
0.8559999752044678	62.671999824047035	80.35599967837334
2.488000020980836	75.1140003204345	72.7480002498627
22.947999906539934	70.60000009849665	81.93600034147501
3.5680000686645488	69.77800024509432	66.3919999742508
1.9520001125335689	66.07799992561337	66.6719998157024
1.9959999370574968	61.735999879837024	71.90200015828019
4.772000045776366	66.37399997472758	69.87999995827668
1.0799997997283939	62.00600000858305	67.74799997091289
0.8799999427795395	67.05200005531313	72.70000017344951
-1.0619999408721932	56.90799999833113	71.98999994218346
32.07999981880189	61.1719998112321	65.68799986839295
2.9280001354217537	76.55400000601996	71.00400002956381
-0.7680000686645512	90.13800052911033	67.08600030422215
4.451999912261962	59.66799984574316	67.73999988555909
0.09200001716613752	69.52000007897612	67.82000000953677
3.5880000591278076	65.3299999570847	67.66599990606304
2.1640000057220456	63.15999991700047	84.31200028896328
4.3460000514984145	62.206000100374204	67.19399994730946
2.2299999332427998	93.01800065487625	66.92599998235698
2.0740000057220476	80.84399997472767	63.075999975204496
0.2879999065399177	60.39000016674397	79.78999965906145
0.8680000114440923	64.03200020432466	66.39800014019006
0.5240000438690202	61.87199967876075	88.56400008916859
4.878000020980833	72.48199987888333	78.4419998955727
14.46800018310547	79.30799995630977	71.15800004959104
-0.3819999217987066	67.70599999606601	65.68999998569488
4.586000080108644	95.72999984145167	67.21799981594086
6.128000078201296	67.90000007629394	69.37000004529955
1.754000148773191	58.36800010681155	70.00200017452235
12.51199983596802	68.67400001049037	67.03600007414816
1.2079999256134024	66.27600025534623	71.1080001592636
6.73400001525879	65.7019998127222	66.50399993896484
-0.40599996566772617	61.69799998998641	87.0060002565383
5.290000076293941	85.65800036236644	62.606000137329126
4.234000034332274	61.89600015640263	70.00999987602236
4.0180000019073505	109.0040006536245	84.89799998372797
-1.1180000114440936	67.51000011801717	65.00999992668629
2.9199998760223393	81.99800063133232	63.566000078916595
12.466000280380253	66.47399995565411	62.466000013351405
3.8200000572204598	63.04399990916249	72.79399981349708
0.8099999523162827	60.55199999630448	71.76199989199638
2.1759999465942386	64.64400002077215	67.48200042128563
6.857999992370611	67.60000001862647	65.29799987316132
5.521999864578245	59.201999881267575	66.55600008487698
-1.7580000591278073	61.12399984240533	62.21199994087219
1.8060000038146984	69.73000013738866	89.77400043785578
43.043999843597426	67.72599989891056	65.16000002384186
2.0080000400543208	61.59600012108683	75.84200002029532
0.7739999198913579	72.07000006496897	87.472000067234
9.24800002098084	69.82199961900717	73.77000020503993
0.6100000190734881	61.8399999544024	72.21000012040143
0.3419999504089339	60.65399988278747	65.87600026607512
1.6240000247955324	67.9600000552833	76.06800017595287
11.38400010108948	66.58200000762935	70.8240001010895
1.2140000057220468	70.3739999842644	72.3419999074936
-0.44599991798400834	62.79799984455105	84.35999981403346
0.23000012397766	67.61799989223476	80.59400007724767
-0.8899999904632567	61.7799998521805	80.20000014871363
1.5020001220703096	63.03599999666213	93.58399995327002
3.595999975204467	79.76600052714349	159.2679994060099
-1.0359999275207512	62.79600025206801	67.33399985790251
8.697999944686881	66.49000000715255	64.32200001239775
4.56399988174438	65.90199981451032	65.35200002908701
10.516000165939333	70.38400004327296	73.70799999713894
2.264000034332275	72.11600027561184	68.65200018167494
-0.09200012207031331	61.80199990555636	74.40399964332578
1.920000076293944	64.752000041306	65.63799992084505
2.948000001907346	63.31800003886219	69.18999969959252
9.519999961853024	73.89200027376415	75.34999992728231
0.5839999485015881	82.64199975669383	67.52999992370606
4.658000011444093	62.79000013113023	67.43000005602836
3.1339998722076436	80.70399958789346	75.0660001015663
8.513999948501583	73.63399990513915	66.75600004941217
10.588000030517584	73.17600020766254	75.59599997282015
1.2459999942779538	65.23399999856954	75.70799989342693
1.6540000057220445	66.41399983644483	65.98000002384182
5.712000017166136	65.71999987363813	68.95399998426441
1.9520000553131092	64.26800010770559	65.52600015163424
2.219999866485596	68.28399981021883	66.29600002080203
2.978000106811522	54.84999987602231	63.39999995231626
1.0000000762939454	75.38600045591598	78.29400023221973
5.359999799728393	70.89800005197517	67.33600006937988
2.148000040054323	75.93199987411496	69.09399994850158
1.4360001373291018	68.33800010979166	67.26999977588646
1.310000085830689	61.33199997663492	63.10999996066093
-0.34799996376037495	64.1960000538826	71.52000007629393
27.031999597549426	60.15600012212993	63.97399999141687
3.0859999275207537	73.54799981594084	64.06000005841256
1.9840000534057636	67.91800021618602	71.04600006341934
-0.2720000171661377	68.35799999803304	73.17799983024595
0.5319999504089353	64.37799996346234	70.21799983978269
3.3300000572204587	70.57600019931787	66.87799995303156
1.9340000438690192	65.99000002026555	98.73000003427272
1.8179999637603763	61.975999652743326	74.15600006580348
2.890000047683718	61.307999913990436	77.56199989557263
-0.3279999732971172	74.86000004768366	70.64199988722807
0.8740001487731925	76.64199999779464	64.55399992942803
2.08399998664856	71.49400006294246	90.39400002598757
5.922000064849857	64.2379999022186	71.08200000345705
1.0239999961853037	58.802000036239576	69.8580002498626
-0.859999980926515	63.36000009953973	72.32599989414204
0.12400010108947584	88.99000009298308	60.651999954283234
3.335999956130981	67.29000006914143	85.84399993896491
2.60799987792969	65.34199991941452	76.13000017404559
5.35200022697449	61.13599984407427	70.5699999880791
3.7520000648498537	58.765999938249585	72.62000011563296
11.398000125884998	76.52600007891651	62.76200019359592
1.2479999351501438	68.78799995228647	83.5520000636578
5.195999879837036	68.46399991273871	62.909999957084665
54.755999794006364	71.03400032520294	65.93399971008297
1.3780000495910627	64.71000004857773	77.45200014352793
0.4799999523162824	66.30199972003695	72.43199994161728
2.214000082015992	61.50000005722042	71.50199998855592
5.802000026702879	92.54199993133545	88.04200019940748
4.548000087738035	66.78800029993053	70.6360000514983
3.063999881744385	60.96600002408027	90.92800008058539
6.0640000247955355	59.07800023823978	65.48199973821642
2.8820000171661366	69.61399981260297	65.54800008773795
5.005999927520753	81.70200001716611	67.196000110507
6.3520000362396205	60.016000036001216	66.56399995803837
1.8900000000000006	67.14600005745888	73.88600015401838
8.619999923706054	63.41399995028975	75.91800003528603
5.520000038146975	110.15800013259057	78.3400003695488
-0.3160000705719002	65.50999976158141	67.11399991989141
14.356000070571893	68.72600034803148	70.9439998245238
3.8139999198913555	65.8839998205006	69.28400007247933
0.20999997138976942	74.34600017532699	66.65800008773805
-0.5800000190734852	66.61399987131357	84.03600018531068
5.345999965667725	70.91799973964686	101.4899995437265
3.5739999961853037	67.33000036060811	83.09399988174434
-1.7659999370574966	62.13600019216541	77.83599995613102
3.410000123977665	82.17200004577631	63.608000054359465
-1.0699999237060531	62.8400000047684	98.65799918293952
9.81799971580505	65.88600005149837	69.42600015699867
-0.6760001182556169	65.84200027585024	67.72800005957484
9.954000034332283	61.882000164985584	69.57600021362305
-0.2959998607635499	66.55600007131694	64.35400013163685
-1.018000040054322	69.57800027132035	88.52799962759015
2.277999944686889	72.65399984791868	78.94800007581718
1.7159999847412122	73.1060000777245	89.73800001546743
-0.2820000553131101	61.481999785900065	72.66599991396068
6.770000095367427	62.36200008809565	71.6680000162125
-2.192000179290772	73.20399998545643	102.07799928635362
8.675999984741214	67.61399996280672	64.76999997138974
8.33600011825562	61.34799993515018	67.11799997329709
-1.3820000457763686	59.660000057220444	67.99000015735628
1.3480000686645508	63.86199999809258	70.21999988079067
0.9439999294280993	61.16999991536143	65.99199997425082
12.71399998664856	60.18200015664102	63.84599990844719
7.634000072479246	66.81599996492264	71.64399989753963
1.8940000152587901	63.124000082761086	62.85799983978269
1.8519999790191668	65.74800000190731	72.99400025844572
2.652000122070312	67.0939999771118	73.02400026619434
1.9080001449584962	66.85999994874004	65.84199990749354
2.6139998626709002	76.47399975538248	63.52600002765656
0.5240000343322745	78.60199985787273	76.1120001006126
-0.15400012016296563	61.919999868869795	64.10400004386905
-0.49399991989135816	60.200000073909756	69.10200010299683
5.523999977111813	79.72599992990494	64.11399988174438
0.31999998092651416	61.011999821662855	72.26000012874607
1.223999929428099	59.08800023078918	66.21200006961821
0.15400006294250504	63.40000007390974	78.21599999904622
11.390000143051147	94.26799948453909	68.15200009346009
1.6960002136230448	61.377999944686906	64.12600002288815
0.6700001144409192	73.13200009092685	72.03800016522406
1.574000024795533	61.83399978160857	72.44399952769282
4.908000078201302	76.47599994570017	69.72400017738346
0.190000019073487	61.41599996745584	81.39599970102311
2.432000074386599	60.020000071227514	74.65799990415572
1.3680000019073486	61.334000095724996	64.54599998474121
10.966000156402586	63.38999995872375	63.03800022602078
0.974000005722045	58.9899999967217	76.10400027513504
6.776000108718868	68.82800011634833	72.60600001931192
0.12000003814697303	64.88599985361108	76.16400014877318
1.4740000820159893	60.38000011444088	66.78800012350078
8.580000009536747	76.9539996552467	90.66600031733515
7.595999994277956	62.716000345647345	65.54000016778708
0.4999999904632557	62.09400006890302	69.75200019985424
8.632000160217284	72.90599988669155	70.79600017130376
2.9859998703002937	67.37799993038175	65.78999990940086
7.908000049591067	81.04999979108565	65.46199997663487
8.798000154495243	83.98200032353395	63.92599993422624
3.0420000839233383	65.89599998041989	66.50600012540814
0.9119998550415054	65.27200006723403	63.84200012877592
-0.9380000495910652	54.91599987506868	103.80799997091285
1.165999994277952	81.04600031733501	64.17800012126557
-0.5920000553131088	57.0260003757477	71.16000005245208
9.146000080108642	75.08600003644831	63.28600017070769
5.0660001373290955	59.99799997150892	80.47800006389615
3.5040001201629645	73.97800023555752	62.46199988573787
3.220000143051146	69.04000021174551	75.24800009101624
-0.8979999828338625	69.97600045174362	61.87000015646215
0.5539999485015848	65.74599994301792	77.11200002849097
2.711999998092651	64.46399966314434	67.68999998763204
4.762000017166138	64.23400014877318	66.91199995994569
4.677999992370603	82.9420003151894	74.91199994325642
3.580000114440918	63.384000136405255	73.01600005865106
0.6080002117156971	58.69399984121328	66.04399998664853
1.2059999275207502	83.75199954107397	72.57799977302548
-1.5000000190734872	57.96599996805197	77.13999971032145
0.09800007820129363	60.92800001382826	66.20200013637539
4.466000032424926	62.36600034117699	71.29599988490344
1.3440000057220434	74.12599982351068	69.81000009536744
10.733999996185304	67.18199986472726	80.73999985992911
0.8679999923706068	63.91200002908705	62.169999891519545
-0.5019998931884775	66.06199990123508	70.43000007152558
0.049999914169313216	62.36400011837486	99.58599991321564
0.5220001602172843	61.54999997779726	74.91200022131203
0.07599989891052114	58.998000159859714	70.85600003242487
-1.5319999122619612	61.790000042021326	80.14199993133542
3.5060000228881822	66.74800014421348	65.52799997687336
-0.5780000972747799	65.39800003767014	68.71000009536753
-0.11600008010864087	65.60200011879202	72.76600013256069
4.807999954223631	66.9799999201298	69.52999996662136
1.2100000572204603	64.37600011527537	70.51000009581443
-0.5819999885559061	62.17600010871883	69.1840001153946
0.46200000762939386	79.8099999189376	66.6700001810491
4.022000007629395	84.50200019597997	76.66399998426436
1.5080000019073474	67.00000014841557	72.88399984359741
-1.4279999160766592	65.11999994933605	64.80999990999692
1.4800000667572004	78.22800001382831	91.48599986076353
1.0160000514984149	60.50999989748006	72.1779998695851
7.446000051498413	67.16399983659389	69.04400008678437
9.473999986648566	61.368000082969644	64.14599998474122
1.6799998569488535	69.82999964535232	70.91599994659421
1.613999967575074	61.29999996662135	85.44399989962581
5.934000062942501	63.456000146865826	67.10399975836278
15.966000108718875	87.46399974599481	105.48399970531469
-1.242000126838683	74.24200004622344	62.059999859035
0.6020000171661374	64.84399987101554	84.67600008532408
9.922000045776368	70.64799986362455	60.11400001347064
2.316000137329101	60.31000002473591	66.04999992847442
6.7200000095367445	68.17999969959249	68.29999984547496
0.35200007438659525	61.815999842882135	83.39199973106392
1.803999977111819	61.03799979746342	70.11599979743357
1.4780001163482672	55.21399988412859	72.55599983930595
-0.1899999332427969	62.39199992060657	67.21600006118419
8.894000034332269	64.72799983680244	79.26999972343437
20.905999870300285	61.10400018692016	76.33400005102166
8.308000020980835	74.88000041246416	66.33800019085409
29.53200013160705	68.45199992820613	64.4460000133514
13.199999961853024	61.60799996495247	77.46599999815223
6.511999883651735	70.06600007414809	70.8540000247955
1.1840000247955302	67.17800007820124	71.70400002956397
18.32399993896485	62.4860000562668	68.34199992358685
1.4839999961853032	68.26200001835818	69.76400022506714
1.1439999961853042	69.13200008347627	66.11600004583602
0.4559999465942362	68.72600009322167	65.39000010251996
-1.1099999713897692	69.64799998685723	71.22399993896494
9.002000064849849	73.2759997734427	80.41400015294542
-0.7640000629425032	77.97199991077193	77.07000006675717
-0.5539999675750714	67.93599998041984	72.96600023269656
2.4599999809265123	63.70000007510184	68.0500000691414
0.8339999961853011	58.585999751090974	64.7820000672341
3.4760001277923593	61.29199991703032	66.9539999437332
15.228000106811525	75.2920005702972	80.11400010824202
0.09000011444091707	67.67399982094764	66.68200015723703
1.281999998092651	63.538000006079656	65.31799982070919
-0.06799998283386118	62.23000001192088	67.9479999375343
1.7620000267028828	63.79799977779391	64.55000006437298
59.18000017166137	94.22800012350083	67.93800001382823
1.429999952316282	75.38800000101328	68.18999996185306
9.92600011825562	65.14600001901385	88.50199964806443
6.184000005722046	64.01800008058548	70.49599989414214
1.0160000514984144	62.42999999880793	69.49999997138984
0.3040001392364494	64.62199979066845	67.19200026035311
19.7920000553131	70.09800016880035	71.84799999505283
3.3199999141693115	66.32199987053868	75.94200032070279
6.999999999999996	65.35999973386525	75.77399990797039
2.469999961853026	63.36400024414061	63.879999842643684
0.6200000190734861	88.38399977445597	70.58600005149839
6.7780000209808335	127.64999994084242	220.85199880093353
6.436000003814702	61.71199975252147	63.888000142574256
2.0240000057220455	63.52999966770411	68.48799995183943
17.346000185012812	55.10200012043115	66.38000031024215
0.5779999542236326	65.37199975013733	67.9899999904633
3.175999937057492	62.37999997973443	66.15000006675723
-2.7980000019073477	65.40599995762105	67.08399975135913
-1.0120001792907731	64.74999990344045	71.52000013530248
13.637999973297106	72.06199973404405	71.45600002527237
-0.306000165939332	69.26399977117771	71.89799994945528
0.7020000076293937	79.92599971294409	66.66399984359744
2.5219999980926513	66.8199998794496	67.12000000834463
-0.48200013160705635	65.70799998447296	63.28400000333789
1.99599997520447	61.804000234603855	75.13400047302247
5.621999912261959	67.12000017166129	70.21599997043609
0.018000068664549417	69.72599985256792	65.69200020313261
10.149999837875367	58.262000069618246	71.82199970602984
2.581999998092651	65.16400011181834	69.28800016552212
1.3880000019073484	67.92599994063376	72.17400020241729
0.30399997711181537	59.00799993038179	66.27400004714721
0.6740000534057619	59.8440001606941	88.5840005457401
-0.8779999923706043	64.29399998664857	69.83200002193453
-0.1639999294281017	65.40800001740453	101.19400045633316
10.194000015258782	60.492000301331274	65.32000000670548
5.065999917984006	66.30799988538033	92.40000012159346
14.881999969482424	62.78599987506865	74.4359999465942
3.2159999942779542	74.22200010418888	152.23200077950938
-0.9819999599456768	78.83400016307834	68.7299998894333
2.0840000629425037	60.18599994197486	75.87399991035467
-1.4740000724792472	90.32200013905762	68.79999973297112
-0.7039999389648429	62.357999871522175	69.61399993002415
1.5999999427795395	69.17600023701782	78.1880000248552
8.712000055313117	74.70000016957518	69.28200039342042
9.287999906539921	62.80200020313259	64.95000014185906
5.9859999656677285	60.954000186920176	82.73399985313418
4.237999973297119	64.55200008869168	97.84599947214129
3.000000019073487	89.3740000520647	77.20999998569481
19.934000043869023	67.22000002622605	64.81399991422897
3.461999979019164	106.01400006115439	70.51000007390975
-0.888000030517578	59.22999994277956	73.71999999761586
2.55800012588501	62.57200010925529	65.91600001573555
2.2839999675750753	69.41799994230266	66.20000021457673
17.216000022888185	60.470000078231116	69.70399993181226
-0.5759998703002919	60.890000088214876	70.65399996519086
2.1340000057220476	65.08799977257848	66.7980001282692
4.533999910354615	62.13000009536746	72.11199990034102
-0.18200008392334074	57.80399998664852	73.15199995040899
1.5579999828338602	62.350000096559555	66.54600016593932
5.247999944686888	69.18999999046328	62.614000256061516
3.9380000400543196	58.382000169754015	69.70400004029274
11.374000110626218	77.1800003933906	68.36800002098083
-1.0240000057220469	68.41400007069112	65.21600019454954
2.067999944686889	58.425999935865406	79.28600026369102
3.042000102996825	63.61799991130831	73.96799996465445
-0.14599994659423612	78.79799977064134	69.83800032138818
5.2160000038147025	67.41599966973068	67.10799986839294
1.9379999923706073	61.41999996185297	79.42800004482268
2.8919999599456814	62.66999996900559	72.99400027275091
2.5519999885559117	69.47399996519087	66.50200002148753
0.9420001506805439	66.92600005924699	71.55000022888184
0.4239998912811276	63.971999984383615	68.68000010967248
1.8380000209808347	63.930000175833655	82.38999988794318
1.7119999694824217	62.34800009131423	69.09400001168254
-0.05999994277954239	67.516000020504	68.16600013732909
0.44400002479553285	72.4680000257492	66.82000006318087
1.5659999275207508	85.94199972033502	64.63400014400477
0.5099999713897714	81.25999963194131	75.46800004243852
2.2140000820159904	68.50999981880189	69.3840000772476
1.485999908447266	66.17200048923493	78.41799985885622
5.430000095367429	66.9700000846386	65.16599993586534
0.7199999713897711	71.06199989318844	71.56600019693374
3.4279999923706037	69.19000000000007	65.45200007483369
-0.4319999217987062	68.70599973678584	62.7060000863671
6.406000013351441	75.37800011157975	71.91600018441673
2.81600004196167	68.28200010448695	85.91600022792811
2.686000032424926	63.34000015735618	81.45999963477253
0.955999937057495	65.91400026559826	64.97000008583066
-0.16799986839294384	85.6219994956255	94.00800039529798
25.779999790191656	63.36399986818431	67.20199998497965
-0.1600000381469728	68.66800006330018	65.32599988937376
1.6819999122619624	67.03999978974456	83.42599980011579
8.965999908447264	68.18799990341068	77.29199976682659
4.903999776840208	67.68000008970506	82.22999989271173
4.322000026702879	63.30600001454355	72.10600032091142
8.15799993515014	60.745999889373735	69.14200009346007
7.377999935150146	63.42000009298326	66.70800004005427
20.99999999046325	84.83399991556999	132.19599975645545
2.317999925613404	61.21599984884256	77.17800021171576
4.30400011062622	60.2759999060631	66.68799981772905
4.302000007629399	82.23600011944775	68.43800015926368
-0.03800003051757727	62.054000272750855	79.52599997758867
6.9920001602172865	68.26600009560579	84.65000004291535
0.8319999980926513	69.16400001600385	70.16799966484312
4.540000066757203	63.77600016802554	75.11999997213486
-0.1300000190734869	71.27999992966645	84.5819997704029
3.9100000095367435	66.88599984824656	62.811999897956845
1.2320001506805416	71.37599990874529	63.66000008419157
0.9140000438690186	62.552000175714454	68.15600013077257
0.5179999732971203	94.27399959847331	68.91999987483025
2.9340000152587913	61.629999967813454	68.69199976205832
28.254000359773638	58.93399979412556	70.55800015449522
0.5200001049041743	66.04400006294243	127.02000026226042
2.0120000171661387	65.49999963581563	69.21600003480907
5.982000064849852	62.01199994325636	71.58199992656702
16.74199985504149	67.97999983429905	86.10000000149005
-0.3620000171661364	61.67600007295609	78.65200014114374
19.41800024032594	64.04199988365168	79.84800006389621
1.5320000267028786	73.49399966359132	82.11400016397235
3.0080000019073516	66.90199998378755	72.93599980726832
4.871999912261968	59.748000201582904	67.7240000066161
3.1560000228881826	74.41600015968083	99.95200023412708
-0.6220000171661363	60.08400011062622	68.6240000712872
4.724000034332278	72.57800016880033	75.5079998350143
6.683999996185302	81.52199983596792	72.07800005435938
3.924000101089476	78.54599986076347	78.18400019168848
14.78000020980835	65.95799986168736	83.07000067949289
16.42000018119812	69.03200023889539	71.87599977493288
2.8199999904632533	66.66800024986267	66.83599991440768
0.20599996566772377	61.36400008678435	77.52599964201457
5.070000038146972	58.00799987792964	69.66600000381472
6.965999946594241	75.23200017645954	67.9060002112389
6.405999965667727	58.88599993705748	66.70199992656708
-0.6519999217987039	71.58199977308503	60.25799989700316
9.572000246047976	63.194000029563895	67.15800002098086
5.087999973297119	66.66999999523158	82.95799988746639
1.1760000705719	65.24400013208385	65.71200023621314
2.5020001029968255	115.48999929904946	67.32799992561347
8.679999895095829	66.14000025630001	68.29400022506715
0.1320000267028817	63.787999934554115	67.08200004130605
-0.146000061035155	65.79999995470044	64.53199998378753
17.44000004768371	83.22199962139125	99.40200028181073
-1.348000135421754	60.33599987387653	71.81399991035457
3.3259999465942376	65.74799982026225	62.738000087738016
0.6919999027252184	67.71800008356573	68.72800009250638
5.89999991416931	91.06199993968006	142.12999954298118
3.4320000267028825	72.17400012210013	65.96399984359746
1.003999977111818	66.03599969148628	113.56000009894387
1.3780000209808356	72.59200033426283	66.96599988073112
-0.947999925613401	59.11400004267692	66.74199983119966
8.10199997901916	64.1679998838901	74.608000383377
-0.09400004386901904	76.00399976402525	67.7980001547932
0.8159999275207522	60.44199990034097	60.28600031852723
6.1959998893737795	64.6279998548329	74.44200012445447
2.0099999904632564	60.20000018775459	81.03199990510946
2.091999950408938	72.04000003874302	73.18800007537003
10.730000019073483	63.82400016307834	70.0560000753403
2.56400002479553	65.97999988272791	87.9480000686646
2.1380000877380394	61.89000019535428	83.3640000003576
0.7360000514984123	68.2140002131462	63.9080001199245
0.4519999885559064	82.86399967581026	91.00799983322618
-0.9419999694824226	69.87399980127816	62.48199997901922
1.425999965667726	66.96800018459561	66.31199975490567
2.9300001716613773	67.58999997615808	67.03399996757514
4.2979999732971175	64.31999985337258	66.53199987888334
6.822000017166138	78.77000029310587	67.17600002050405
1.8299999904632565	62.16600029945379	82.92999991908673
4.926000089645387	69.87399994611735	68.81999987840652
3.6839999389648432	91.53999990046029	65.5599999797344
-1.545999956130979	70.24799991369252	110.93400023877628
1.4640000057220453	70.28199979186049	74.80600005626674
4.531999998092652	74.51200026750564	76.41400010466573
0.5919999027252191	70.6939997690916	77.70800002768632
0.8120000362396229	58.92999987244608	65.40199996471407
1.2060000705719	68.49400022745121	74.3299998116494
2.1539999675750727	71.9400000178814	71.05799975991248
5.267999973297117	60.36800009727476	69.56200004577634
0.6980000782012933	65.93599976539609	70.37999982357022
148.42999950408944	70.28000006198882	69.4820000612735
23.479999895095837	60.578000068664515	68.92399981260299
3.8460000896453876	59.86800005882976	70.95400006413452
4.875999956130983	70.73399998724459	69.60800006940967
2.946000118255615	104.79800053313376	157.9739996087551
2.892000007629395	66.72599988818163	76.84600008249281
5.3640000057220485	57.955999926924775	69.44600006580355
3.708000078201294	63.413999725580204	76.4540001216531
13.001999864578243	63.021999773979125	71.06799987167123
0.08400015830993567	68.80999993115658	73.9840000295639
8.630000028610239	82.33199987709513	66.52799983501427
1.9380000972747786	57.112000358104744	68.85800019308915
4.322000102996828	60.715999984741174	70.86400009393692
13.375999946594224	63.29999993562703	67.16999982118608
3.9940001106262235	62.44600000411275	65.67000006675721
36.20599983215334	69.57199996471405	67.11999988317486
0.6899999618530273	65.17199978470804	103.58800039753322
5.7719999885559075	100.72199993968016	65.56799985885621
3.3700001239776594	64.77000019371508	64.21599977493275
0.8900000000000011	84.92200009942049	83.87399966433645
1.2019999885559087	65.41600004434586	69.27999985218048
0.4659999752044685	58.70800002455711	73.14400026500223
-0.4240000629425051	75.84799997806546	84.11599986076361
11.969999971389774	97.73799993231884	72.26400003433217
9.337999916076651	59.66800019130106	62.99999987959855
2.3240000057220462	55.9960000121594	66.06400020122531
0.7940000057220462	68.27199975639573	69.02799994468688
-0.16799989700317497	62.724000039100666	65.7280001354218
0.09399996757507344	86.3079997220635	80.79799979209903
-0.31399993896484474	66.4440000247955	94.0499999213219
0.8779998588561999	62.11799972012635	82.27600010633462
1.8839999866485604	61.64600022554402	96.39999956414103
0.9739998817443831	65.49999996423723	67.95800016880031
0.32400004386901765	105.5199990761281	66.6520002040267
3.626000013351441	64.04999985530965	74.7920002031326
0.9199999427795411	73.51600012063976	68.01199995368712
7.1680000686645515	66.59800009012218	92.21999945521354
1.5300000858306875	66.67800032481549	91.9399996572732
2.6640001201629655	94.15199966669086	71.75000031471252
-0.08999998092651469	71.82799997985363	63.16600012302398
0.07799988746642993	76.72600015282624	92.53599969387058
-0.12799984931945868	62.39600001394743	62.40200014591212
2.354000158309938	66.64199978232378	68.806000111401
3.2280001354217522	65.05599993228913	86.06400021672248
3.422000102996828	67.27999998092653	69.33799992084502
1.6899999237060548	68.36199988842012	80.73000039100644
1.7719999122619636	69.5339997386932	85.09399967193605
0.49199998855590854	61.93600004673007	71.02200026154516
1.400000038146974	58.0559998333454	70.91400013640514
10.899999933242805	61.09000002562999	67.40799987792967
1.0200000286102284	68.29800007343296	68.61399993181232
-0.5680000782012944	64.88999998211855	143.58399934917685
-0.2240000152587908	62.73800004482268	68.31000021159653
10.06599992752075	61.70599993586541	70.01400017455212
2.6220000267028816	60.73399999141695	58.000000222921344
-0.44599995613098	63.663999998569565	79.96400007903576
0.6480000114440932	63.37199999630454	64.33200010776515
7.324000053405765	63.939999980926494	74.12199973583216
1.17799998283386	76.73400039225814	65.7679999631643
2.894000034332277	60.01999999523157	64.01999996662137
3.823999900817873	67.51400019362563	71.88399993836877
0.7279998874664301	69.73000022709371	63.537999997138954
-1.3280000972747812	64.93600003600125	70.10599977374078
5.3599998092651315	68.98400003433225	68.56199991703032
5.160000033378597	75.02600021839127	67.02999962717296
1.2220000839233396	76.67799945309758	66.72799989581107
-0.007999944686888916	72.31199978917839	69.40200008824459
1.0960000324249264	56.799999923706025	69.36399991035455
0.2500000286102298	74.18800006389617	73.09399983882908
17.537999963760377	63.421999888420125	69.71199993371964
12.842000017166141	65.31399994194507	67.49599992811677
16.8319997406006	66.95799987673757	63.102000285387064
6.905999994277955	60.821999760270074	89.41000034332282
1.286000070571899	65.9560000181198	106.05599953174595
0.91199995994568	71.23400005519382	81.37199984550486
0.3299999999999994	70.49599986448885	65.92400001049037
18.44599986076355	61.93200017929083	80.7139998245239
1.2360000610351565	69.23799993991844	84.65799990177152
2.254000005722044	58.726000055074685	83.1040002846718
-0.4379999637603769	70.60599996596582	70.96599976658815
31.87000005722045	84.66200015425686	101.79599965572356
-1.367999897003175	61.822000086307554	73.96400014162067
-0.022000036239624446	65.4340001375973	64.83400002434854
7.786000070571899	71.71600005567078	70.28000026702874
0.8440001869201665	68.3159999670088	74.47400005638598
2.1199999904632554	68.639999833256	68.82200001716612
0.9020001125335689	72.55599945783618	61.81999986410139
4.954000043869017	57.72800015032292	72.40799990177156
4.812000007629396	61.987999777346815	68.36399996578686
-1.2119999504089343	101.10200008779759	63.873999941349
-0.3099998950958246	58.768000036478	80.09399998664851
0.7700001049041753	67.07199994564058	70.11999992251398
20.53599988937379	58.27399995803835	65.80599999278787
2.4339999866485607	65.94600008368495	85.47799974963064
2.612000007629395	69.33000034645194	71.1820001292229
7.697999620437625	82.27800002336495	81.04799997225405
3.1539999485015886	113.08199971199035	73.20399997711183
0.8320000457763677	63.60000024512411	64.93199992418283
4.0000000858306874	61.154000105857826	63.531999931335434
2.2780000591278067	68.97400013923657	67.55000012874602
0.18199991226196202	62.401999881863595	68.90799985170364
14.354000101089476	86.44400018826123	72.69399954795836
0.6339999961853036	64.29400013566017	98.41799992442138
6.476000003814699	61.41799997210506	68.5160000562667
0.2140000534057618	62.96799985930318	67.50399985074993
1.3159998130798347	65.34599993705748	70.55800014972684
0.4580000209808356	62.88399998426439	76.86799997806546
1.0300000286102307	66.90999994993209	69.8379999956489
1.8240000247955312	91.29199961066246	67.88800011873236
2.3540000534057626	72.30400003552434	72.04600008487701
2.7320000553131063	71.61800002574918	74.64599992275234
3.2700000000000014	65.99800023496147	67.8400000429153
0.6239999675750738	71.52600011110303	69.94399998903275
0.8620000171661388	61.70999990701676	66.2779997706413
1.9900000286102302	67.71600000143049	72.78200051546094
-0.501999998092651	90.89400055050852	70.59599982142444
46.09400015830993	70.65400033950797	73.78599978208543
2.346000080108643	63.862000040113905	74.27799982070924
2.8260000324249277	63.290000102519976	67.53600002527234
5.737999935150149	69.69199991822244	75.9280001287162
1.1820001029968268	68.15000016689301	95.88000021547083
2.275999994277953	64.52400021433826	99.5560001952945
0.3160000514984138	60.89000001966961	69.71000006198882
-0.004000062942504703	59.96200006961827	65.10599979773163
7.077999992370601	61.92399981975555	63.589999969154555
0.6679999351501457	65.69599977791303	69.61600008293985
5.085999994277949	59.79200005099181	77.02600003719326
4.203999977111817	63.14600006490948	68.52799993515018
4.4020000839233395	63.43600001454346	74.38399971604349
0.04999997138977042	75.44199977278704	70.19800004065038
8.942000074386595	84.25999982476233	74.73199995040886
0.39000000953674235	77.84200011208648	64.59799984455108
0.980000019073488	62.375999869406215	73.46199999958277
12.715999946594243	57.559999887943256	63.79800008058548
3.079999980926512	59.95799999669191	74.7679998230934
0.5139999771118179	68.47600031718612	67.09200007915503
11.990000162124636	77.5999998569489	96.80199979782108
10.30400003433227	79.73599986433986	69.83600000932812
-0.2000001144409197	61.58400003015994	71.0160000610351
9.363999977111812	63.6539999270439	70.84199972033497
19.13000007629395	69.60400025367737	68.47600003242505
7.994000043869016	63.44599991321559	66.81399999618529
1.5900000000000005	67.87399985194199	58.162000181674955
14.237999897003172	70.8560000920296	66.91600006580352
4.843999929428099	62.18199996471404	69.67599984645845
3.765999975204468	71.21000019773835	67.33799998283384
2.0580000305175785	66.27199990272518	69.66199998140328
2.0200001335144053	78.31599980115885	105.17600002855066
3.0539999866485577	75.91399987697594	73.52200013205413
4.41800000190735	66.3000000405311	73.99599991440778
-0.10200005531310885	73.87999980479475	71.80000000983476
18.825999898910517	64.89399976193899	65.34199984550479
0.8979999351501481	69.00600018501284	90.43199991226197
0.7600000286102299	60.77600000619889	72.55800013065337
2.4179999446868914	62.764000008106244	77.97000024199485
3.002000074386596	68.91799988031387	71.33000012516976
11.544000043869017	67.76800010085111	65.58799990653988
2.1160000991821275	68.55600001990797	74.43399998188013
3.4700001239776594	76.36599987268451	65.25599992319947
2.760000143051148	56.80599994897838	73.81399966955185
-1.274000101089477	62.41200014829636	65.92000001907348
0.30599997520446853	67.47600031018263	87.74999957919108
1.9880000019073494	77.53999958932395	63.04800003767007
-0.3680000400543203	57.41399998426441	68.01800013482563
36.15000026702885	68.75199982404708	68.82600008010863
3.2440002059936535	65.7240001577138	73.4159998559951
1.7380001640319847	63.155999965667675	71.34599996566772
7.508000068664548	65.99399989604946	70.26599983453745
2.3119999790191645	60.536000003814685	69.40800008952615
0.9400000095367428	70.36600011229508	67.14600021600717
8.524000034332271	66.53999986410142	70.70200021028516
-1.330000095367434	60.623999984413324	65.74000012159344
9.670000085830685	66.9840000669658	75.35799991607661
0.13799990653991664	64.74400008320808	102.19199962615963
-0.6240001201629646	70.14400012224915	70.72000006675722
0.2680000972747791	59.630000128746005	72.99400000810627
239.62400026321433	70.84400013685229	78.61599989056597
-1.0500000476837144	106.67600018441678	91.35399975299826
108.4520005893707	70.62999988079065	70.45000014305118
1.011999959945679	67.51800008967513	64.05600015521047
1.3619999313354485	70.87599972367275	70.32000019550314
0.03199993133544753	66.44200016617766	62.69000009536737
2.3020001029968253	67.80999997839334	69.37000006198878
2.5979999923706094	63.405999929010854	67.15000009298322
5.782000045776367	83.42399986937633	73.35999986648561
2.0380001544952386	67.22799988031386	67.80400010943413
3.8280000019073497	69.89400037169456	65.37400001645088
0.3660000228881848	63.37599997043609	63.136000110656006
0.22599996566772534	76.86200002551077	83.9460000109672
-0.14000001907348517	78.15599985048175	65.03200008034705
-0.6719999027252179	64.69400007009506	88.49400015920406
-0.043999996185304334	68.73200000882149	68.96000010490411
-0.7980000114440913	69.01999984249467	67.20400009155277
5.070000019073486	63.85800023078917	72.61399995446207
8.300000104904175	61.66200002908706	69.00200016319748
2.8379999923706074	73.20799969255924	64.18599999248983
2.8299999523162818	63.64800011754032	57.07999975919718
2.1380000591278083	66.60599983990188	74.42200010299682
0.18399998664856018	64.49400011420249	73.32599997997282
2.108000011444094	62.83799995660781	84.86200026988976
1.2980000305175772	64.34399978756905	75.66800012558694
1.7460001468658453	65.24000008463857	93.40800031065929
-0.8740000247955317	63.405999913215666	63.514000034332255
1.9980001544952404	64.46199986398216	70.00200009346003
-0.5499999809265135	60.399999995231624	68.58200004577635
2.8799999237060563	68.60600002437819	71.39000023424617
9.842000055313108	86.91800017073741	69.9420000687242
2.793999977111815	69.57599961414934	68.89200010538106
0.27399994850158516	64.33199996352191	74.1279999303817
2.215999927520752	77.10800018265844	85.1099997857214
1.8039999198913577	69.47600001335137	66.17599989771843
2.2599999427795407	66.7619999715686	70.568000162989
1.4160000991821269	70.15200012832882	69.46600003242492
0.3219999504089366	95.97000062286854	91.4480001688004
-0.5899999809265151	72.33599984616032	66.7139999465644
61.25600034236908	69.68599971652024	72.06400017261508
22.793999843597422	61.28599988296629	66.65600009202961
2.4060001182556134	67.39200008869173	134.7240006268025
0.3340001010894775	83.39800036251546	93.87199933141466
5.775999975204469	69.22800026416778	69.8339999818802
0.7959999275207505	63.40599986076354	63.32800004959104
0.33400003433227393	64.23400007367133	67.34799996435633
10.429999980926516	73.96799992918969	64.11400026321407
1.4140000629425062	62.892000164091556	76.35600038766852
