10.915999784469612
6.766000003814698
12.27399998664856
8.670000028610229
5.939999942779537
12.1240001296997
13.243999967575064
7.367999887466435
5.9119999694824195
14.339999790191658
13.985999984741207
16.721999940872188
12.151999959945682
3.710000047683715
13.677999887466418
9.348000078201297
16.867999935150163
11.104000110626226
14.961999845504755
15.12800011634827
299.6819984436033
14.463999938964841
13.4979999256134
6.773999986648561
4.880000114440922
56.32999959945677
13.598000125885012
19.01799987792971
32.619999990463285
13.126000108718879
6.824000034332275
10.10200009346008
19.990000009536747
16.337999925613413
4.746000013351438
17.59000011444094
10.574000129699712
7.151999921798703
2.7540000343322735
35.911999826431256
6.900000038146975
8.484000005722045
15.302000093460084
5.940000057220467
10.88799991607665
5.9000002098083515
87.48599890708921
17.750000209808363
7.381999883651731
8.164000062942497
6.173999938964845
7.448000078201291
12.125999765396125
4.835999994277959
14.752000112533562
18.012000207900993
21.188000173568717
6.115999956130984
10.882000064849843
17.638000097274777
4.221999864578252
5.500000133514404
11.670000095367433
4.483999948501585
5.209999961853029
22.947999906539934
32.07999981880189
4.451999912261962
14.46800018310547
6.128000078201296
12.51199983596802
12.466000280380253
43.043999843597426
11.38400010108948
8.697999944686881
10.516000165939333
9.519999961853024
8.513999948501583
10.588000030517584
27.031999597549426
11.398000125884998
54.755999794006364
6.0640000247955355
14.356000070571893
9.81799971580505
9.954000034332283
8.675999984741214
8.33600011825562
12.71399998664856
5.523999977111813
11.390000143051147
4.908000078201302
10.966000156402586
6.776000108718868
8.632000160217284
7.908000049591067
8.798000154495243
5.0660001373290955
10.733999996185304
5.934000062942501
15.966000108718875
9.922000045776368
8.894000034332269
20.905999870300285
8.308000020980835
29.53200013160705
13.199999961853024
18.32399993896485
9.002000064849849
15.228000106811525
59.18000017166137
9.92600011825562
6.184000005722046
19.7920000553131
6.999999999999996
17.346000185012812
13.637999973297106
10.149999837875367
14.881999969482424
8.712000055313117
9.287999906539921
5.9859999656677285
19.934000043869023
17.216000022888185
11.374000110626218
5.2160000038147025
6.406000013351441
25.779999790191656
8.965999908447264
4.903999776840208
8.15799993515014
20.99999999046325
6.9920001602172865
28.254000359773638
16.74199985504149
19.41800024032594
4.871999912261968
14.78000020980835
16.42000018119812
6.405999965667727
9.572000246047976
8.679999895095829
17.44000004768371
8.10199997901916
10.730000019073483
6.822000017166138
148.42999950408944
23.479999895095837
13.001999864578243
13.375999946594224
36.20599983215334
11.969999971389774
9.337999916076651
7.1680000686645515
10.899999933242805
10.06599992752075
5.160000033378597
17.537999963760377
12.842000017166141
16.8319997406006
18.44599986076355
31.87000005722045
20.53599988937379
7.697999620437625
14.354000101089476
46.09400015830993
7.077999992370601
12.715999946594243
11.990000162124636
10.30400003433227
9.363999977111812
19.13000007629395
7.994000043869016
14.237999897003172
18.825999898910517
11.544000043869017
36.15000026702885
8.524000034332271
9.670000085830685
239.62400026321433
108.4520005893707
2.5979999923706094
9.842000055313108
61.25600034236908
22.793999843597422
10.429999980926516
