0.5569999742507927	56.87799993991855	74.34800025939941
1.577000036239626	59.28600005030629	76.95800005912781
1.4660000324249263	61.046000052094485	69.78800003916021
1.1039998960494986	69.51799975633618	86.57599993228911
1.3119999313354496	60.511999831199645	70.60200002670284
0.7399999523162847	68.16799979686743	76.05599997997287
0.9249999904632568	68.08400020122527	78.12600007236007
1.7060000801086432	66.92399998307224	77.94200031757352
2.4950000000000028	62.430000119209296	69.37800004005433
2.6719999933242793	64.3640000772476	73.63200021505351
-0.26600003719329907	62.78800031661985	70.3200002193451
1.7139999485015873	63.02799995303148	67.00200020313262
1.4929999589920044	66.80800008594987	75.75399995923051
0.2640000247955324	64.46799980327486	80.52000005722049
7.361999998092656	60.64599981307981	59.43799996018409
1.108000059127806	83.9640002357959	88.84999997138976
0.015999946594237254	59.324000173807114	70.70399998188014
0.7649999523162834	61.99200007915499	77.51799994468689
-0.039000024795531704	64.31800012171264	73.05399981930847
-0.7539999771118158	65.50199973106386	67.23200024604797
0.9930000543594355	72.42200012385838	102.10400022894147
1.0969999980926524	63.19000015258789	89.3080000621081
0.8639999341964713	79.88400018215181	79.23000009298327
7.5679999828338635	61.4059999123216	73.104000146389
0.25200010299682496	64.09399993181229	79.98600000858305
0.9310000371932976	66.09400011852388	78.61800005912778
1.024999990463257	65.6620000648498	68.79399991512301
0.7670000171661362	96.40799994349479	87.56199955940251
1.324000072479249	61.176000098437086	91.31400030851364
0.04500000953674223	62.12799998641016	73.14800016880038
0.01299997806548953	66.15799985051153	70.33000004768374
0.7810000610351576	60.22400010585775	76.57199996292594
1.1129999399185178	59.54399982690808	70.91199991345405
0.4769998884201041	69.63600031718605	72.09399985313418
0.1299999856948859	83.95800022095437	73.46400002002721
1.3020000457763674	69.15999977946278	83.7179998517037
1.0840000009536745	62.22400011256336	74.07200009346018
0.71300000667572	78.7560000610351	84.77800004959101
-0.4790000915527336	71.57200013637544	73.59000005722052
1.1480001068115244	82.98399982929239	102.94200023174287
0.3430000686645518	58.98600008487701	70.33999997615818
0.103999958038329	62.90999986529352	72.27999981641769
-0.31300002098083557	64.27799987912178	70.09600026369094
0.6440000295639053	60.61000000953673	70.1019999623298
1.0310001420974741	66.4300001382828	71.9780002355575
1.1839999628067017	60.22599991083149	74.0579999041558
2.0350000643730155	120.82999963313354	353.66599786877634
0.6750001382827747	71.20000000357629	93.19399989485748
0.44600009441375604	61.84399985074994	67.92399998620155
1.1100000190734876	74.44600021556025	98.3660000753403
-0.7619999170303358	63.60400004744528	88.92000021457675
0.850999941825867	61.203999960422536	75.97599990844724
2.562000064849853	66.46399991482498	72.7240000963211
0.11599997997283934	59.626000017821795	74.51999998688703
0.6949999189376826	63.3139997768402	79.92999984741212
1.2999999999999992	65.7079999738932	76.11199978783735
1.3269999933242802	62.26599996924402	80.20800019502636
30.21799983978272	61.48400015115738	84.44000056028364
0.8090000343322764	76.93400007247925	68.3039999818802
0.9790000915527354	59.255999879837006	78.29999999761593
1.9449999713897699	71.44999999836087	81.09399989604954
0.5410000228881844	62.87199992656707	86.39200008392332
0.47200004100799514	58.655999912023546	64.5179997563362
0.8049999475479125	66.93599987626074	65.43599997788668
0.2829999732971189	61.47399999618525	77.72999984145163
1.345000076293946	65.87599982738499	69.97000004291532
2.127000012397765	75.02000009775156	74.34200017839677
-0.2699999713897707	60.501999931931486	71.90800025224686
0.4169999170303346	63.914000085294276	69.0140000629425
0.6560000181198126	114.74800073996197	79.84399994701144
0.16099996089935395	73.98400017261504	67.20599990069863
2.0150000667572034	65.13400033742182	76.48200002670293
0.0999999952316286	62.16599975392223	74.11199974298478
0.13500005722046016	62.13999989986414	77.28400005012759
-0.004999990463258226	63.78400002956386	74.9800000047684
1.2410000324249268	61.387999987602214	69.11000015735628
0.2929999589920033	58.93600027918817	70.130000052452
6.07600008010864	61.53199991509318	66.2480000257492
1.847000074386597	62.40999989509584	69.54400004342195
0.6809999084472652	69.99799984842538	80.48200031876576
0.12000000953674408	60.56000011205679	65.11000008583063
0.4540000009536752	67.10599976778026	78.94799995660789
0.8989999866485584	68.86999994397162	72.35199974060059
0.20899997234344464	59.12599984407422	107.42600033432261
0.8759999990463248	67.02600012063982	68.72399992704395
0.28600003242492555	63.43000019788743	67.57999998092652
0.7710000848770159	71.10800017118454	93.00400008022787
1.704999971389769	77.03600001513954	72.73800013303754
4.177000117301942	100.5239993023873	214.92199915170642
0.9269999122619615	63.29599985241896	70.41199988663196
1.1700000619888313	80.9300000703334	130.96199938118454
0.9370000696182241	81.52799977600574	72.23999981999394
1.0759999227523807	68.76400004744526	70.17999999046329
0.2420000362396227	60.83999976694581	62.5660001087189
0.9879999732971174	60.949999926686345	65.33200015544884
0.17499998569488523	58.6800000619888	86.43800002336492
1.2950000429153439	63.91599992394444	68.9679999095201
1.9950000476837164	74.26600013971326	124.34600024223323
1.4729998970031737	65.01599974155428	69.47800006985669
0.03600002765655589	61.20199987411503	63.94600002527234
1.3430000257492076	64.04399978578087	71.78999999910583
0.009999914169312604	60.890000152587916	74.9040002506971
1.2729999446868896	72.55999978780744	70.99199990749366
0.41399993896484394	64.77399985849857	71.21600010275839
0.028000011444091713	65.76400018215176	66.97800017118456
0.19299984931945852	80.09199975803502	70.72000017166141
-0.5499999809265148	66.1960001707077	66.24600008010867
1.9369999599456802	71.89000011160974	68.55399999141689
0.19499985694885258	73.99600027203556	67.77200013160707
0.9029999685287462	74.47600008845329	69.368000074625
2.004000015258789	62.7060001175106	69.5220000839233
2.0069999837875367	61.45399992227555	70.6000000286102
-0.6259999752044679	59.24800007641312	76.16200014352796
0.6929999399185189	80.54599974781267	82.5819997739792
1.098000130653381	64.61199980735773	72.0679999542236
0.3539999771118174	58.24999971151353	99.77799998477093
0.6679999685287479	59.23800017461176	80.5179998517036
2.393000030517578	63.7759998449683	68.40400030612953
1.9630000352859496	70.74999996423723	73.01199998855594
-0.10100010871887145	64.4879998874664	70.75799990177154
-0.1799999904632572	61.88600015640251	70.27200004816048
1.1140000915527353	66.17399994730945	72.51400010377168
0.7740000820159906	82.57199989750976	73.42800002574921
0.580000066757202	59.187999978065484	65.65799996376033
0.4169998979568484	84.61200027346601	71.42600009918212
-0.07499995708465701	60.00200017690663	71.65000003337867
0.14999991893768383	79.32399977087977	70.60799995779983
1.391000070571898	60.838000159859675	83.65000013396143
1.2200000238418585	98.95599954009062	127.05800012946125
11.293999824523928	62.188000229895124	70.94199990272519
0.4789999914169309	66.30400014758114	72.64400026798245
0.5329999828338633	55.031999855488564	73.46600012779238
-0.07799994945526183	62.786000139117206	73.84599993705751
2.2679999256134034	73.01800018027421	80.34799991607662
0.8919999408721929	72.21799947619438	87.64000003814704
0.3529999971389771	72.24399996399879	74.43000020459294
0.16899987220764237	62.834000138044345	75.65000020503993
0.612999911308288	60.010000064373045	71.63600008964535
0.40499999046325547	67.92799996897578	89.68600016117095
0.4649999809265148	66.45200010180467	68.25399990081787
0.7480000257492059	75.56400003060692	69.00599983215331
1.233000078201294	67.1880002236366	72.22199994325634
1.2890000200271594	66.61199997782703	65.64000001668934
0.8820000076293932	68.74600016221402	77.5600001692772
1.9099999856948855	68.88799992322922	68.94399996280671
3.4280000495910645	64.59800027728076	69.60399968504909
2.9370000457763665	62.69200011372562	69.78400018215179
-0.11699991226196171	64.1219999170303	78.00400017023084
0.11800016880035298	94.05400025516741	111.12400012925254
0.6770000457763673	64.13800006628036	72.00800024747844
0.879000120162963	59.39400005221368	71.37000012874596
0.9490000009536733	65.6260002797841	66.71599994659418
-0.5489999055862415	69.33600012958048	75.07199984550478
0.7619999408721931	75.89000001668924	74.12600006341938
13.908999924659733	61.77999989390371	72.93400011599066
5.5309999132156324	70.73400000184772	67.84999994277953
0.9860000324249265	63.91600002050396	70.69000026062126
0.6369999456405643	58.69399986311798	66.25399990558627
1.7149999570846548	76.33799970746037	83.82000018596646
0.010999994277953043	63.063999841213175	75.23600025534641
0.15400003433227644	62.45599989518521	65.6540000057221
0.30700003623962396	61.089999978542345	77.10399999469517
0.5529999685287481	68.22200015306467	74.48600030422206
1.3180000352859509	65.66200011014942	69.54400002956389
-0.2259999942779544	58.19400003194811	68.44600000262255
1.5820000648498542	63.72199991941448	79.85199995309122
0.36499998569488623	69.61800026416772	79.05400007009509
1.6830000972747778	65.30399985611434	82.57599989116191
-0.19699992656707854	73.1539999878406	70.73399996638298
1.8180000638961815	66.3179997694492	71.25400012493132
-0.461000051498414	81.40000036001197	87.03599959567198
1.0109999561309821	66.55199989795686	103.45599964976309
0.34800003528594975	61.61799990341068	69.63200007081029
1.115999965667724	82.98600038602937	80.5379999494553
1.4280000782012923	65.58200005054478	72.52400019288062
1.1560000562667851	61.64999992609027	72.63000005722044
1.2980000638961782	57.666000187396946	101.93600031375884
1.163000059127808	62.345999891757884	82.31799985885623
-0.13900010585784778	61.51399992227554	79.43599996581679
1.0279999160766606	56.19199995234608	68.75200011968613
1.0610000133514388	60.71399989128107	75.0380002975464
0.5639999914169318	60.09000018313527	65.99600008010862
0.6659999847412105	65.0239999385177	89.70800011038784
1.7930000066757208	57.87800002455713	74.33400001525884
0.9979999923706061	65.28799998521802	88.42800008177761
1.5430000066757192	74.95999981403351	76.15000012874593
1.2920000648498535	68.62200006008148	70.72399993419646
-0.8639999628067003	75.08199997186654	65.60400007724755
1.5010000085830695	59.56199998259537	74.93000002145764
0.974000020027162	60.34399979233741	68.13200003147124
1.0260000228881834	66.2300000631809	84.13200031757354
1.5290000104904184	80.26599996089945	82.47999989509577
1.616000065803528	67.14199999809261	70.93399993181221
1.7829999303817756	65.60000034332273	71.47600016117096
-0.27699992179870636	64.41600006043909	66.07200004577635
0.7389999771118176	77.15600012019277	83.09399981021878
0.5209998941421513	57.1879999351501	92.0720000082255
0.8930000448226918	62.40399994373317	69.11399986267091
1.7590000534057635	60.68000004976979	76.59400024980293
0.11299998283386158	60.59399987876411	86.10199982166297
1.1479999542236339	82.0419999325275	74.52600011587135
23.943999760150888	63.280000224411395	72.59199986934667
1.7500000619888314	61.88200003862378	73.766000085473
1.445000143051148	66.61800014495846	83.33799997329719
0.9860000181198134	65.15400018215179	70.58599987030023
0.6310000419616706	68.86600007772441	87.24799968242654
1.4510000181198122	81.8960003089905	69.73400000929826
0.809000010490417	84.05000044643876	67.17399993896474
0.6900000810623168	68.87799994200465	72.7760000038146
2.390000085830689	78.13999976515763	73.74999997615818
1.0039999675750724	67.66600015640255	80.13399983882908
1.3099999523162822	55.134000169187765	58.075999895930245
-0.5779999732971183	61.59800022885203	65.05200015246872
1.536000099182129	62.38000001728546	67.73000002384191
16.171999921798704	62.29199999332429	78.18199979305258
0.4950000190734872	59.78000016450878	72.70600004673007
0.5120000553131095	67.43200015425684	65.9820002365112
1.1170000743865984	61.74199990391732	104.2759999227524
1.0190000772476198	64.04800004541873	81.78999975204474
2.01800012588501	66.38599993258707	69.87400008678436
0.5059999704360958	59.92000003769993	70.99000022113327
-0.052000041007996545	59.40199993699785	68.0699999332428
1.6019999694824225	75.84799959957594	73.38999982833866
1.9950000858306884	134.1879999387264	157.71399988129718
1.3819999790191646	64.48399984002111	67.38000010818251
-1.1240000486373904	61.734000043869045	65.7940001177788
1.6170000410079957	71.82799981400366	73.22400025844566
0.8850000190734855	62.161999907493616	70.06199993088836
1.1399998903274529	56.758000029772525	75.92199993252746
0.8419999504089369	61.00799997508525	67.39200003623964
0.3720000839233399	66.3499998867512	91.38599994421013
1.9419999980926528	71.41200029745704	67.3180001580715
-0.39900012493133524	61.80400006771085	84.73199950933456
0.7719999980926501	61.26599981546406	71.21399998039008
0.6320000267028819	62.36000023722653	69.17600031226876
0.5389998769760137	62.25200004220008	71.1500000971555
0.30800000667572114	59.34999987959863	82.04400006294242
1.9019999790191664	64.43200005054472	104.81799968600284
-0.1729999589920044	64.25800004124639	68.81600006163114
-0.07499985694885387	66.6340001010895	70.69599984183905
0.07099996566772553	58.50800009608269	70.01400001659985
1.787999992370605	58.6319999581575	62.79400001525875
0.41999996185302746	61.73800017595288	77.77200027883049
0.2419999456405642	58.81399995326994	69.58000025272368
1.2300000238418574	82.87999993085862	70.30400002002715
0.7790000152587896	68.70399967119097	103.59200002670288
6.452999949455259	63.79000004887581	88.78599997043612
0.7290000534057608	64.69400012016293	82.7959997987747
2.1230000400543227	64.56599980354308	74.79199973106384
1.547999968528748	63.277999894619	98.92799978941684
0.7439999818801882	62.37399999976155	80.29799990177158
0.6790000009536735	63.35400005668396	70.69000005245205
2.0770000123977654	83.85799980401976	72.4780002212524
2.352000060081479	71.49399972200399	74.15200019359588
-0.40899995326995897	70.60599985122683	92.16000046491625
1.9920000410079959	61.74799981355664	75.85599974036222
1.0980000591278078	87.49600009202955	69.96200007438661
-0.7170000410079953	61.56799999594688	66.70799998283387
0.7309999418258676	64.27800004959106	74.10000024318695
0.5089999914169321	62.65599990844726	86.45399999618533
0.6000000047683728	84.20800021111968	112.5559999871255
0.5160000324249266	63.07799979448325	76.22600031375893
1.1160000181198118	61.48999974250787	70.61600016593931
5.491000046730047	62.802000066787	66.49800008609895
0.8750000762939446	92.49999953135843	70.58600020170218
22.20400051116942	64.79000003486871	83.29799973726271
0.3009999799728384	64.15800006747243	85.19999979972837
0.1519999504089362	72.63399999856952	66.5900000095367
-0.16399994850158758	58.56600007772446	77.1620001126826
0.6609999799728387	65.87399983122941	88.69799996614461
0.36999998569488407	62.24799991607663	66.23200006008146
1.0389999818801878	60.46800009965892	78.27799995601181
0.9949999666213994	60.77200007602572	84.30799989938733
1.1790000391006472	63.21200012326239	78.48600005149841
0.3340001296997067	61.01000006675725	76.60800004243846
1.385000004768373	63.78600019097324	71.7559999322891
0.7910001182556157	67.74600013732906	67.31200015306474
0.8419999694824231	62.45199975490571	104.30799982070938
-0.42899992465972797	61.58800008893009	71.24000009357931
1.1009999084472657	76.83800021648403	71.05000023365022
2.190999999046325	66.14600015163425	68.20399990320207
0.29699994087219145	62.18399986624718	70.82200009822844
0.24200007915496766	70.68799971818925	70.6120000505448
0.8999999427795401	64.17599991440775	67.10000024318691
1.7300000095367454	60.93600014761091	78.73400034621355
1.5090000677108764	65.78400014758105	66.45199994564057
0.8049999904632573	63.681999908685675	67.74199999809262
0.39000003337860006	64.7080000257492	79.249999909997
0.6269999408721931	57.73200004339214	71.03399993896488
1.1689999723434454	61.31199999302625	81.19400008141994
0.989000005722046	60.065999987125345	68.63799984455113
1.2610000181198118	62.25200008034705	65.95200003147124
1.6219999933242804	66.50800005197524	81.77999993324279
-0.6960000896453857	74.36999975204469	85.3320001870395
1.585999956130981	66.83999974489218	78.9900001049043
1.4620000219345084	61.670000047683715	79.94000016838301
-0.45600014686584633	62.23400000751017	72.81599998116496
1.0549999856948853	64.49999974504117	69.83799988269807
-0.7609999752044678	59.96599997758862	70.0999998819828
1.1370001411437978	61.946000198870905	81.94400042533876
-0.142999987602234	73.59599949836735	73.70600020885462
1.3590001058578496	64.75599996328354	75.54399999856949
0.23200010299682527	69.4980004325509	79.47800000071523
1.0219999790191652	66.21799992084499	69.60999974608411
0.5900000095367427	60.93599981904029	67.27600002765654
1.1000000238418581	67.27399995446206	71.28399996757508
0.7900000238418565	65.84399992763991	71.49000006914137
-0.42500001907348545	76.07399986982345	73.3620000395179
1.5919999933242814	59.04400001049041	70.19599988266822
8.578000111579888	59.74199992477892	76.07799995779993
0.62799994468689	66.4339999866485	87.71799982309345
1.9649999284744275	70.70600018799303	77.3239999556541
0.5950000381469736	58.389999955147516	73.18999990463257
2.103000030517578	68.29999981999389	77.90200009822847
1.7260000562667859	73.6379998219013	74.33800014972687
0.6809998369216914	59.64199985504152	78.11400024712084
0.7980000495910654	59.29999992489809	72.09600016593936
1.563999981880187	62.5439998972416	73.63199999332427
0.7540000009536736	62.391999834179835	66.49199990749354
1.0239999914169302	72.91200011610988	90.19600012183204
1.1769999694824234	61.488000199794804	71.88799991667273
2.142999944686889	61.82600000381467	77.20600003004084
3.0859999084472665	63.25599980831149	78.12400026082999
-0.25799985408783016	70.96400027081376	69.29400014162064
0.4390000438690198	74.9920000386238	95.33600030511623
0.062000055313110924	64.63599982976913	76.31999981403352
1.3700000238418575	58.464000110626216	72.8820000958443
0.6850000715255743	69.6899999403954	92.75000017642982
1.701000022888185	67.73400037527084	87.69999987035992
0.04599998474121218	62.05599999189373	74.26600004196163
0.23900002002716078	71.89600008249285	72.94199969291695
0.5799999523162845	65.79400020599363	74.86199970245362
1.9700000476837156	65.35800003230564	65.96800010591748
0.8690001201629628	70.3640001404285	71.13400013923646
8.3449998998642	62.484000115394544	75.90799980595706
0.1010000228881841	62.02799999475478	80.1900003924966
0.6279999494552597	75.24800009548659	145.48599966958153
0.721000089645386	62.308000109046695	166.14199953198428
1.5180000829696672	60.638000024557144	73.62000017523764
0.8100000858306896	70.04800013303755	66.6939999890327
-0.37799994945526205	58.22600021108986	77.00400002241136
0.20899999141693085	61.82200005292888	75.39000000000004
3.9519999837875375	63.31399996042247	72.5719999551773
1.6210000038146977	63.102000105381	102.67599986910817
0.14500005245208872	69.13399992942809	75.13999988079073
0.8869999504089364	63.899999980926516	70.10199983507394
1.2499999666214003	62.520000044107405	69.81999966144558
0.27200005054473864	70.87800019800659	73.58400020360938
0.6590000009536737	61.853999962806725	75.29600018024438
-0.047000021934508265	70.59400007247925	67.54599972724911
-0.4629999399185172	57.66999999925492	67.46600005388262
1.4430000591278078	59.51999997496604	69.82599976301185
1.162999949455262	66.82400002002713	69.67999994307753
-1.7140000677108758	85.52799984931943	68.66599987030024
1.207000098228456	72.26999969109886	69.0479997372627
0.003999948501587806	95.85399988651268	67.68200007155536
0.2640001153945914	75.05399997472753	91.12000046730044
1.179000034332275	64.9079999387264	73.95600023627281
1.0500000524520874	64.38400039434428	68.09999989986419
-0.24099999427795327	58.015999908447284	80.0739999294281
1.3320000267028818	65.01800018787381	89.58800015389917
-0.0949999284744269	62.36799978733058	129.72200078129765
0.8680000114440927	66.37400003820662	69.53000014185903
0.1379999828338624	63.74000004231926	71.7419998976588
1.3570000314712514	58.28600016772746	77.40200015127657
0.31399994373321427	63.75200006127356	67.69400012493135
0.32500003337860167	68.30999994635583	70.44000015020366
0.24300001144409294	63.247999932765936	68.2460000896454
-0.19699988842010557	59.12000017523765	71.28199988365168
1.7830000543594349	64.38400005817418	71.68999981880191
0.19500004291534548	58.509999935627015	84.60000016689308
1.995999975204468	57.22600000575186	69.86600015878678
-0.32199995040893475	60.718000102043156	70.20600002288822
-0.6480000257492059	73.38800015568725	67.290000064373
-0.1840000104904185	62.92399995803841	65.43200013160708
0.7409999942779535	65.85599995613097	84.45399953603753
1.3090000343322756	60.08199996590617	83.99400029182434
0.369999990463256	68.54199995994567	88.06799980580804
-0.39499999046325585	62.899999969005556	69.60399977862834
0.6889999961853036	75.60799979448322	69.61600009918209
0.7590000057220447	72.76600019693375	100.61200018167493
25.594000053703788	53.236000162661114	61.19199996590615
0.5779999876022328	64.73199992701407	75.80399995565413
0.7019999265670787	65.4580000351369	72.81800009489058
0.7740000820159915	68.12399986743925	73.48200021266938
1.5549999809265136	62.2240002083778	68.9980001449585
0.3860000753402698	63.211999943554424	63.88599995851516
0.9760000562667847	96.7120000104605	96.64599913835534
0.9489999341964724	95.06400013923648	70.53400010153652
0.21899993419647368	63.3459999743103	72.58399978160861
0.6290000009536727	60.847999965846476	79.1900002212822
0.24399994850158746	64.0920001649856	75.40199995875359
-0.30999996662139934	67.64599979162217	65.4240000343323
0.8649999713897697	60.19599971294404	70.99600018501283
-0.25399998188018663	63.665999954938854	71.94600030615923
1.399999957084657	69.64199965238558	69.44999993801112
7.730999932289121	60.37400004029268	68.48399986267096
1.1920000410079958	62.72400009363891	70.27399985462424
1.9949999189376844	64.19200010776521	71.51000010013584
-0.30799986839294435	100.97399945139892	168.70599942281825
1.1320000696182244	66.74600024938584	81.68799997091293
1.466999959945679	88.29000019788748	75.65400012642151
1.4209999465942376	99.0040001162886	66.30800015226004
0.4159999465942395	60.463999930620155	68.8380000776052
1.8269999933242802	68.64799988985055	74.56800004959108
-0.04499999523162962	57.60800001382829	67.24999993801111
1.345999932289125	60.03999993324281	91.46400011539471
1.2330001163482671	75.18599979162214	71.67200019419192
1.2889999723434442	65.07999977618458	75.06400008678435
1.2039999723434445	64.08599975943565	75.97199996590615
1.5049999570846542	62.65600008249283	100.66199964404107
0.30099997997284056	63.82599994182586	94.0479997873307
1.44200005531311	70.05800015449525	80.14200002312661
0.6990000438690188	66.34199970439079	73.03799990832796
1.413000073432921	74.47200026512147	84.01400048732755
3.895000104904174	64.5759999847412	64.42200001239775
1.1360001182556159	61.8579999804497	68.41200021266938
0.5499999427795411	65.19800013154747	74.02200016528367
0.8349999046325683	64.9259997777641	72.5379999542236
0.2629999303817761	65.0800003683567	71.9239999839664
1.172000074386597	66.95599997818465	127.05800030708308
0.39400002002715995	73.32599972963328	81.26800004005428
0.8410000562667839	57.94600006580352	80.38600005775692
0.4389999723434455	59.89199988842009	75.06599975705147
11.474999957084654	64.87599996566772	73.68000012159351
1.6210000514984149	66.11399989008899	80.7819999790192
-0.2880000066757215	65.8440002590418	105.77600046932702
1.5580000877380382	68.98799995660778	73.11399983942502
0.7079999828338622	63.93200013324621	72.01200008869174
0.7569999885559082	67.06400016725058	89.38599978446952
0.8540000247955316	72.03200033202772	67.14200026512147
15.191000156402582	59.22600005745888	88.00200011059654
5.924999961853026	60.014000091552695	66.22999994277954
0.8910000610351553	63.7960000543296	92.56800036430354
0.24000000476837052	67.40199995577335	68.82000002577901
1.5630000829696642	57.69399989008903	70.15000000059607
2.0819999313354494	68.83600016832342	69.67199996560815
2.652999935150146	63.810000057220435	72.14800020575517
0.44400005817413213	71.52800044223667	71.59400019645689
-0.00900001049041866	74.08800006151193	76.66399987697606
0.5819999217987053	61.00600012630223	69.71000007390975
0.3950000381469712	63.2900000810623	70.17399990200998
1.2120000410079952	60.20000003576278	70.29800001621253
1.0479998588562018	65.81399991989133	69.81800004959099
-0.09500004768371456	64.95000001206988	72.53000024795531
0.3460000514984123	67.13800019979475	76.12600004196169
1.2949999475479124	64.53400004386899	68.65000013589858
1.0720001649856565	65.95600012585528	78.51600014209745
1.7260000181198127	61.75000007629394	71.83199992656712
0.5740000343322753	60.004000052809644	68.13799995660784
11.684000015258796	59.83400001525879	81.82999990895395
0.3070001363754275	64.23399980545047	87.79000011920921
-0.018999924659729113	63.51600033283239	75.71600002676247
0.6249999380111688	57.0340000104904	104.71200029045335
0.5479999589920029	63.71399995803832	72.49400010824202
1.007000021934509	62.32400005981326	77.87999988555914
0.6400000143051158	58.99000012278559	77.35399972915661
1.2000000858306887	60.38999981120223	68.47399994850154
0.9609999418258669	63.22799987226721	72.95799968957895
1.2200000572204588	60.283999960422484	88.24000012874598
1.024000043869019	69.8880001449585	69.76000007152557
-0.07299993991851891	74.0719998264312	82.42000047206874
0.7290000629425055	63.76399997472763	65.80200003147122
0.904000000953673	63.09799972862001	76.80399986982354
0.4529999685287485	68.60200011670588	66.3480000162125
1.335	63.99799985170362	72.34000008225436
-1.235000004768373	68.94400006741277	65.75400008201603
-0.03999991416931217	59.015999938249585	61.80000012874601
-0.7930000162124636	62.44600012302402	82.62799979209893
0.15799995899200336	62.24800003916025	81.11600003719323
-0.43599999904632675	70.28600001811975	93.6419999170303
0.053000125885010345	60.30000007152555	66.97799989461897
0.07799998283386289	56.33600014328954	76.54000026762488
-0.07400008678436165	65.26800046205521	72.61000000715246
2.007000036239622	68.98200048446654	73.87999987602235
0.492000079154969	85.33400028586374	72.03400004625323
0.5319999885559071	61.071999804079546	71.37000030517578
1.365999994277954	69.82199986577037	66.36800002813338
-1.0020000600814811	59.988000003695426	90.39999972820276
1.546000056266784	63.33799985840916	74.87599982738492
0.5140000104904164	62.171999993324256	105.57600077718492
-0.6990000343322763	61.099999886155054	79.37600016117099
0.5970001029968262	59.162000274658205	65.10800022840498
4.660000095367437	58.104000082015986	70.84400002956389
1.4630000257492084	65.94000016331672	74.37400004863736
2.4989999389648423	61.39200002208348	70.82400001764302
1.368000097274779	74.4499999451637	73.10600031077864
14.848000035285951	62.448000087738	70.01199991464617
0.7549999856948841	61.41999975681302	67.20799991369243
-0.24299992561340403	72.96000017762181	64.82600012063982
-0.18600005626678545	71.17000011682507	67.58999994277956
2.050000042915343	66.13999995231627	71.767999844551
1.9119998741149873	62.09600021839143	71.14799985602498
1.2869999933242813	77.15799962818623	98.09599995493895
-0.30099996089935327	63.178000062704086	69.95200031042098
1.2510001134872446	66.21800001144406	72.33799977302553
1.7700001239776617	61.227999972701085	67.2639999771119
0.7809999990463259	64.3019998979568	68.02199996858835
1.2920000267028808	68.18200033068653	62.83000008106233
1.596000037193298	67.82999983906744	151.8139996659753
0.7679999256134041	62.70400002956389	68.68600009679793
0.5659999752044673	61.331999895572636	95.33799982070916
0.18700001716613676	56.67600015878678	66.314000120163
0.7440000963211054	68.56200014531615	70.71400004148482
4.4450001001358	66.12800016522407	71.64799998283388
1.4360000324249267	62.80600005626678	83.20200010299682
2.1490000581741344	70.53800008073449	75.01400033235555
1.3310000991821287	67.74600028634077	89.87000023603434
1.9249999809265144	57.528000082075586	68.33799996852864
1.2050000381469734	71.31599990725516	73.1920001029968
0.09400008678436385	71.83000005483619	71.02599996089934
1.0449999666213985	82.12200032979244	80.70200001955024
1.7299999427795398	70.34599971175194	82.49800050735469
2.0420000076293947	68.64800003409384	81.33799977302554
-0.9609999513626093	67.25799957334993	70.5400003433227
0.7240000724792489	62.22599985837935	71.78399991035458
2.202999982833864	72.2220000302792	79.18000007033352
2.5050000095367433	97.09399992287157	71.24399995803832
1.2650000524520872	74.18400029659271	121.39399980783462
1.6420000743865977	63.77799971818924	78.55800003215664
2.5480000352859458	60.394000029563884	82.59800006389618
0.13400003433227525	69.58199996232986	83.31200035333634
0.9900001335144025	70.87799984648825	77.64400000870226
0.021999988555907957	61.44199998617174	68.42199999809263
1.351999869346618	65.91599996283648	73.57999998569485
6.971000170707703	60.46200004100796	76.38800009727476
3.6539999818801903	66.98999979913233	70.32999995708464
1.1950000667572023	75.61199961230162	69.69599994376303
0.7779999542236333	71.1499998712539	69.50000021457666
1.568000011444093	65.64799994274969	76.79799994558094
0.3529999923706065	58.80600008130074	69.50999992370603
0.6850000238418575	64.6879999804496	62.57600028991704
0.6989999866485584	62.39399996757507	75.88200012072919
0.500999975204469	64.70399998232722	75.0479998469353
0.7909999752044693	74.7279998233914	74.80600020408629
1.6630000019073494	63.2379999256134	73.00800011634824
0.9230000305175781	56.076000008583065	62.65399989247318
1.348999948501587	63.13200005710124	73.45000007152548
1.652999982833862	61.8699999451637	69.75800027132034
1.6249999761581415	59.09600004315384	70.91199998855593
-0.11100004196166902	74.5279996685684	71.42200005531309
0.9009999799728403	63.56800007313493	79.42399996757513
1.712999968528747	68.1019999790192	75.28399985432611
2.3270001125335678	63.13599982380863	73.46800012588501
0.08699995040893556	59.50800005435945	78.62199998378756
0.013999991416930067	73.78400022149086	71.09199987292291
1.05000015258789	73.37400000095371	104.85800020694725
1.0860000324249273	72.6279998533428	76.11799973845478
2.2089999818801886	59.44800013184552	69.43399991989139
-0.7130000591278083	61.47200005769724	66.47599996089934
0.6489999818801868	74.6099995660782	67.37599994182588
3.8230001115798973	62.11000010251995	72.20800021648401
1.2790000629425045	62.57000000715261	74.29999990820882
0.8799999523162844	58.49000004291535	69.66999985098833
0.7759999561309823	61.2120000457764	89.80400021076201
1.4880000257492045	69.02200025081638	74.29999979615211
1.0980001306533829	65.39600014030931	70.76199987173085
-0.11599999427795403	59.02999987587332	86.03400027513497
0.43899998664855944	73.86599990606304	99.39000024497507
1.3739999437332147	62.88800015494227	90.40199974298471
-2.0240001201629627	64.6800000455975	63.994000054597784
0.5580000734329217	65.83599994778633	77.99200016021733
1.0009999847412108	61.59000003159043	67.84799990028141
1.0359999799728394	64.2540001183748	99.38600047588355
6.690999951362607	78.02000031352047	69.24199995040891
1.90600001335144	70.70399994641532	76.54600023746488
0.4500000238418578	66.01199985116715	69.24000016450877
0.5749999904632573	78.49999977856865	76.45399994909766
1.626000018119811	72.37599998235707	74.35800029754648
-0.1100001096725468	109.13000034570705	79.73199984550475
1.2009999656677246	61.22399999529127	72.96200013712043
-0.3089999532699576	70.6840002329648	71.3480002218485
1.8639999771118152	59.000000036507856	73.77199994087216
0.5480000734329222	61.61200005441905	140.3919999945162
1.3710000133514422	84.56000012591474	81.5160000932218
0.44700005531311027	62.151999981403335	78.28800000548362
1.7049999904632565	74.98600012540818	68.31999997496602
0.6679999494552615	71.3939997458458	88.00999991893767
0.6760000658035268	71.58800000667566	75.9719998121262
0.9440000200271612	92.26800000339742	115.65200026854892
0.0030000829696647793	66.49600014686582	69.46000026226041
0.45899991512298655	68.17200000762928	70.48600013881921
13.442000060081478	59.16199992418288	68.83000003814698
-0.546999974250793	79.34799996614447	71.00800000756982
0.3369999504089356	65.23000008106233	67.84999993801115
-0.7530001020431513	64.51600003600122	71.03399996280667
0.8890000581741342	66.3220002985001	71.857999985218
0.018999948501586136	62.88800014972684	81.58599974319341
1.0969999265670785	65.42000003099442	116.14200066566454
0.005999941825866854	59.18199987113478	67.64799988746641
2.322999973297119	66.05600022792821	82.21200015544889
1.80200002193451	72.7260000653565	72.49999995231633
-0.29299998760223456	66.51599986791612	76.15000010490411
1.8740000820159903	55.40000019207597	74.36399987697595
1.372000050544738	62.811999876499165	74.83800004959107
-0.1270000314712532	58.633999961614556	71.06800022482871
0.2730000400543203	65.96800008058544	66.65400009393684
0.4150000619888319	62.237999924421274	72.8299998569489
0.05199995517730704	59.96000015288588	71.78199995279311
1.3980000305175773	66.30799979999655	70.03000025272371
0.9979999876022353	57.74600009799004	87.05599989414215
13.540000123977665	61.37800003409383	70.28999996662145
1.6020000457763677	62.10799997329708	76.70600016117092
1.2539999961853028	69.43599991917607	122.14799977689991
0.5420000553131094	70.4040000653267	70.1420001411438
-0.32799993991851756	65.66599982410672	69.86800003767014
0.5080000352859485	64.5939996623993	64.57999991416928
0.7030000114440929	60.300000135898614	65.27800016880036
0.7510000371932979	62.900000047683676	68.66399996757507
0.27700000762939514	64.16400010585785	67.97800017118449
10.852000055313107	62.57400003671648	67.12799981594084
0.49099996089935344	73.16599984884263	70.72999979019166
-0.14699996471404939	56.9639999914169	68.24199998617176
-0.18700019836425852	63.07000014483925	71.86200008392338
0.5830001115798936	61.583999972343435	74.06999957680704
2.053000006675721	59.54200007200239	69.00800008773803
11.937999944686885	78.54200045287604	71.46599999904636
0.5650000667572033	59.311999900341	66.3999999523163
2.049999947547913	59.58000006213786	67.52200013816356
1.538000087738038	69.81400001049036	71.8000000953674
-0.0779999828338622	67.79199978351593	102.38999990180127
0.27899999618530175	61.51400019347664	95.36800013899806
1.1109999036788947	58.82399985462429	78.94000025510785
11.389999995231626	69.22999992936847	72.32200035810476
-1.4270000791549686	60.88999995470041	65.23599999427796
0.8890000295639036	62.307999949455215	76.37799981296067
0.14299992561340305	75.51800001949067	78.9899999690055
1.5859999561309797	63.802000050544684	74.50800013065337
1.0660000896453856	74.62199996232982	104.2419997406005
1.1570000982284556	64.62799994707099	69.88599979877475
1.3009999799728382	66.53799991369233	81.43600013732902
1.860999989509581	64.40199985265737	80.50999977588654
-0.3879999876022341	76.55800001144408	94.3280000957846
27.481999835968015	75.19800026893623	80.06200034812089
0.4129998826980591	71.64799999713895	79.06599995613095
6.174000091552735	62.00799990653996	79.28000006079671
12.264000110626231	64.45800000578163	71.50799994468689
0.1199999570846545	60.19199999451634	68.89399999141695
0.6470000743865971	106.12799978971476	88.13599994182594
0.21599996566772425	57.44200018465523	80.60199993133547
0.9419999885559089	65.04200003534557	67.44000003099443
1.3839999437332169	71.76400014042856	80.49199993133546
0.23299999713897682	67.78600018501281	71.74199980735773
1.0889999771118166	69.62799976825707	70.2060000824928
1.5450000667572028	64.25600018978119	87.89399991750729
1.5239999914169304	62.50999999284745	78.78400009155276
0.9750000286102295	78.48799959659577	72.91800000816588
1.0980000972747785	86.19000024139882	89.03400040149695
1.8979999160766599	59.53200015306467	78.15400009155267
-0.04399988174438428	63.54999973773948	69.69600008487699
0.989000000953673	59.655999886989534	72.30799992918968
-0.03999989986419583	65.75399996638298	67.35799978971481
0.9909999799728394	65.2979999637604	72.61800005912775
1.436999993324279	78.96999992281202	72.26000012874599
0.4320000696182246	71.87200008869172	82.2920001450181
0.7979999876022335	78.99799994423987	74.52999996423718
1.2799999332427971	86.97199999928483	74.40000025510787
-0.1819999980926501	64.11400013059381	85.8360000371933
-0.2699999475479116	66.28199988842016	70.1919998955727
1.757000050544739	77.57799998790021	126.08599925041207
-0.6430000591278084	78.80000010967248	82.23200022697446
0.21100000858306817	68.75000004768373	74.1199999427795
0.9479999256134021	61.45600018501278	71.23600002288816
1.5690000057220466	63.16599994897844	68.7560002708435
0.19699996948242215	66.86999995946884	75.96600001096724
0.27500003814697155	62.82399972245098	72.37599990844735
0.5099999856948843	63.141999943256366	73.26800008773803
2.215999989509582	83.43600008964535	81.09600000619889
1.1270001602172857	66.84600010305637	76.55199990749352
0.8020001173019399	66.11199987217786	84.36799987763172
1.4919999599456792	58.1459999513626	73.74599974870677
1.4989999818801896	63.72399996519083	71.57599984124303
1.2550000667572032	64.14999977022404	72.61600000381469
-0.6490000391006482	68.39600018441682	91.10599982142443
0.6690000772476191	65.00200001716613	86.46600012540812
0.8169999933242788	61.79600010514263	75.85200007915499
1.3509999704360969	64.5200001311302	66.82800010204313
0.6710000324249268	58.94799998283386	75.12199994087219
0.6740000391006469	85.66399968892328	119.23399994373311
1.3950000476837165	69.51800000429154	77.2679999861121
1.3339999866485597	58.545999976694674	88.51400013372302
-0.1210000896453845	61.01000002264979	73.75599985599519
-3.119999909400939	67.01199988007549	76.470000153035
0.75600001335144	57.33199982956048	71.4360001254082
1.2720000123977664	70.90600025117399	68.29400013446802
0.9429999732971206	66.11599972844118	69.98799989342686
0.32799992084503127	77.49800018310545	70.24000016212466
0.5500001287460327	84.31800005912774	73.27800018310549
-0.43300009250640775	59.29599999904632	75.49200034424656
-0.934999966621399	59.86999974727629	73.59999997615816
0.19300009727478024	60.09599996089935	66.24399995803832
0.8899999713897699	60.301999982148345	68.79000015199183
0.5049999904632576	58.631999859809895	69.69000003814692
1.910000076293947	64.09799995303148	72.35199998617175
2.7350000524520857	61.07800020486112	73.35800006866455
0.9480000400543211	67.41200012207027	69.64399997025725
-0.47500002861022944	64.93600003719325	70.2180000495911
1.088999943733214	60.31799985408778	72.1119999909401
0.7209999704360966	72.38399984359748	67.76799999713897
0.7360000038146964	65.64400001049042	73.19400019943716
0.6730000352859483	72.72800016999248	74.63599995136262
1.6689999246597285	72.55399975776679	72.85399995863433
1.376999983787536	76.55799989938738	113.77399973392477
0.10500004291534343	67.17999996423724	104.33400044918059
1.5580000925064088	63.083999832868535	70.90400009155276
1.4820000076293955	61.95399984389543	73.6400001716614
1.596999921798707	68.95999984383583	65.29200017929078
0.8380000257492066	59.53200009584425	74.00399988651274
2.153000011444092	75.77200007319443	72.53000003814697
-0.07900001138448716	75.28600016117095	72.38800009727474
0.5580000448226932	63.80600010156626	91.6460005521775
1.1620001220703122	60.60199995994562	80.02799997568131
1.2350000190734873	84.26199981212609	75.31999986529348
0.9650000381469739	65.55599971443417	85.63599974155427
1.2280000400543205	81.56199999809257	65.17599992468953
1.0939999341964726	66.42000011205673	68.46199998378756
1.1430000066757209	67.35399983167643	106.52800076961512
1.6610001039505016	63.50399978458884	78.49400002002713
0.3419999504089357	60.974000070542075	68.55999995231623
1.250999908447268	65.7540000629425	67.2360001897812
0.32599995613098137	60.25800000220541	70.46599990844734
0.036999969482423054	65.9439997529983	71.53199995398518
1.789000029563903	66.72399978116152	77.18000002026555
0.4880000019073493	63.45000008270144	67.16999982595446
1.7880000114440924	58.567999985218	72.26800000667578
1.4549999284744257	67.31000004529953	69.01000007987015
1.6679999303817739	67.86200015544891	67.98199992179872
17.42299995899202	54.06799999862908	68.10400012493126
1.4760000181198119	70.87600011467934	84.96800020217891
0.7090000247955324	63.40199995368719	68.83800018668184
1.9849999618530263	62.426000127792385	80.25800006300204
0.32700015544891414	62.92799986153844	89.42800001502039
1.573999972343446	57.67000000953679	68.39200001239769
0.5799999523162835	62.18600018948317	69.29800004720686
-0.1120000600814827	58.94199975073339	66.42800015449524
0.3139999675750733	60.609999971389755	88.20999998569488
8.931000094413756	59.46800000429154	68.75200002670289
-0.022999930381774954	82.2800004124641	71.36200017929075
0.40000004291534347	77.2420002400875	66.45399999380106
-0.9389999818801882	77.79399994373321	73.4720000553131
1.0799999332427985	61.7919999708235	71.14199995756151
1.391999888420105	73.4240003065764	77.43599984169008
1.9009999942779552	79.841999900341	74.83200025081636
1.2050000190734864	76.56800003051762	71.63600012063979
0.896000003814696	65.59000021576881	68.55599996566774
0.5580000972747806	85.60999947950248	68.82000000476832
0.17300007343292204	60.16599999830124	74.00600001096717
0.5369999790191637	62.66199990987782	74.79400021553037
4.431999917030328	65.57599983498456	87.12399993777278
1.5459999752044669	67.86799988269803	73.47199972689145
-1.2939998960494992	57.250000095367476	66.14600035667414
1.6230000591278073	66.18799982547759	69.44999994516368
1.3160001039505003	64.56600026428693	102.72799989700317
0.7919999647140511	76.05000012531879	65.9300001493096
1.3409999513626096	64.58200002193453	92.74599997714157
1.5109999513626107	66.8980000138283	71.39600001811975
1.9830000686645501	83.56199973821637	72.660000051558
-0.8069999742507925	72.01200062274933	73.49200023174288
8.904000182151798	67.8259999477863	77.28999995782974
1.1029999828338615	63.80999999165531	76.54200012251732
0.31099992275237986	81.1860002398491	77.51399992376565
0.5529999160766607	70.71799991652368	70.23200006961825
0.4540000772476198	62.74600007340316	67.60199998557567
1.3870000219345073	62.949999814033475	68.26999995470052
0.4870000505447384	65.32400016069407	117.61799965858454
0.19500004768371662	61.15399994850161	68.82400013923646
0.13500005722045771	68.92399998277423	80.82400002002721
1.2190000200271613	66.73200020194051	84.50600008964543
-0.46900002956390485	57.099999988675144	63.11199997901921
0.2080000543594367	65.37800012633201	79.95599994659423
2.0070000791549663	73.33799976184957	69.29599983096121
-0.38899993896484386	59.62799998521807	63.94599997520448
1.0459999179840103	72.80800032645465	79.9380000019073
1.291000075340271	76.0759999938308	70.00600018501278
1.120999994277955	60.85599990248673	74.71200001716613
1.5090000200271605	68.67200006961819	90.36000001207
1.9930000352859514	49.58400000572201	76.50799974769357
-0.49500001907348756	63.63199981689448	68.06399998664858
1.189000096321107	63.63600007414815	76.1539999675751
9.61200004577636	61.19000003814692	68.69400004386907
0.6280001211166377	65.04399994373323	73.43799988582734
1.2750000810623165	58.18200013041499	67.29000019550318
1.8060000991821274	65.07200010299685	68.95399994373324
0.9300000667572017	62.757999860942334	71.53799992680541
0.8410001039505008	62.98200006484982	85.69000023126608
-0.825000028610229	74.42800020545724	64.92800002098087
0.5349999189376821	84.11800024747848	89.28400010824198
1.150000004768373	82.29200025558464	69.86999999761578
24.7179997551441	68.29799979716542	71.58800016403194
1.06300003528595	59.37399990320203	78.38800014972685
-0.5540000104904172	59.36399996161459	95.38199978128077
0.3949999618530266	65.74000003099441	73.98199996948249
1.8109999513626105	75.65799973562358	71.49600012779231
0.35900014877319286	62.72200011730197	69.55000015795225
1.7750000429153432	62.19599994421007	83.1500000610948
0.7779999685287475	65.40199991941459	74.23199996113775
0.6020000791549692	70.12199997663498	72.76600036144264
1.8650000858306894	67.29200009524823	69.0720002365112
1.08000012397766	111.90799973249435	156.1780006928741
-0.0870000314712532	60.211999781131716	88.81199997901925
1.5769999647140525	62.44800018638367	67.09599991261959
1.5810000562667856	61.89000026702887	163.10599916815767
-0.2949999761581422	77.80199990034109	79.64599988460544
1.0149999713897693	57.48600001335145	71.99200004100803
2.2499998807907087	67.29800014644857	73.42599999904631
-0.5719999885559091	60.126000230312336	70.89400002956388
0.20900001049041805	61.12199986457826	69.56200000286104
1.9100000286102299	60.81399978876113	86.15600013256073
0.02699996471405124	65.65199992716316	80.68000004768366
1.3240001010894773	64.19399979829784	79.87800011873246
0.9120000219345085	66.63399991109968	78.74800003290173
1.1119999456405636	57.99599996015427	79.1779997968674
-0.15300007343292138	59.709999847412085	68.11600000083449
1.0259999370574964	61.78600018620492	69.9619999694824
0.0969999217987051	56.705999968051856	82.10600020885471
1.464000053405763	64.44799954980606	68.57799989700315
1.1860000467300427	58.044000141620664	68.82400003194802
0.7729999494552622	71.23400025367738	71.15200004100814
1.0599999523162864	57.55200004339216	89.12800001859671
0.4039999341964723	59.9379999279976	71.28400011539458
0.5499999046325696	70.02199990957975	71.26200010001659
1.733000044822693	61.34599995851521	66.9080001568794
0.39300008773803574	59.80200030803678	78.09599996998908
13.069999904632564	66.41200014591215	69.49799970269206
0.7499999618530265	64.49799980401997	73.41799994468687
11.298000111579901	56.80400017023083	74.64200011730195
0.8939999723434459	73.50600001618271	71.29400004863741
-0.4930000305175781	63.283999991267876	68.7700000333786
8.560000238418576	69.82800018861889	71.58800011157992
0.8539999818801878	76.97800044536585	102.25399987697593
1.052999982833863	84.92400015354148	71.03799991607671
1.1309998703002935	59.59999994754796	73.15200008869178
0.6070000505447394	123.71400031268593	95.15000013649467
3.711000027656555	61.614000146388975	71.20200016975406
0.3609999322891237	65.61399984911081	73.17399998664845
2.2120000028610236	80.29200037494297	74.07800022542477
0.2700000429153434	78.47199980080129	100.65400037288678
4.519999909400942	62.13999988317492	77.04799998044973
-1.219999971389771	68.00000017642978	73.19600043654444
0.03999991893768344	82.91200008392332	71.67000013351442
0.6230000638961783	64.55199992060655	74.11599980354308
0.4800000476837167	65.25000002592805	72.57999997794633
0.5499999761581428	59.39599994659422	71.40199984550475
0.21400007724761835	58.22800004363061	76.46199988678094
0.2560000419616702	62.67599986791612	63.816000022888176
1.1130000591278075	85.25000019699331	101.77800010561948
0.4629999828338621	57.906000032424885	66.40799991607665
1.4410001325607302	61.260000003576295	81.14799990177154
11.6389999485016	59.54399976253515	72.30399998903266
0.8409999799728392	73.48000002861014	81.64000022411344
28.92200001060962	68.68599985271688	66.52399996370079
0.3690000343322747	69.53199987962847	161.8879993283749
-0.40999994754791125	61.407999892234805	89.98399995282304
2.3170000028610227	58.056000087261154	70.93999992370594
1.2470000410079964	64.46199990510944	73.1120000612735
1.0059999608993524	62.74199983477591	82.04600000858306
-0.1330000114440908	67.80600000381469	93.19200008511538
1.6499999523162858	61.278000097274735	70.26199994623663
0.3720000457763682	77.35999964952467	74.41399995088572
0.8240000677108766	67.58600006580353	93.93800034955139
-0.6569999694824227	61.279999924898156	72.1179998874664
-0.5529999732971183	67.35599995136258	67.25399991869918
0.9600000572204601	67.33999969005579	77.94599981307982
-0.95600000858307	64.10199989557269	74.31800005912788
0.38900000572204535	59.96600002288819	70.79599988937376
0.44999997138977094	60.15600002765656	75.43000038981441
1.4140000724792494	66.07000012874599	71.42600015163426
0.6180001640319823	76.58800005912785	71.49200013637541
-0.15999994277954083	61.02400002479556	127.1839998316765
-0.6690000200271595	66.62400000214582	67.40400003433226
0.6680000257492055	60.10999997377395	71.25199987888328
1.1509999465942387	64.94800009638071	71.83600011110303
0.5049999427795405	65.02600008487701	117.0420005059243
0.6720000219345089	63.89399993419647	70.05199989557255
0.345999984741211	63.11199995726345	72.8239998969436
0.7410000038146971	70.51800002872939	104.33000006198884
-0.8550000572204601	59.43200014919051	88.73400022983552
1.370000071525572	62.988000161647776	76.63800000906
2.020000004768373	72.9860000421107	80.41000016808513
0.1410000419616704	54.26599995493889	69.81200011253351
0.45799989223480203	66.12399969100947	72.80400011539453
1.9479999065399178	62.521999902129174	113.87200040280828
-0.13699995517730698	64.24599992036822	70.9439998197555
1.245000085830688	67.68199996352193	79.12200028896333
0.34900000095367517	66.59400003254416	91.3540000468493
0.9749999523162839	70.29600006461146	75.52400006771094
0.6809999895095836	61.76799988031383	71.77800005644555
1.5640000724792462	62.86000002026564	82.78200032591825
0.8200000381469732	72.8960000216961	71.78600008010865
0.04500000476837086	63.11800001025202	58.290000070333456
11.060000095367439	63.7460000801086	75.514000030756
0.971999964714049	70.50599979877474	75.48799990177154
0.7159999132156382	62.1700001001358	70.73399972438824
0.7429999589920038	71.36400001645092	67.54600003242498
1.2669998979568478	97.81999990463247	92.08599975585926
0.5929999446868903	64.7500000095367	79.26600034892557
0.7989999914169303	59.678000030517595	75.44000004857784
0.9780000925064094	69.39999980881804	75.21799990177152
1.117000102996828	65.66999998569487	75.07599999859924
1.2459998512268058	62.02800010681154	75.50400022983557
20.041999983787544	64.31600009858606	89.81199995994565
0.7240000200271612	63.788000124692935	67.6279997897148
0.43200001239776675	63.946000189781216	68.36599998474121
1.6449999380111686	73.10399970710279	71.9579997840524
0.5809999752044688	71.35399996757508	72.48000013411038
1.652000041007997	98.16399977922441	72.41000001907344
1.1809999561309805	65.35199990689756	93.28999988555908
-0.7260000610351565	58.49200006350873	66.66399996042252
1.3390000772476198	66.03800003543492	71.01800010681157
2.0099999904632577	62.68400007724757	67.36600020885462
1.3190000200271623	65.24799980640418	90.91799976825715
11.350000185966483	63.40000006318087	71.03200001716611
-0.16500001907348516	82.08999969273806	66.79199999809263
0.16000004291534467	64.8320000231266	70.63600017070765
-0.48699997901916503	64.0540002310276	70.02399975061415
1.0030000734329219	65.95200010254977	76.29400000452999
0.8650000858306878	57.84600004673009	69.52599993944172
0.3330000066757199	71.32599986270064	67.14199999421832
0.11799994468689019	62.789999976754224	96.94399992823601
0.8190000772476187	58.3600000476837	65.56399994850156
2.16099995613098	76.69800023272627	78.75200028225775
0.6650000238418577	60.36800010800356	73.28999963760383
2.16999990940094	60.14200009584428	75.78600001141434
-0.2150000429153456	64.91800015926358	69.15000018835067
-0.3330000877380362	65.33399999856944	72.73400026559834
-0.39300002574920756	58.378000071048724	64.63599986553187
0.7660000514984139	74.99599998682746	90.85000026419755
17.96299984455109	66.8140000557899	92.63999984025946
7.166999912261966	61.26999997317786	90.61000006437301
0.7090000152587904	65.57600007534027	74.80400000095369
1.860999994277953	63.91999993801118	75.84200028955942
0.6559999608993529	58.20600004672999	69.83400006532672
0.014999923706055207	66.59599986791615	69.53200006544593
0.7579998922348012	57.325999984741216	79.766000058651
-0.4280001688003527	66.81200004220011	86.66799957335
0.782000045776366	59.39799996256828	67.86599990844724
0.6269999504089356	63.419999966621376	91.2000003385544
1.9860000324249252	63.69400006771082	70.03000018596643
0.5960000753402707	65.20800005614755	78.16600031375883
-0.3689999103546151	62.386000274121734	68.12999984264371
1.3059999799728408	64.90400015830991	72.10399985313411
1.790999937057496	72.3200001144409	79.47000005632636
0.6760000419616709	77.14600000619885	68.8480002240837
1.1289999961853026	61.49000004053115	73.2920001618564
1.263999996185302	64.88799998790032	71.44199999779461
1.8499999809265133	63.600000107288366	98.4740000665189
0.2009999370574946	63.40599992752072	70.39999996185307
1.3410001325607286	66.22400013923647	76.72000025749205
18.60700025081634	61.10600003480904	71.89399992465978
-0.6310000514984129	64.67599951267245	83.83000017166145
0.3819999122619619	64.00599998652932	69.16600025653833
1.5859999656677228	61.05399996757503	72.25000000596044
1.5389999151229854	76.75599974513048	71.31799997329709
0.16900008678436265	69.75399992704389	70.97400005578987
-0.5119999313354486	63.67400011256331	67.19399999618525
-0.1410000705718982	62.9	89.79000019073494
1.3759999036788948	60.80400015830992	73.2779999732971
1.0749999761581428	80.87400010272853	73.87200002491471
3.2099999427795396	63.081999864578265	88.12400039553634
1.4820000219345082	68.59599986553197	81.7880000734329
1.5500000333785995	68.31199967384335	84.40599995613104
-1.4549998998641973	77.84000044107432	99.24600003957744
1.2710001277923568	73.46999996185306	90.54400006532678
0.9859999132156375	66.83600014686581	72.91000031664964
1.1670000791549677	66.16200003147125	93.82800014674655
-0.046999983787536136	64.41000007197256	69.5880001258849
1.2499999094009395	62.49599979996683	74.1980003046989
-0.30800004005432063	70.59600009798999	70.74600002288824
1.0010000801086427	62.06600023433565	69.98000002667308
-0.8189999771118165	56.20000012159347	65.03999993801119
0.8909999561309812	79.29200008779756	190.64800041198723
-0.5359999704360957	62.09599996507168	83.46600015640247
20.103999891281124	64.9579996919632	69.03599991321563
10.976999845504757	59.27399999335402	75.74000012874608
0.85300009727478	60.98999989151953	69.14000016212464
1.2360001039505013	64.19600015401839	76.1779998874665
0.8690000152587893	67.79400001332165	65.61200012564653
1.0690001153945934	67.47799991995092	68.33400002837183
0.8869999265670767	62.296000019311904	150.29400071620933
0.8350000619888313	61.071999986171754	100.4319996261596
2.245000023841859	93.12000040575876	77.02199987292296
0.590999994277955	73.22000011920933	66.47600001335152
0.6809999275207529	61.258000087738054	73.15600020647044
1.442999925613403	67.11200026661155	95.52600004672999
0.6289999723434442	60.74599989175801	87.97200001716615
17.359000082016	62.964000196754924	75.96200001716615
0.6960000276565559	77.45999985158448	142.38799993991856
0.21099992275238125	57.08200003147118	68.08000024378298
1.0629999637603755	62.20199999213218	67.36800012111664
-0.14700002193450817	65.34600019931797	67.767999894619
1.1959999847412108	60.117999964952475	78.37199989676468
0.5350000190734854	60.77799995422369	77.13200029850006
0.9590000009536735	64.94799993038177	96.71600005626678
0.3740000057220468	63.18799992367622	74.15800010442734
12.214000086784376	68.73599985241893	66.28400007724758
16.840000009536727	66.61800028800968	72.01799999713894
