105.51063991279592
72.11272031440738
24.77944049530028
27.492159960555966
18.062960258102404
28.56392041778569
19.94631972007754
36.79223984565734
19.20152049026486
14.078799957656862
7.78816019592284
12.408159453201295
58.78704061508179
20.886400263977027
19.160080068588268
21.776320356368988
-6.1458408454895075
36.23880045928954
13.685519931793209
14.555360460662829
46.574719631958025
34.37632006912235
35.88216032829289
18.474559989547696
18.037039956283547
15.161120287322985
10.609039719009395
21.240159569931034
36.337519293212885
20.248160202026355
12.444240366363527
37.88720059318536
24.209279870605446
15.21112034664153
14.760000225830064
262.57975925788946
179.38343934803012
27.27008026962279
11.969999689102188
20.65080026550289
10.097040478897084
17.009920587158206
17.031999662399286
13.794000042343114
17.289200441741933
43.27231985664368
16.353439961242692
13.35888015403747
20.162399929046657
17.50807998008728
15.53183985328674
16.511759811019886
33.17263991012577
5.216319908523569
30.834800165176414
17.2595997577667
36.00047986564638
29.782479786491415
21.671039966964738
29.22527972869873
34.27776051597589
25.967520178222642
7.005520011138925
51.78176059246061
16.067040336227425
91.31848090057353
20.91055974845888
47.9207198768615
8.621359543228147
23.367200473785367
44.48584033050542
30.37199965171817
81.6291996618272
49.12847925453176
33.93375935783384
35.06176001052859
15.577040027618398
11.923840109252913
23.342080018615704
6.0926400882720975
27.152879843902646
27.423120292663526
19.042879530715922
15.962480053329484
26.38431950798035
16.271119805145265
30.003280002212502
15.012559832382172
31.944320314502775
17.029039802169773
25.60952058982848
13.844480181503302
52.432560153961255
21.741039521026664
37.36584065017693
7.530479920959481
14.390480131530785
21.666479813385045
21.71808021240233
20.222400264740003
15.596159927368165
96.61863963279717
20.61864008331298
37.01248010482785
51.1327199855805
45.35328023834231
119.80223945884717
9.10168018341064
17.65984021682742
19.64664049415587
18.039600685119634
31.268319973373444
9.848639588928247
40.67735962524415
27.879279937744112
28.974719819259658
13.215119902038571
29.84976015243528
33.86951969718936
26.77607973480226
58.57959981117246
42.30439955368043
40.02127979621881
133.94600097923296
22.300080438613932
21.329920098114012
36.90607950363164
22.99063988189696
55.62904011154177
298.0706401929863
12.476720501947389
13.364479932403551
18.876320109558133
80.55440026512133
8.960240142440796
27.262319753265324
7.80024018211365
25.19568058261869
10.734319779968267
11.71783993721007
67.10240011367802
19.05392018775938
37.86920025367724
12.937840157318103
17.23975996437072
23.514319902801493
12.484720072555524
22.04031999664304
21.103600143051143
33.82072026977541
65.3660799858094
29.282800395584093
27.028720010757404
20.43367985725401
22.564320265579187
15.310559590911842
43.659280396652136
13.538320166778552
51.76416000175471
38.62952000617968
62.37607993507386
42.09839995918274
35.58568042716978
14.86376015319824
33.1593608127594
50.46151984214777
21.401519834136984
33.11159998168945
49.325439908981295
14.50888008689879
55.70112005920414
13.198640652084357
27.968959417724616
30.220239950561524
32.759760269165014
26.02311987686162
21.58784049758909
30.97511988830566
13.842560944366475
16.003360203552248
27.457439977264446
44.40119950065616
32.93703988876344
10.902960310363794
18.21296033363338
24.79215993003845
22.63832032127378
20.08807965164184
424.8700774833673
27.16968053321838
11.09191965293886
29.829919483184803
30.516400442123448
21.680880255508367
19.97175984344484
278.3601595272061
12.95464045944214
10.535279919815066
30.792559342575117
34.21823947372438
114.841040325546
53.00640016975413
26.90479962730407
30.273199860763537
28.016559706115785
22.188240565490748
23.43944045257569
17.825439793777463
42.29767935256975
13.379599982833845
7.0064799743652335
9.728879996871935
18.515200082016012
19.8447200782776
22.12568042449952
33.52671998596188
18.32496018333433
62.07423967590337
8.828719870758063
23.420959996414215
14.527759941101055
14.988879740905757
14.469119593811056
25.69016000442504
21.21216046028141
32.47303983078
68.17416006584158
92.07463927841165
9.20504022541046
8.939599858856209
30.334480077362077
21.960160387420625
24.857680127334568
11.113759949493376
17.72328003425598
35.239360698318464
24.525840153503403
57.28815970573435
47.78247949295039
42.08968040618899
20.710479796218852
29.200079683685317
21.759760148620636
28.093999714279175
66.28736020507826
13.309760342788735
13.484639897155768
11.651760002517701
45.18400046501165
13.04128021392823
63.13640056495665
18.638880125808722
67.42111964073179
246.75832049522393
28.97663996238716
157.68871929664644
9.062960412597638
20.263120523834207
27.03320049438479
44.7516798809051
23.353919672393804
11.458639953231803
18.211040647888204
54.82791998062133
18.06967980041502
21.74464073524478
28.590639855575528
25.25511994476316
41.6020802619934
179.82823985557528
33.209120058822606
18.954960116195632
73.66183997993464
130.27703936309803
17.780560343170162
50.0679995185852
28.340559688568135
80.62976031837476
25.124000048065245
85.01095978393552
60.89728002090455
26.918959691619836
22.32864044227606
39.55040020828247
40.68192006492611
33.30112022504805
26.64392007904056
18.332480211257955
11.365279539489759
23.798880153656093
13.388960460281366
25.09263952026365
40.247360013580305
26.20088006858826
17.472160034179698
8.35727995147705
42.48495935325622
337.8674395160675
26.18696006240848
28.335520037460356
6.358080859375008
12.789200191116308
55.92855992469791
17.81408064994813
41.09015978736879
142.0109598926545
164.6089590654374
1.9001598892211946
29.691520047759997
50.42232032279966
25.585519837570182
32.42031945114137
16.426960064697248
13.356320327377302
26.151199565887474
86.95448053398121
10.111039764404323
9.759199956893912
18.95176007728575
25.2452001382828
14.486879938507059
13.830079647827178
35.41159995384215
13.522000092697118
26.05384056701655
29.171119684219345
49.42344024353027
13.19127991867065
14.408400281143171
11.379039482879618
16.521120237731946
66.2748799867631
105.99591905384072
85.3671996755601
9.520880081558234
50.230240407180766
55.73320003890991
12.363839827728267
13.072000292968733
102.36808003730786
26.926320183181783
26.46384023590084
46.09015984687812
29.83856044731144
51.019120009994566
19.105519969177223
16.475200152587902
20.277360131454465
102.69376015357973
18.048639835357662
19.86383976821901
17.7381600162506
15.60408010673521
28.7751199882507
22.65152001876833
248.20455996208213
23.95528036651611
17.393519917297358
36.61375973434454
22.871439873886107
54.76887973937985
34.731760596084634
29.887439826202385
28.943199795532276
40.56728022499087
13.6584002101898
13.435199794769265
44.17671994514469
247.04399894790637
20.99639981994628
177.55871954174052
29.487359840393086
29.893359870338468
11.61935930175781
72.8812798149109
67.49904075393674
6.718959700393671
