6.457999992370606
6.108000173568724
12.815999946594234
7.170000047683719
22.714000234603883
38.52400032520298
15.768000049591068
11.025999851226798
30.10000019073488
8.570000019073476
12.34199999809266
17.51200009346008
10.444000082015997
5.308000001907351
3.8520001697540303
8.220000019073487
7.277999973297126
18.8899998474121
14.719999866485608
24.659999809265145
16.228000135421762
43.307999725341794
21.19600009918213
3.3560000705718966
8.848000030517577
7.854000101089475
5.923999824523917
11.911999950408937
15.583999862670897
6.743999891281126
55.12799954891206
5.282000112533568
63.26599963188171
6.74799991607666
37.67399998664854
36.31200003623964
10.711999883651732
3.421999969482421
7.7620000839233425
5.549999990463256
17.019999866485595
16.963999958038325
2.7420000076293953
6.6559999275207495
24.931999711990347
18.549999999999994
6.5699998188018816
23.53600002288818
11.549999904632566
13.253999748229985
4.542000169754028
45.86199946403506
27.126000003814696
6.28800007820129
29.018000125885013
6.1379999065399184
27.267999987602224
36.28599955558774
48.30399978637702
23.885999946594207
9.072000055313104
25.213999795913708
19.356000032424944
46.82999984741208
140.58199988007553
10.529999914169315
21.610000104904174
5.960000047683719
13.154000225067149
5.058000030517576
6.76599992752075
140.23000041484826
3.9640000152587906
22.659999999999968
5.676000032424934
15.592000055313108
13.961999845504753
16.68600012779236
23.979999752044684
13.800000057220469
30.26799977302553
39.85000036239629
6.759999980926513
32.70999975204467
10.004000043869025
7.147999944686892
113.9079993152618
32.0040002155304
47.87400026321408
35.54399966239926
19.896000242233253
7.217999973297123
8.91799996376038
9.898000202178942
12.162000036239617
8.454000129699706
29.234000105857845
104.70800012588498
13.786000080108634
6.860000171661381
67.32799921989438
26.372000360488887
53.812000856399564
27.60600011825563
13.482000150680546
5.1139998817443875
2.8040000438690176
5.063999996185302
37.991999902725205
19.817999811172488
17.75800012588502
40.82800041198729
11.21399987220764
12.08600005149842
15.658000154495237
7.680000038146975
35.834000272750885
2.0899999237060554
73.44800100326535
6.055999984741215
4.375999889373783
12.569999866485595
15.414000120162957
66.91200090885157
6.7419998836517365
32.00600003242493
2.356000032424928
17.141999673843365
6.755999956130982
41.26999963760373
14.441999826431257
20.189999885559082
9.41800004959106
10.056000051498424
46.59199986934658
5.50199994087219
5.312000017166137
60.88999973297119
7.14000005722046
3.0340000820159903
15.062000093460078
12.933999853134148
2.148000211715698
12.270000019073466
22.203999814987203
8.751999864578245
9.036000232696543
23.890000181198108
11.861999759674088
21.702000093460065
10.136000099182121
6.037999897003172
36.374000205993624
16.562000064849848
37.098000345230105
6.596000061035152
12.708000211715696
14.590000286102306
10.469999847412113
10.057999954223636
16.648000173568725
67.99599931716921
16.118000249862657
15.468000087738035
19.13599996566773
9.093999834060675
83.91200027346618
8.431999950408937
331.2859968066214
17.18200001716614
11.503999929428106
22.056000156402575
38.85000012397771
7.66000016212463
6.3979999732971224
11.255999851226791
17.165999860763566
42.22400032043463
11.74800018310547
4.476000022888183
22.932000236511247
25.71600003242493
309.73799647808045
5.193999948501591
14.784000158309945
9.351999979019174
11.44399997711182
21.011999893188495
36.01400009632111
96.93399926424024
99.75399956643582
25.01000022888185
10.996000070571888
11.08600016593932
13.355999937057485
7.532000064849852
7.181999950408926
14.420000085830686
12.75399993896484
7.086000061035157
16.602000017166137
6.9039999961852985
3.6719999885559114
7.170000133514405
12.011999921798704
11.181999979019169
5.035999984741212
60.29400016784667
13.2760000705719
7.088000125885011
16.464000072479248
6.782000045776366
34.61800034523013
9.417999858856195
41.74399992465973
5.848000030517577
4.1879998779296885
68.91800036430358
-11.988000144958498
33.0800000190735
6.645999965667723
21.844000225067138
12.89399990081787
4.836000070571902
6.783999910354616
25.92400002479555
2.9479999732971187
43.1719997692108
64.09800004959106
92.00399999618524
2.3400001525878906
172.6819997835158
190.73399920940395
3.6199999809265164
3.5519999599456784
13.778000001907355
30.994000005722047
6.4999999427795405
18.53400009155272
8.042000045776367
15.320000009536757
5.6700000858306865
8.58999989509583
38.33600008964541
8.32599995613098
7.405999956130978
24.882000026702862
5.458000097274782
19.158000078201287
14.730000114440937
37.22999972343445
40.30599986076356
15.839999947547911
46.615999717712434
8.265999908447261
6.642000131607056
9.495999803543105
13.350000019073494
38.14199997901915
18.012000055313106
6.760000095367429
14.270000057220459
96.31200022697448
88.88000021934505
31.475999956130973
55.2599999189377
33.69799991607669
34.457999744415304
3.8339999485015848
7.012000102996823
8.620000114440918
1.2620001506805443
25.526000175476074
67.35000045299536
8.270000000000008
62.47000023841858
13.772000074386593
2.600000162124635
7.215999984741208
12.107999954223644
11.442000083923336
10.167999963760373
5.083999967575071
13.472000188827515
5.52199995994568
14.676000061035165
4.401999998092652
68.78600014686583
40.884000449180604
3.602000045776368
12.75200008392334
9.223999958038329
11.328000090122224
14.161999921798714
5.568000001907344
4.8439999580383235
6.543999967575074
75.1559996962548
21.3519999408722
-0.9179999923706039
16.675999946594253
7.05800009727478
4.446000165939335
4.45000003814697
37.391999645233184
5.726000003814691
24.820000190734834
41.790000200271606
20.543999948501597
26.4900000667572
11.010000076293949
8.869999923706047
9.86800018310547
0.8420001316070577
101.49000045776371
48.80400008201603
4.810000076293948
6.592000093460089
7.516000041961674
11.669999885559083
8.60200002670288
90.53000054836268
31.06200001716612
4.135999927520751
113.32200062990194
9.466000185012817
10.611999893188468
3.1159999752044683
31.191999597549447
11.158000059127811
3.5979998970031732
8.528000078201297
22.565999832153306
6.108000221252438
7.21400005340576
57.16000012397764
8.88200011253358
20.728000097274773
41.338000659942615
3.8820000171661375
10.950000057220462
8.786000051498409
26.32999976158139
24.389999914169312
36.629999790191675
4.6139998817443795
23.431999683380134
10.478000011444092
32.80400007247926
43.75400038719179
3.4279999542236315
132.95199993133545
52.739999485015865
13.264000024795521
69.50200053215026
17.01799994468688
8.126000080108637
5.402000055313113
16.302000017166133
4.153999881744387
36.31400025367733
24.438000030517582
7.7880000209808395
21.474000129699693
8.963999958038322
10.114000024795539
2.92599995613098
4.002000074386595
16.02199984550477
30.485999984741195
18.417999877929677
7.4000000476837124
33.88199973106387
22.015999894142162
14.018000097274767
36.20399991035463
13.586000041961668
6.3480000209808365
47.58199995994569
5.867999954223633
32.305999879837046
111.77599976539611
10.138000042438511
5.688000049591064
5.407999811172483
11.525999908447256
16.459999895095816
27.957999577522283
25.954000120162995
34.53199982643128
10.154000043869019
4.034000091552732
10.733999996185306
13.849999885559093
6.530000104904167
10.638000097274777
24.454000091552743
4.700000104904175
11.13999994277954
78.67400050044063
54.66000021934507
18.325999927520762
6.556000127792354
5.425999946594241
52.8600004529953
3.0820000267028838
9.027999944686899
28.377999782562245
21.051999998092658
18.93800021171569
15.51599985122681
8.139999980926513
116.96999902248385
7.116000099182131
11.513999900817877
8.951999959945683
30.122000246047982
111.02199978351595
7.794000120162964
23.48599995613099
15.808000116348264
46.307999973297115
25.48200006484985
67.93999935150141
84.7500000381469
8.192000102996818
5.405999908447264
9.228000049591051
5.094000196456909
22.638000001907375
7.945999917984013
39.309999599456795
5.401999921798706
55.26000036716462
12.905999994277948
32.71599981307985
10.15800000190734
23.797999887466425
21.72200034141541
11.668000116348264
11.937999887466408
51.22199999809265
15.503999938964833
24.33999981880187
9.28400020599366
16.126000127792345
11.821999988555906
105.49999958753585
31.495999937057505
14.32600024223328
7.116000080108641
65.00999956130984
42.64600003242494
18.66800004959106
38.48800024032596
6.513999938964845
12.260000019073496
9.580000009536741
37.19599947929381
6.177999935150147
27.64799997329714
19.42799996376039
5.615999994277954
45.21000024795535
13.160000000000005
6.584000005722045
17.32199977874755
32.20399988174439
9.725999937057484
6.958000059127809
16.671999950408924
20.387999963760375
6.860000133514405
6.988000001907342
24.53600015640257
10.107999935150154
1.141999874114992
36.1899996471405
9.204000205993651
16.894000015258793
6.816000061035151
21.38399982452395
32.443999986648585
56.15800017356871
7.010000019073485
11.77400005340577
