7.738000030517581
10.477999963760379
24.43799998283384
45.50000010490417
34.55800013065338
30.67599976539611
9.197999963760376
19.83599979400633
25.617999706268314
35.14999999046327
23.63199984550475
8.132000169754031
27.96600012779237
15.633999919891355
17.952000026702894
60.84399957180023
5.508000097274781
72.17800065517417
55.71399964332578
48.90600014686583
8.314000129699709
37.734000120162996
11.681999988555908
34.79600004196167
266.5539984655381
14.811999931335455
137.7480002021789
12.346000061035165
37.255999975204475
29.003999633789064
15.460000200271605
70.22800051689148
27.96599988937377
7.446000041961672
21.215999975204483
39.47000039100649
20.617999839782723
16.68400017738342
31.15200013160708
168.03199937820438
40.654000110626185
31.413999767303466
33.49400012969969
26.9500001525879
80.77399965286253
13.340000028610227
27.87399983406066
39.39200035095213
10.6299999332428
114.68800145864483
93.33999998092655
34.83399955749509
30.85799982070922
11.573999862670904
10.605999994277962
11.910000028610227
12.07399993896485
13.986000061035162
17.958000221252433
143.04399978399263
26.126000137329115
34.43800041198728
52.78199953079229
129.4140000605582
15.854000062942513
41.97399990558626
37.7920002937317
6.738000011444091
48.75800024032592
38.33399965643881
31.815999946594225
49.04800040245055
22.14400016784671
13.223999881744385
11.172000360488887
20.731999788284313
9.091999893188476
13.298000040054319
46.042000246047955
224.87399891376486
28.37399978637694
4.828000040054318
17.05000000000001
10.690000038146971
14.86399989128113
68.3299995183945
5.888000001907347
40.715999727249105
22.851999926567068
8.555999917984003
8.434000139236444
45.44800007820132
48.27800009727478
6.550000114440913
36.50400001525879
99.39200029850004
19.2360002708435
234.66399896621695
284.51199990749365
8.016000118255613
19.44199999809264
47.85600017547602
80.74399988174433
66.48600037574768
15.810000171661358
9.954000024795521
34.59399992942809
58.98999990463257
44.03400011062622
36.293999967575076
77.72600024223333
95.32000029563903
84.0900001192093
7.648000001907347
55.12199991226196
18.449999895095846
67.68999976158139
36.95200016975401
24.210000085830696
19.728000173568734
74.76599948883057
28.90200017929079
12.334000062942504
32.79000009536744
15.272000064849859
30.612000150680533
41.758000059127795
82.76999972343448
16.094000062942506
75.91600127220157
37.76600029945374
45.72800005912781
36.352000102996854
16.552000179290765
21.013999967575074
44.255999803543155
14.170000133514403
127.0220000171661
42.41000006675721
61.809999833106986
42.722000112533564
34.39000000953672
8.232000074386592
18.458000106811525
11.00599983215332
19.19999992370604
27.946000108718867
9.645999956130987
39.540000057220446
46.01000014305115
57.35199978828427
1.3180000114440937
28.970000057220467
31.95199976921079
16.960000209808342
23.815999851226792
11.020000076293938
4.03600005149841
14.476000056266773
68.43199949741364
38.56399962902071
24.73599984169006
25.61599992752076
4.813999948501588
19.2839998435974
2.88199990272522
7.80400004386902
28.794000101089477
274.2019977438451
62.978001202344885
9.852000150680537
57.804000816345244
11.7819999885559
23.6380002117157
140.67799916505822
5.114000005722051
3.048000030517576
67.43999984622005
168.3119991636276
66.10399997711178
13.18400018692016
21.394000024795538
40.011999540328965
14.819999771118157
63.301999754905694
23.946000127792377
4.322000055313108
14.58599994659424
40.38800012588499
65.22800009012217
161.9579987335205
20.102000093460084
9.658000020980824
32.31400005340574
313.7899971008299
26.364000396728525
3.00800007820129
28.60599999427794
62.58999996185302
35.59999988555906
6.737999897003175
149.50999925792226
8.016000156402583
51.44199977874754
14.2719999217987
7.479999971389767
32.89399989128114
8.92599996566772
20.004000024795545
242.29599814414988
204.33999912738818
9.597999992370616
21.6039997959137
10.51799973487853
26.45799997329712
40.89199992179867
11.343999938964847
1.6179998683929437
401.22199596405017
20.312000246047972
164.7099999332427
74.50400011062624
37.26200065612793
30.51199964523315
78.38800017297264
36.94399988174439
6.911999998092645
15.63399996757507
145.2820007133484
39.74800009727476
30.087999916076658
30.014000005722053
17.122000083923325
21.925999794006355
6.9219999408721975
16.28399990081786
131.95799887657182
6.772000017166137
13.259999999999998
13.523999881744379
23.592000112533604
8.378000030517583
14.252000074386597
147.14800044536594
4.039999952316284
19.378000335693347
11.38199982643127
11.253999862670897
11.077999944686885
34.032000093460056
11.52399978637696
10.144000043869015
27.268000111579905
9.07399993896484
79.22399983614679
84.33399962782862
19.159999876022344
9.604000062942514
20.74400002479554
42.39600024223331
4.775999917984003
65.94799997329699
13.617999897003179
15.63999997138977
69.30799972534184
8.966000022888185
134.66999945759764
12.400000085830692
11.500000009536748
21.969999885559112
16.58200023651123
96.0259997029603
5.605999879837037
37.23000014305115
172.99800073623663
5.962000207901004
38.38400018692016
18.92799979209898
12.22200009346008
63.95799980163576
32.07799971580507
117.26199937820431
10.879999961853025
5.641999845504764
20.766000127792363
28.18599988937378
23.24799997329714
19.492000026702886
50.110000219345096
80.95799940586086
7.800000104904175
19.45400012016295
16.358000025749206
5.512000036239624
23.27800006866454
16.687999916076667
8.377999897003177
18.63199990272521
288.249997282028
60.78200026512146
43.649999957084695
8.400000009536756
11.256000242233277
134.1539996767046
142.86399894356748
8.305999927520752
34.452000246047966
11.996000070571887
5.3499999904632585
52.92399989128112
40.30199985980985
18.111999750137326
19.01999985694885
27.582000203132655
20.43800012588501
145.30599931716927
20.78200003623963
17.977999887466442
9.824000043869015
18.08199983596802
34.00800009727477
35.51999992370607
234.34800065040574
8.41200006484984
159.08199840247636
9.498000240325933
45.97600025177004
6.217999982833862
29.88999991416931
3.997999887466431
11.740000228881827
32.01199991226196
24.257999916076656
14.391999950408936
8.369999923706054
301.88399749517407
22.224000368118283
11.854000005722048
26.522000265121445
13.096000080108638
67.57799940824513
109.93199982166291
4.2359999370574934
23.07000020980834
29.243999967575068
52.35799959182741
11.285999860763555
30.368000135421738
17.320000076293958
31.523999671936043
94.5819990873337
31.497999563217167
34.13800058364868
71.42600027084349
3.6920001125335653
45.72000003814701
9.06000004768372
61.36199969768528
6.095999956130985
96.90399950981137
16.003999891281133
44.705999913215635
4.2280001354217545
47.624000387191835
143.423999351263
23.506000041961663
7.77599995613097
21.186000146865837
18.56999999046326
19.827999982833838
49.910000243186936
10.646000175476075
42.929999761581435
35.525999927520736
26.508000144958476
129.76199925661084
30.345999946594237
93.84000010490415
111.90999887555841
99.61599901437766
41.48399994850159
15.201999950408926
15.194000120162965
17.664000053405758
19.666000003814695
33.53600006103512
43.53799984931947
39.57599960327147
15.238000040054326
108.90200038000937
4.023999938964844
17.393999814987176
378.7759965276717
16.691999969482428
9.443999958038328
30.050000286102282
5.601999979019161
44.493999967575036
9.8280001449585
59.469999933242825
11.41200017929077
145.4459992408753
44.02999966621396
19.735999860763542
206.15599862098688
7.509999942779536
62.099999752044646
7.145999984741211
22.94000004768375
15.240000133514416
6.5820000076293965
5.655999956130983
8.421999912261958
27.54800045967104
10.660000171661364
12.415999908447263
22.73999995231628
136.92799965858464
9.732000036239628
299.97399796441215
6.287999849319457
40.23599991798398
5.22200008392334
55.774000787734984
13.797999868392942
5.004000024795529
20.133999967575086
12.593999881744379
54.63599917411803
58.663999824523955
26.135999755859366
46.76199995040892
15.589999952316296
49.71599997997286
7.110000047683713
336.17599722385387
15.565999965667727
33.79600001335143
8.174000015258784
12.100000104904169
11.87000002861023
21.288000011444108
7.0020001220703145
44.487999725341815
19.635999937057495
32.57600014686584
62.30799983024599
179.19399934530264
13.745999841690072
4.171999988555909
66.05200002670288
201.05399835824974
50.340000157356265
91.36599980354312
19.917999877929677
43.46999998569489
47.223999633789084
6.899999923706051
25.823999967575055
164.77199893116955
22.218000040054335
11.36000018119813
63.37200020313267
3.4600000381469713
49.67400032043457
6.6959999656677205
130.13599955201158
47.80199963569642
13.177999954223639
11.27800011634826
155.74400079727167
15.701999931335441
87.555999519229
6.470000047683714
92.35399975776672
20.942000102996815
7.7759999561309705
14.86200011253358
76.87799998283384
174.38799962639803
44.67199978351592
7.036000051498413
26.57799976348877
321.8879974937436
16.721999750137332
171.3119997978211
56.25199941635136
9.434000024795518
19.329999990463257
48.2759995222092
6.945999994277955
27.36599986076356
11.106000185012812
16.652000083923365
31.124000177383405
35.44399991989137
11.737999887466428
30.418000302314766
17.424000196456884
12.175999927520747
48.71000016689296
25.34799988746644
29.64399995803836
7.1780001640319835
219.19999817848193
193.16599851131446
62.29800022125248
53.20200017929074
65.68200052738189
85.63999984741206
176.58799848556524
13.709999904632573
25.329999594688413
6.132000160217287
51.08000032424929
44.040000054836305
39.47400005340577
19.202000055313132
59.27599992752076
16.869999961853026
17.245999898910508
15.340000162124628
31.808000216484064
12.673999919891342
17.39599996566773
91.25399905204772
8.174000091552736
6.349999914169316
8.470000143051152
20.5120001602173
27.40000027656557
16.573999977111807
71.10400014638903
31.098000011444093
34.38599998950957
32.22799993515015
2.3019999313354487
53.43399985313413
59.46600034713744
113.84599934518336
19.88599979400634
126.38599915981294
14.848000078201297
1.5020001029968257
50.21400018692017
15.27000005722046
72.40800018310543
39.416000242233245
21.026000013351428
5.674000053405762
15.665999975204462
63.450000391006455
58.29400045394898
48.554000263214135
27.111999988555894
173.73599814236175
8.280000009536742
186.06599918395267
2.747999868392939
11.860000000000001
17.87599977970123
18.945999984741206
12.268000040054314
38.614000215530375
118.53000076293944
56.231999592781044
13.767999935150145
34.05200024604801
21.310000085830676
23.90000022888182
8.027999935150149
4.813999938964839
58.2479998588562
36.5599998855591
54.429999728202844
189.91399844169607
37.56999999046326
15.199999990463246
75.18800037860865
7.121999969482423
46.66999993324281
10.201999921798706
3.1139999580383315
27.007999849319454
40.2859997558594
7.425999975204466
11.535999822616567
4.793999910354611
33.55599964141846
14.329999933242796
7.560000057220458
31.471999740600587
89.09600055694587
207.09199956417075
1.5279999637603743
88.56799982070929
6.0280000209808335
30.379999980926524
21.47000009536745
19.00599990844728
132.81399930238723
45.21800029754633
20.763999986648564
12.81600005149842
12.291999921798697
7.297999992370607
12.498000049591079
84.25000009536748
74.63400014877318
70.9400004863739
44.2739999961853
23.74800008773803
18.711999979019176
3.8920000076293944
18.367999954223645
8.088000106811526
104.00399934768673
12.65800012588502
10.587999820709237
10.781999864578244
