7.775999989509586
9.48600016593933
25.27500000476836
45.118000030517585
34.468000192642215
31.249999737739554
8.984999947547912
19.13999989032745
25.693999714851376
36.782999877929676
24.590999922752378
6.635000228881839
29.30100004196167
15.887000117301941
16.2149998807907
61.07299948215486
6.428000183105468
73.73500073432922
56.647999725341805
48.615000061988844
9.235000061988831
38.181000118255604
11.826000037193296
36.15900012969972
258.72199839115154
14.364999790191641
138.01400049209593
13.291000118255619
37.58500018119809
29.437999558448787
15.67299990177155
70.06800043582915
29.41699991703035
6.996999940872191
22.60899988174438
37.69400030136109
21.555000100135807
16.55900016784668
29.902000188827532
166.07099934101106
39.44500005722045
31.482999806404106
34.092000102996835
26.169000210762004
83.02399968624111
13.669000072479252
28.342000031471247
39.02400032997134
9.65399999141693
114.38200126886368
92.41899991989139
35.4929996299744
31.046999835968016
11.599999895095827
10.558999972343441
12.284999990463257
11.862999830245975
14.35900016307831
18.083000178337105
143.2909999394416
25.96500023365023
33.180000472068784
54.11399957180024
128.89399994611733
16.716000003814703
40.58999994277955
39.17100023746489
6.375000038146969
48.02300034523012
37.92399968981743
32.58699986457826
49.00300031661983
23.089999990463262
13.505999951362606
12.117000126838686
20.601000041961672
8.861999773979182
13.800000185966496
45.373999977111815
217.60299890756605
27.689999766349803
5.435000138282776
17.622000031471256
8.851000118255612
16.31799983024598
68.47599939823152
6.959000029563902
41.89399989604949
23.363999876976013
10.673000049591064
6.6320001411438065
45.79400000095368
48.18400004386903
6.784000144004822
37.219999876022335
98.61200015068061
19.779000196456924
232.3609989213945
279.51999985218055
8.239000043869014
20.062999920845023
47.744000244140615
80.28899995803825
66.00800046443942
15.304000000953671
10.515000100135808
35.439000058174145
59.73299988269806
44.92299993515015
34.59499991893768
76.50100018501277
91.94400041103367
82.7170001029968
8.522999992370602
55.443000016212444
20.12799986362457
66.91299977779387
36.62300003051759
25.144000000953678
9.217000122070319
70.00599969863893
27.573000121116635
12.798000068664551
33.164000072479226
15.533000154495243
29.30800022125245
41.17900015830993
83.36099977970123
16.717999835014343
76.03500120162958
38.22600014209748
43.20000012874601
37.565000262260426
14.543000216484067
21.236999931335454
44.96899998188015
14.705000061988832
126.02400000572204
43.984000020027175
55.59500000476839
41.75200000762944
34.39999990463256
7.841999812126159
17.974000134468078
10.742999973297113
20.02700006961822
27.979000196456887
11.033000044822698
38.989999928474404
44.22200013637545
57.961999802589396
2.6290000820159904
29.71800008296967
32.05699958324433
16.865000133514407
23.850999917983998
11.089000282287595
5.752000026702881
14.332999963760384
68.82799965858456
40.17099959373474
24.723999867439293
25.249999852180476
4.879999904632571
19.15699984550476
3.8850000095367436
8.358999996185299
28.77999998092652
267.8429976475239
63.27800109744073
10.644000220298771
56.60500093460084
11.211000032424918
15.53200011253357
141.4019990944863
6.445000061988829
3.4330000877380358
67.8449999129772
166.32499905586246
65.31499987125395
8.66699993133545
20.19499982833862
41.0629995584488
15.106999731063842
63.32799966335296
23.447000041007993
5.022000012397764
13.88399995803833
40.03200028419493
64.35900004625314
160.40699882984163
20.591000161170978
3.7469997215270947
33.054000096321104
307.8499970448016
26.540000519752496
2.391999821662901
28.750000057220454
61.670999908447264
36.07299980640414
6.693000006675724
148.68099924266338
7.470000109672555
51.30199987888338
14.563999867439273
7.447000017166138
34.23999992847444
8.437999877929679
20.465000152587887
241.3399979352953
201.66399906635277
10.1530001449585
21.176999840736386
9.403999881744388
26.80599995136261
39.79499992847441
11.834000043869027
2.6969999217987075
395.91899601936325
20.50000020503998
165.26599999904633
74.57699997901922
37.07000059127809
30.990999560356112
77.45300019204613
37.7229999637604
8.095999922752378
15.912000117301936
144.56500052928914
38.154000029563925
29.602999911308295
29.06999992847442
17.786000185012803
23.591999826431284
7.501000046730048
17.070999903678896
132.54899878025054
7.521999907493595
14.365999870300294
14.502999944686893
24.023999948501594
7.467000041007998
12.924000067710887
146.8570004081726
3.6610001087188713
18.198000249862663
11.586999878883365
12.048000020980837
10.953000001907345
32.52999984264373
10.71899973392488
10.256000032424936
27.126999883651738
12.046000003814706
76.25799985140556
82.21199974894525
20.3980000114441
8.694000115394592
20.452999944686898
41.90200036048893
4.382999901771544
64.4090001487732
13.296999950408935
16.75900011062622
67.91199963092808
8.915000081062322
132.09799956917763
13.568000078201297
11.938999953269954
20.79699986457825
15.714000229835515
93.80499983265999
6.554999837875366
38.14200028896332
172.24300081253043
5.533000054359434
37.33800017356873
18.685999865531908
12.491000189781186
63.90699988365174
32.88199967861176
116.8569992613792
11.46899985790252
5.375999798774721
21.42799999713898
27.69099973678589
22.841999955177307
18.540000114440925
50.609000177383464
82.05699931144713
7.578000192642211
18.724000129699697
15.15999987602234
5.815000038146971
23.477999992370613
17.015999903678917
9.087999944686892
18.109000058174136
274.75199735164625
61.34500026226045
43.266999993324255
9.496000075340271
11.890000262260436
132.8709995222091
143.42199896931652
6.957999968528751
33.48700030326843
12.292000093460093
6.544999909400943
53.96599988937377
40.602999973297116
19.11799963474273
18.971999893188475
28.27200019359586
20.998000125885014
144.17899940490713
19.387000060081476
18.3229999256134
9.634999976158134
19.243999843597404
34.98200000762937
35.52299999237061
225.8200006055831
8.988000006675723
160.83999831855297
9.345000133514398
46.14700032234192
5.555000195503234
29.035
5.420999870300295
11.783000040054324
31.324000005722056
24.11000002384185
14.638000297546386
8.359000058174134
297.99099741697336
23.34900025367737
12.980000200271615
26.90800036430357
11.91600008487701
68.62599934816367
108.38299990177161
3.4229998588562025
22.482000203132646
30.75699995517731
51.094999451637264
11.651999888420104
30.078000035285946
16.170000076293945
32.14799956321719
94.7129990577698
31.69599960327148
27.852000389099103
72.64100035667418
2.8709999084472635
45.57000011444091
9.589000062942507
61.62499974250794
5.627999777793881
97.06399948596952
14.941000013351438
43.008999891281114
4.853999953269957
47.88100035667422
142.5169992625714
22.624000148773174
8.633999867439277
21.9280001306534
19.000999975204472
19.50699998378753
49.18500035285948
11.103999938964847
42.959999713897695
34.030000128746046
28.417000198364246
130.3159993624686
28.637999739646915
93.69800010681148
112.06799887746568
97.83799890756602
34.9129999780655
16.050000119209297
16.120000023841857
16.77899999141694
20.638000016212473
34.0430000734329
43.382999882698044
38.50599949359892
16.231999945640553
108.16400049731133
3.8389998626708963
18.133999853134156
375.8249965810776
17.484000034332276
8.887000031471258
27.2420003938675
4.177000026702878
43.69099996089938
10.064000000953673
60.155999860763536
11.795000166893006
145.43399922370918
42.95199979782105
21.10299983978271
204.86199862957005
6.061000056266785
61.462999653816254
5.89699997901916
23.430000233650198
16.541000156402593
6.507000012397768
6.9459998703002945
7.189999990463258
27.490000462532052
11.117999954223643
12.915999860763554
21.62899989128111
135.26099964141846
9.02400005340577
297.37799773171554
6.951999883651734
39.523999991416936
5.78300004959106
54.39600079059604
11.867999901771537
5.659000091552736
19.516000003814703
11.263000044822691
54.8729990005493
58.671000003814704
26.57099992275241
47.39199984550475
14.418999991416921
49.038999958038325
8.63699999332427
334.62799707889553
17.210000009536742
33.969999961853034
8.756999950408932
12.283000111579899
12.014000048637389
20.50300000667572
5.922000041007995
44.79399985313416
19.982000055313097
32.80500022888187
60.971999826431286
177.73899929761882
14.813999700546265
5.109000024795528
65.75400008201598
199.7139984679223
49.92600036621095
88.99199995517732
19.95299994468688
43.17899992942811
47.649999632835375
6.690000038146973
25.733000025749206
163.33899906754496
22.38300018787384
12.300000042915345
63.20900006294252
2.5489999055862445
49.19300024986268
6.926999936103825
127.71499977231026
48.75399962425232
11.442999939918513
10.03700004577637
156.06600087165833
16.555000076293954
87.48699965655803
7.100000181198116
91.926999707222
19.881000022888177
8.398999886512755
12.865000109672543
76.83800002098081
170.64599958062166
44.81899980545044
6.87700002193451
24.474999804496772
304.9899974441527
18.420999846458432
169.6499996948242
57.4229993200302
9.23199997901916
21.162000041008003
48.558999509811386
6.657000021934509
27.594999985694894
11.909000101089473
17.074000105857838
31.10700001716613
35.632999801635776
12.70099980354309
31.460000486373893
18.20400023460388
13.148000006675723
49.066000151634235
24.805999951362605
29.959999885559082
7.108000168800354
215.32899825096123
192.1319986152648
62.4630002593994
54.29500019073487
65.17300041198733
84.95699996471406
175.9929985046386
13.12700003147125
26.498999719619757
5.630000147819517
51.17800033569334
44.78500017404554
39.16799993991853
19.927000117301947
59.972000026702865
15.088000020980823
16.955000071525568
14.947000274658196
30.96100010871888
13.115999917984022
16.299000058174148
90.76799898624421
7.706999998092654
5.92300005912781
8.515000309944151
21.174000139236465
27.453000140190124
16.380999846458433
71.60800038576127
33.05400000572205
34.88299981594086
33.026000003814694
2.365000004768369
53.992999796867345
61.06200060367588
110.03199912965295
19.637999672889716
126.17899907588959
15.691999993324275
2.37000006198883
49.93800005435942
15.883000016212465
73.16400031566616
39.50700018405912
21.812999963760376
6.097000074386597
15.727000064849852
60.577000336647025
58.065000553131114
47.59200029373171
27.09399981975554
171.79399815380583
8.433999872207641
184.4879990938305
2.075999927520751
11.817000112533568
18.895999851226815
18.77799988269806
11.716000018119814
37.438000144958515
117.30200080394742
55.99299961090087
14.562999911308282
33.537000203132635
22.06899991512298
24.51300024509429
7.762000064849854
5.064999938011173
57.785999898910504
37.27899983882904
53.764999637603744
189.77899841785427
37.6890000152588
15.548999962806702
76.06500039100646
6.982999925613406
47.16199994087219
11.354999856948856
3.704999833106995
27.60499973297119
40.30399989128116
6.951999979019167
10.039000005722041
5.0739999723434455
32.51899975776669
14.36699990272522
8.478999991416927
31.43799977779389
88.85000047206879
206.2109994649887
2.251000008583069
87.81299982070921
5.21599999904633
30.33899985790253
22.51500019550325
16.963999924659735
130.54699926614757
44.56900010585781
19.40800014495851
13.362000041007994
13.6179998922348
7.032000064849852
12.244000086784359
85.0079999542236
66.82800013065346
71.19300046443938
42.77400007724763
24.583000116348256
18.76600008010863
4.306000032424925
20.0039999103546
8.62600009918213
103.3549994516373
12.2699999666214
11.626999912261958
11.50600009441376
