9.40600007534026
8.238000135421743
8.20700000286102
0.08800003528594864
14.12900013923645
6.035999994277948
13.642000055313112
12.382999968528749
12.585999979972827
9.583999834060672
4.614999880790709
19.017999982833874
24.150999770164486
6.2010000038146975
0.7330000162124635
22.010999567508694
6.691000080108645
-1.6179999637603761
0.2500000238418588
18.520000057220454
4.863000097274777
8.509000129699706
14.179999971389769
9.888000154495245
11.515000000000004
16.16899983882904
20.4609999990463
15.293000292778013
4.8089999437332125
1.2479999732971188
15.435000066757203
8.504000010490419
30.090999628305443
13.46699968338013
9.636000022888178
10.863000125885012
6.418000240325925
17.29399977684021
0.7570000600814812
4.317000069618226
-0.04099998474121121
10.451000099182135
38.882999966740606
5.958000173568728
9.310000061988832
7.968000173568726
22.5460000935197
10.53600000858306
16.18800002098083
5.962000017166134
9.542000076770776
5.762000055313106
16.202000184059145
16.15199975490569
9.925999965667723
7.111999893188478
3.619999952316283
7.219000034332277
1.3389999532699572
14.948999881744392
1.5260000324249252
9.93999990940094
15.763999557495119
7.404999957084657
2.2290000677108766
12.601999897956846
11.014999976158144
12.864000182151798
11.013999996185303
20.077000379562364
13.567000222206115
18.46999981164932
15.675999927520753
2.542999963760372
13.698999657630914
4.724999890327451
8.629999904632577
7.479000058174136
