105.51063991279592	61.88600012302398	76.78600004673001
72.11272031440738	67.13000021219256	64.5319998419285
6.892799887466425	79.33399978503584	74.35199974536891
12.617840395927445	65.5939998936653	77.16400009199984
24.77944049530028	105.84599986538292	150.27999935433277
7.185359548568728	65.93999997615819	65.59000014066693
27.492159960555966	63.41599986553192	61.51199990749361
14.71391991386417	62.355999971628144	68.62599992990492
5.32391973381042	78.69800035282972	66.15600000143051
18.062960258102404	62.94999998226767	65.9839998793602
10.119120432758335	70.76399961873884	71.08600014924994
28.56392041778569	56.978000077754245	71.48399993777274
19.94631972007754	67.03199996039277	78.48200001090761
6.19784029808045	61.58599997952583	66.9680002403259
2.192560033798217	64.00400009870528	69.72400008082388
6.05576028404236	64.62399968624118	63.103999950885786
13.77336006393431	60.84200002074241	64.59999997615812
2.1559999862670844	58.06400006055835	72.03400017499922
36.79223984565734	63.296000003814704	67.85399988889688
5.917519994735724	76.0339999461174	58.93199980527165
19.20152049026486	64.76600023984908	67.85200011730193
6.194480044937141	71.094000044167	72.33199994087212
1.9946403293609574	77.08999993234869	68.82199993640188
10.179840018081684	85.28400014683609	71.96999994039533
14.078799957656862	59.387999644279496	65.63000007629398
15.989760014724727	65.34199989080429	66.20000006675723
4.477920099639888	66.27199989646675	73.81399974584585
8.7163999267578	76.01399959996346	62.390000041723226
8.862320048904431	80.01599996238946	65.28799993231885
8.846319469833375	66.4000003285706	67.34000001430509
3.7685602481842038	67.21599996030328	92.88200032830227
7.78816019592284	61.403999958485386	71.38400011390448
12.408159453201295	60.161999952793124	69.12399981975555
5.047119848632812	66.71599996805199	68.93800003528592
-2.118560014724732	62.4119999170303	63.47600036025049
11.762880047607421	74.87200021907692	64.44999997138974
4.887120197677618	70.35199966818092	66.20800018906597
-1.5976798675537036	60.35600004792212	68.35400001525882
58.78704061508179	62.92599985003476	73.10600032329553
9.49375966796877	70.11200028717515	74.74399981021881
20.886400263977027	61.99599993169313	67.41600011825565
19.160080068588268	64.76999982073897	80.68199962615972
9.461680244827269	72.36800048828123	81.94199972629549
4.711519639968865	65.3900000464916	68.20999976634985
9.313520302200336	64.79799984708431	74.04399993896494
-4.929360499191281	60.849999896138925	71.61000023216008
6.611600059127815	59.21799995809795	75.94000023841853
4.696640111541749	82.59799997001896	64.92000009059903
6.366799823761003	68.10399979114531	65.33200005054478
21.776320356368988	62.47400024056435	68.02600014358761
0.5679202983856155	59.443999768495544	76.32199978828427
-6.1458408454895075	62.576000081002654	69.38200003385539
2.452799907684327	71.66400009900329	69.01999997377396
6.32144043731689	74.27199957102538	72.17000011920923
36.23880045928954	60.327999964207415	96.73000039294354
4.930000565338137	63.469999923706034	75.63600010871882
13.685519931793209	66.56600007206201	70.48399998307228
14.555360460662829	71.69600000426166	88.99800023555757
5.682319919586189	67.69399981856341	62.74999991416932
0.9208803325653031	65.79000017881398	67.8280000019073
-5.2424802658081	63.126000138819215	77.63599968314173
11.773919527053824	63.02199997738002	68.04799995064731
9.35384014701843	66.5000001800061	68.50399998262529
46.574719631958025	60.853999987840666	63.90600022792813
0.17527989196776447	56.07999999880784	65.1540000134706
34.37632006912235	76.9440000867844	82.27400016784667
35.88216032829289	61.5519997271895	65.37600013256069
-0.6701600055694483	67.5500000190735	85.92000003814707
18.474559989547696	65.71800034418693	71.81599987506866
5.535119869995131	64.33200009107581	64.94599990487094
4.111119501113893	57.34599987268448	71.1780001321435
15.09279976387024	64.33600007534025	68.34999980211255
18.037039956283547	80.21999949857586	70.40400000929831
15.161120287322985	61.28800002455709	70.23200003623961
5.355519730758661	65.90200002133848	73.16999999523162
10.609039719009395	63.316000105142614	68.16800016880039
5.711680284500123	66.39199977993965	68.01999970793727
21.240159569931034	63.025999969243976	66.70400022655728
36.337519293212885	62.37000003844497	67.24199985504144
20.248160202026355	62.42400004267695	66.18599991872907
3.77487987442017	57.83600011467934	63.05600006580352
4.918000071716304	68.54199989557266	67.6140001133084
-0.43888006935119794	64.5380001755059	68.38199993133549
12.444240366363527	58.831999913007074	66.82399992704391
37.88720059318536	73.15200004458421	62.07599992036822
24.209279870605446	74.66600048899649	75.02400030374523
15.21112034664153	77.273999928236	70.12399993181228
-2.791120010375982	70.06599981665615	65.51000004440546
14.760000225830064	68.96999992370603	69.01399986743931
262.57975925788946	57.082000206261895	88.04599988639356
3.997920468139649	68.69199996471407	79.74199991226202
2.6888002220153764	98.07199987173087	81.83199979990714
4.441359958648682	66.2739999246597	70.10000024795534
5.741999921417232	62.27200001597399	86.07599997043607
2.0143198385238597	53.918000149428885	66.29200026065104
12.246560147476186	62.41800000399345	70.2479998397827
2.944959620285027	62.06199998661877	70.15399979397652
14.149040214538568	74.00799998804933	65.12599980980158
1.9559997276306231	62.63999995708461	73.05800005197513
12.028800689315794	76.09200005769729	78.02799997523428
179.38343934803012	165.22399940371503	131.49199933499108
27.27008026962279	70.5760000503063	70.37399995952848
14.521760284042342	65.37999980330466	69.89599973797796
11.512480021667491	61.22599991202355	63.308000130653355
7.2322404506683435	56.149999920129794	63.64000014781948
11.969999689102188	75.67000028192997	76.43799994349489
8.458960387039182	58.97399994134904	112.23200056225059
20.65080026550289	56.98000011444092	67.61600008964541
6.390480068588263	71.10799985885622	69.5919998323917
10.097040478897084	65.11400005698201	62.85000013828278
6.5080802593231235	56.05799986004829	66.27999998569487
17.009920587158206	109.44600026667115	71.30600014686581
9.141119683837914	66.60999989271163	65.83800024807454
8.344319551849349	66.89000030323857	73.16000000804667
17.031999662399286	64.56000015735623	64.11000009536741
13.794000042343114	68.04000030875204	67.22399991989138
17.289200441741933	74.48199979469172	71.17800005435937
43.27231985664368	57.66600007057186	68.75800024867053
5.298720170211809	70.38799984097484	74.71599997043603
-0.21656003532409257	61.88800006151202	68.94800019741054
8.44063963165284	72.57799991250037	72.3380001592636
0.3995199554443367	66.92400003314015	68.65000010013581
19.271359946441617	64.31600016400216	67.83600013256074
-1.9963996158599897	93.32399968370801	71.4159999847412
2.919760002899165	63.455999958515186	79.05399990081786
16.353439961242692	70.81400028198952	65.6479999637603
6.383279913330072	85.58599995672701	78.982000041604
11.363279872894294	69.3739999830723	80.48799988746647
4.857360049057009	75.67399962902071	56.777999852150735
7.085600183868415	56.17800009578465	70.32800004005428
9.387199978637694	65.91999986618757	76.68999977111815
13.35888015403747	59.752000118494	65.80199978262186
1.8450401657104525	66.68399996280672	73.78800006628039
-3.931200109863277	69.4620001335442	72.08799973964685
-3.4127204273223875	62.44199997946623	70.67399998903277
8.609519954681398	64.42199992328888	89.7640002059937
20.162399929046657	69.94399990081789	72.67399982020262
10.40927989540098	76.37799971818923	75.0120000433921
17.50807998008728	66.47200003236533	93.49800026535992
15.53183985328674	59.559999904632534	63.78399990320206
8.304000389099139	61.77199982643132	72.41199982166285
16.511759811019886	70.20999982237817	62.013999991416895
33.17263991012577	61.462000212669416	73.66799993991856
5.216319908523569	62.309999904036516	67.17000001221892
11.35872005386352	67.83000018417832	68.68199991703031
30.834800165176414	64.51599992185825	73.78999989867201
2.517599604797361	63.618000118732404	63.67999991893766
9.914799983978263	59.623999763727205	62.44800010442732
3.549359920120243	74.07599992036823	62.51399996280667
17.2595997577667	66.39400026321412	96.94800017446275
8.585600709533688	67.55599980473517	64.47200006484988
9.257119938659672	67.29999975502491	68.18799996376042
36.00047986564638	63.32400016546245	73.31800016403191
2.621119895172126	61.75200001955029	67.11999993801119
29.782479786491415	66.26599993586545	64.26599987506874
21.671039966964738	82.71399984478948	66.67599999621513
29.22527972869873	70.94600002050402	67.30599996566771
2.034159738922116	60.13799983739854	66.3920000076294
9.342080540847784	65.57599984079597	71.18799974918363
-1.8243995296478404	64.6740001296997	84.58199990198018
-0.38903977546691987	62.36400004267698	67.84600002765654
9.470879995727534	67.26799989998342	71.23200014591215
34.27776051597589	72.96800024628631	71.5959999579191
11.432799869155877	80.81600027680392	90.32600003242483
13.069199913406349	90.29399973511694	69.70200011253354
7.311680237197867	64.6820001073181	73.8219999790192
25.967520178222642	64.45200020700686	71.63600021839143
7.005520011138925	63.31600025951862	69.83199981212616
1.2525598800659088	57.26799995660785	81.66000018000601
51.78176059246061	59.309999947547894	70.46800003439185
16.067040336227425	85.18599978610867	65.73600012779231
5.966720147323603	71.3320000123977	97.89199991106989
91.31848090057353	59.317999961972276	70.77199988126758
20.91055974845888	63.05599989175796	64.68199999332427
5.6722401645660465	60.482000102996814	70.92600008487699
47.9207198768615	65.59200013279913	76.38400003433227
-0.6670395469665504	66.48400009632107	67.90200017929085
8.621359543228147	59.97599995583293	64.08600012063982
7.856639914321895	62.13599996447559	62.75399990558617
0.7160807708740315	63.67199997901917	117.10000053003446
-1.3208800594329844	70.6559999477863	67.47399996444585
5.183199613189698	80.538000087738	65.00000014662743
23.367200473785367	74.05599968075751	97.5999997067451
4.372879936218273	62.878000155687346	69.55000006198884
11.354640282058721	77.38400024890898	121.06999988317486
6.487680020904537	84.10999964788556	74.84799998879433
-1.2959999252319354	60.250000007301544	66.09600016593934
10.152400273513813	64.67200018882747	73.86600001454352
-3.9251999866485643	64.08600010693077	66.75599990844727
12.449760332107525	66.494000171423	63.65200005203486
44.48584033050542	65.63599985420707	62.17200002193448
7.328240001297	61.154000210762014	69.46199997425082
-4.892719568634042	60.63800019890069	72.59599986076357
5.284159956741331	62.57399998903274	68.66400012016295
30.37199965171817	63.65200011268258	66.06600009202954
6.7042398090362605	78.687999919653	71.66799990370863
9.440639939117412	63.36000001192097	68.10199992656706
2.6263198699951116	64.86399986028667	86.19999999523164
81.6291996618272	57.3139998316765	64.95000020980828
5.317199779510498	68.7880001087487	71.29600038528437
49.12847925453176	79.24799965381628	78.38199975967412
33.93375935783384	66.39000000238416	69.50399996280662
35.06176001052859	65.95399996474382	66.62400002717973
2.134319894409182	83.4779996471107	83.98800007104869
15.577040027618398	61.30599996089933	66.52400002300739
11.923840109252913	67.07399985015391	81.3940001821518
1.7139200553894098	73.1319998937845	65.90799967765808
4.653999913024908	71.35399985551837	98.48600031942135
5.828960516357408	60.35599982261655	70.24999977588651
6.251679698944109	66.79800001144403	97.17400027275092
8.613119691848755	60.84799982264631	72.59199986457827
13.890480064773556	92.40999980404969	76.3660002565383
2.4800001441955635	67.1260000658035	64.80799999713899
23.342080018615704	64.21199985623359	63.788000049591
8.545840150070203	63.27600018143649	86.80000015974045
6.0926400882720975	57.00999993205066	68.88199999034407
13.611119608306879	63.87200017929078	64.09800001144409
3.1522402835845997	62.83400006413459	67.75399979308244
27.152879843902646	56.565999917984044	66.06400002717974
27.423120292663526	65.88799981653693	66.46399997711173
19.042879530715922	59.851999950408995	85.21600013971324
15.962480053329484	89.92999978467817	66.67599985122683
5.845280250549312	63.438000100851085	75.59199973583215
9.221199707031245	86.06800010621545	68.19199995040888
26.38431950798035	65.8060000304878	72.21599993705753
16.271119805145265	61.19599991530177	76.47200022220608
30.003280002212502	67.75199991822244	77.9500001430511
-1.0233600374221725	64.16799982026218	65.09999992415301
15.012559832382172	96.8960000470281	86.31199997425082
10.837439669799833	61.10799995899194	70.5179998397826
12.452559700393696	76.25399996042252	66.92399998903277
5.895199312210081	64.4320000457763	65.02599977493283
31.944320314502775	71.33200016021735	77.53200017333037
8.45184003715515	68.87999994874004	70.68999998927119
17.029039802169773	73.17599972605709	69.5980001723766
25.60952058982848	61.77000007390977	74.22799999624495
14.48384011688236	65.3920000225305	69.09000012397763
13.844480181503302	63.71400012850763	64.4679999110103
52.432560153961255	77.33799993365999	71.52600002765654
21.741039521026664	60.318000015020395	66.9519998455048
16.722719813919056	77.57000012397768	70.12600008964537
37.36584065017693	58.71000001668931	80.1700001148879
0.9604001396179234	64.03400021374223	82.46599976956841
3.6714402957916183	59.4900000876188	74.67599968910224
7.530479920959481	58.978000025749246	70.18400002479554
10.42280029182433	63.41199967458841	69.1420000696183
14.390480131530785	59.83999982833859	76.57000013351441
3.3575998558044424	62.06800008535381	62.932000018656254
21.666479813385045	81.64599987924092	66.189999871254
21.71808021240233	65.88200004100798	72.19600008010858
3.0711997066497885	62.29199974536893	67.37799997150888
-1.7724008230209432	82.46000037670125	83.33600020885471
20.222400264740003	68.22800002932544	73.92200006127355
-0.10615986747741912	111.10200048476439	82.17599997043612
15.596159927368165	64.01200006008143	66.11200000762932
9.150400123596185	65.70799986839292	81.08799985885614
96.61863963279717	65.57199997901914	92.48399970650667
3.138480004501344	69.8740000301599	62.990000025033936
20.61864008331298	61.08400003433229	69.01199990272522
-4.050240060043342	62.8740001897514	66.43199980258946
10.138720265197758	66.80799997568131	63.958000121116655
2.2680803211212153	68.96799988299611	72.22800016164781
37.01248010482785	68.26200008392331	65.52199995994566
3.0343199172973634	68.51799979805945	101.14800009965893
13.826480041503887	74.11799998283392	67.59799994707107
3.851360084915163	65.8080004549027	75.8000001525878
5.556479907226575	65.34599986910821	73.563999967128
9.271200085449214	81.7200004005432	91.42400025933982
2.3808800838470394	85.17199977040293	71.13199997663496
-2.9871199779510347	65.15400005295872	72.3779996907711
51.1327199855805	59.79199977442619	68.03000018119819
7.3159194393158	63.902000167369785	67.98000003337866
45.35328023834231	62.23000000834466	75.45800029635434
0.5204802539825496	60.67200009882454	65.53400015830995
119.80223945884717	60.76400006294253	66.59999997913843
9.10168018341064	64.16600010395051	67.48000000000003
17.65984021682742	64.88599998712544	68.79599985122681
9.983920057678226	65.56399983614675	70.60000011444096
1.2861603992462163	68.2380002522468	100.79000013932577
8.278480108261094	65.81800035238258	81.65399949520838
8.608640102386472	63.10199996709826	91.853999876976
19.64664049415587	69.09799997091295	68.08599990844723
18.039600685119634	62.29199981451037	72.12200001716616
10.621600053405787	62.65600002110011	96.21399986863143
8.50423985443115	67.17200004100802	67.09400015354153
7.338880139160163	63.690000054836155	69.63799998939038
31.268319973373444	63.652000224590324	75.5520001029968
6.6071199401855445	61.92599971055981	92.45399996995926
2.354320354461673	73.35599974274636	78.77599997758857
9.932639981460571	62.75799994230268	64.7300001335144
4.201599597549433	69.09799989819523	66.26200008153914
10.763439920043945	65.63199990093713	70.33799994707114
-0.78424002990723	75.552000208646	99.0379997274279
19.472160253906257	66.25399985790253	70.1879999029637
2.7972797500610445	66.74599992275236	68.74000020310275
4.7384804031372	66.43399988651272	74.23600000500682
9.848639588928247	58.638000016212445	69.92000018119813
0.47056008682251604	74.62600000858306	80.93999981060631
9.592079886245719	72.21999997138975	74.16200017169118
3.3476798019409184	69.70600016683336	69.54400012627245
6.729840029525752	70.2319997084141	71.42200002670288
5.466879838180539	70.50800043582916	69.37599990606304
40.67735962524415	61.85400026440616	70.79599988937382
27.879279937744112	62.064000182151766	71.022000002861
-1.9153604038238468	66.27800014495848	76.20200027942651
7.470559922027592	64.83600033760074	72.6700001013279
3.698400472259531	65.48599985957146	67.18799985885616
8.029360259246818	63.58599995017043	72.19000005722039
28.974719819259658	61.522000045776345	67.85199997305871
8.928720168304446	65.4060000362992	66.41399995326995
13.146400211715683	61.32200017809875	68.61199997186658
8.989200629425062	60.49200014710427	66.05200015068056
3.294240793991087	68.82200022727248	78.5199999409914
13.215119902038571	78.64800004884607	81.71399997800586
29.84976015243528	61.15800015151502	65.34200016975394
33.86951969718936	59.35399995729328	67.23199996471406
5.73504037971497	65.78199989199638	66.44400014370676
1.4329599319458084	61.784000334739666	118.98399940595026
16.61240014533996	61.40799980223177	96.4600000579657
6.380079818725591	79.77400010064235	76.60400002479562
8.735599573135357	64.56199986428017	64.78199985504143
5.500479958343505	58.74800019457937	64.7260000562668
-0.5937596000671272	73.92800009965895	65.73200011074542
26.77607973480226	60.63599974796174	68.3599997568131
-2.755440146636955	61.24999984651804	83.65599991083154
58.57959981117246	61.827999859303254	70.53399998426438
4.203360041427598	77.91800002455719	82.97400004550806
42.30439955368043	63.85799998879429	68.42400011062618
4.257120407867424	95.49400004386908	65.39199990749358
5.046559830093392	77.60000021755688	67.7740003156662
40.02127979621881	71.53000012159343	76.74199986457832
4.788399951171868	68.5180001759529	87.50599994897848
4.769839923858633	70.4540001006424	65.21599990040063
133.94600097923296	63.93800012201073	73.71800005078316
6.063679976272574	66.75199996054168	67.99999986410151
22.300080438613932	72.2839997935295	65.10599992275237
21.329920098114012	68.22799994111067	67.75800019264221
8.333679827499376	73.93399999380118	72.62599993705753
8.338719807815558	64.40599995136265	66.37799991220236
5.338319789123549	67.73600002646444	75.74200018599635
13.40695963363647	93.59600031137458	71.69599996566772
-1.5579998401641932	67.30600027561186	68.31200012519952
11.132400203704837	88.52000014141205	132.56199992299082
36.90607950363164	59.95400004386906	70.83600013732915
22.99063988189696	81.1600004148483	83.60399987459185
8.695520685958858	73.53400022700427	73.56199990272518
55.62904011154177	66.27599991500377	74.73600002288816
298.0706401929863	230.03599804714335	218.13399909019483
6.440240102005006	66.97599984362724	69.45400014877322
12.476720501947389	63.39200022518634	80.61999981701376
0.8900005256652896	82.28800000011908	75.62400027513502
8.854879917144778	70.51399998620148	73.41000004053113
14.924640297317517	67.94000009059904	67.783999915123
3.3290399642944286	67.46800014019003	68.5800000913441
3.0479200950622536	75.57999981969594	68.14600017935035
13.364479932403551	64.4939999310672	62.98600016415117
2.086799729919439	89.49800043553113	69.32199998736385
3.465519987106327	80.02600006580349	91.5820003604889
18.876320109558133	75.90399966657156	72.14999998092647
80.55440026512133	72.3820000457764	127.7419998270273
-3.5259999450683637	79.4499995572866	80.36799969434723
8.960240142440796	63.53199990510944	67.95400001764301
6.071919920349114	76.27199999615543	70.22000010490422
3.6738399219512994	68.04000019788741	69.4979998397827
13.788560324478157	62.40999987602232	80.7859998989105
2.4923199901580806	63.17200009107587	75.37600000739097
27.262319753265324	71.80399971321222	66.42000029563903
7.80024018211365	68.90000012606383	80.140000090599
2.292240044403078	85.7419997727871	70.1079999160767
4.710400793457035	63.629999978542344	74.72800002098086
25.19568058261869	70.93800009220843	69.81599976539603
6.403040172576912	71.27999992251401	83.8900000452995
10.734319779968267	70.47000002622596	75.97800002694132
5.7336799266815195	67.9800000360608	71.56999999046324
4.799039961242674	63.80200007915497	65.12399988651275
3.3614399486541706	68.36599982693788	79.20800014495852
13.9208800956726	69.03999986648562	70.85000011920935
5.960320115280167	64.04600011587141	85.5379992437363
13.70839984626769	66.3680000853538	66.93399985313411
-1.8118402114868135	66.914000300467	79.36400009632109
11.71783993721007	113.04400030493734	77.87199982643135
14.141521010971056	72.18400019705287	70.5239999008178
67.10240011367802	65.52799989551302	70.89800029873848
4.8860802383422826	64.34199998289341	67.02000009536741
11.632319751358024	64.6760002136231	69.85799990773201
10.406879836654658	65.23599984169003	69.53599985435608
2.9451198600769	71.16600003242493	70.27399984836573
19.05392018775938	70.04799982130517	74.29600014686585
37.86920025367724	62.29000006064778	71.768000112772
12.937840157318103	72.99200008198619	72.61200012683867
12.549520669937133	75.1959999370575	71.08800020411609
17.23975996437072	76.99800006330008	80.04800011157984
4.364799984359741	63.61400018125772	84.5040000176429
11.621360377120943	74.65600009918224	76.90800022602082
23.514319902801493	67.00599999904637	80.6759998291731
-1.3566396564483645	59.85400014400483	67.66199995517728
9.366559841537452	66.11599978446961	80.85000024676322
7.965759635543817	61.95799991577864	68.93200002670282
8.315359991455091	65.5459997916222	101.97400033235546
6.538800318527233	63.50000008255241	66.98200002670286
8.669040148162823	75.63200028419489	71.57199983596799
12.484720072555524	64.47399978667497	62.15199994325638
7.1743201419830385	62.474000141024625	69.75800021365286
13.023920399856577	68.70399990320205	96.88400023460387
22.04031999664304	68.86399995565417	95.46000015631324
21.103600143051143	79.17000024795527	61.27799999952319
1.489839566040047	62.403999958038256	74.78200021430855
8.368640034866322	61.17800004959109	70.93000021934505
9.44959988899231	67.9720000576972	82.26800013542183
2.211119837188727	67.82199995994567	66.91600011348726
9.73703981819154	66.53799999415868	64.26600011825556
33.82072026977541	59.43000014185904	71.03599986791608
3.1618401653289765	65.71199985504148	68.42399993896483
5.362800310516356	58.973999841213235	86.68400030791757
6.678560050582888	75.04200011685494	68.68399996757503
-1.5010405235290432	62.768000166416165	95.55800015062094
3.286080581665045	77.92200010061256	66.80199998855588
7.262239857482908	89.82799993365991	88.08200040832158
65.3660799858094	71.92199983716002	76.58599990785117
-1.4597603553772016	68.36799999922512	65.32599995136265
7.335040370178234	64.3320000576973	76.23600003242495
5.717519615173338	72.08800019264228	68.00400001049044
8.994400303649913	66.17600009322157	90.32799958199261
29.282800395584093	116.18199966430666	112.95599910706284
6.250560314178473	57.725999977737736	64.31400008320804
6.472080095672609	59.86400012254711	77.20800022602081
3.108960240554806	74.03000019848342	74.81199967861174
27.028720010757404	92.8560002017021	65.46400014638897
7.403280169677727	63.18399995535614	65.66999981880184
20.43367985725401	60.06600021362308	67.19799997806545
8.314320746231063	61.37199991703032	64.55999992370604
-0.33327948837281085	58.15599991932511	64.42400012016294
22.564320265579187	68.83000010967255	70.52599996566774
9.908080100250231	67.59799987077709	67.66399981737139
2.5552805393219	79.62200037479397	84.87799981355668
3.0299996894836485	66.40999984219665	67.12400008201595
14.977679996871949	70.12199983358384	65.83599984169007
4.109839403247829	73.51600015133626	95.95199962437157
0.17376006050110382	48.68800000488761	56.69400011241434
8.288880252075195	69.8240001618862	68.04000000953668
7.288159697723385	59.32200003147119	68.53400012254713
15.310559590911842	75.2659998512268	70.69599987834697
3.717599392700194	71.57800033330909	72.5699998497962
4.522320353317256	73.82200016453864	73.96800027832393
9.47120050735474	61.68400013208388	71.64599991843099
3.030320053863527	64.99800002947451	67.11600006580356
10.779919739151014	75.8260002049805	70.60399999141691
6.83864032974243	60.76200022697445	61.241999933123566
43.659280396652136	66.51599998250607	77.25999981522558
13.538320166778552	67.09000031650062	68.03600018024453
51.76416000175471	66.11000003695483	71.02999983310703
-2.622560092926032	65.65200016409163	76.36200011059641
38.62952000617968	68.71400001764297	71.96999985575675
6.784399823379516	62.985999979972796	110.18800007671109
62.37607993507386	67.61600003525622	71.83799977838986
2.5535196487426775	74.0060002660751	67.15200005531308
-3.2943201904296786	64.74800005435945	67.69599983096117
10.028480301284809	63.462000266313574	73.1080001479387
4.787280638885505	88.5700002324582	69.18399979114531
13.10040018501286	66.98200002193454	74.23400004386903
42.09839995918274	72.70800010144711	81.12400015354147
35.58568042716978	59.65199999094005	68.59199987471096
1.8596795989990298	60.22600011900065	73.04199986457829
14.86376015319824	63.2100001811981	65.23200020074843
6.636959444046027	60.75799982905387	65.53199998259544
-0.377039726257318	57.41200006425375	72.83400030851368
33.1593608127594	61.452000291198516	75.38200006484988
2.8863196804046645	63.54799969911575	99.35800032436853
-2.397680498123167	70.5319998133182	71.4260001039504
2.542400072479246	66.77199979543684	66.64600024938578
50.46151984214777	79.2039998373389	83.06800017595285
9.221199753952037	59.90599990189069	72.65600014448165
6.522639932250968	67.9660002869367	66.69199989318844
21.401519834136984	68.18400007039307	66.32799974203107
6.087759812164317	66.6239998395741	67.66200008392332
6.07511958999634	59.830000011920845	64.05200004607444
33.11159998168945	72.65999990269543	72.81200004518031
3.0265593059539824	71.80399983942516	79.40199994802484
5.478479963302613	66.85800007581712	67.50799996808176
-1.894480166625982	62.19999997138975	68.47000007659196
49.325439908981295	62.64199993819002	74.05799976915122
14.50888008689879	60.798000187426794	67.02199969708917
55.70112005920414	69.13799999892707	77.75999999225138
1.3602395595550492	86.2659998252988	79.45199996352196
6.933760292053228	77.47000016018742	100.62200030803672
8.579919972610483	67.22600014209749	70.40799995988608
7.852799821853646	69.84800006151205	73.23999999523147
13.198640652084357	64.40000006914138	64.02200002908711
9.936400141525262	79.788000048697	67.11399996638296
12.247119579696646	57.00400007724756	68.10599995136256
-3.360000438690185	74.17600007534026	76.0379998517037
5.747679946136461	65.91000016450884	69.06199990987783
27.968959417724616	61.67600017547605	71.69600003480912
30.220239950561524	66.4779999494553	71.16400020718572
32.759760269165014	65.69000017121431	67.34800004363059
26.02311987686162	63.04600011736152	69.95000010848044
21.58784049758909	63.64800023704763	63.66200024843219
2.9401597175598186	59.30399991035456	74.5160000777245
30.97511988830566	59.76799996972085	81.35600047588352
3.5618402549743613	61.93199995771046	99.91599986121057
13.842560944366475	72.66200004994862	65.61799998044968
16.003360203552248	67.81399998664854	82.56600035384298
11.358079949951184	65.75200014501809	72.7080000638962
0.3805601200103819	64.07399999260896	79.6360000562667
3.7137599994659434	68.95400022387497	73.09999976992599
14.538800127792381	67.60600032135842	70.49400006055828
7.273759860992431	75.24200030535464	69.92799984276297
-0.6211997398376531	63.21199999988078	73.57600032329555
2.6490403068542383	60.94599998950962	74.29800005763768
6.866160489273073	65.79200005769734	72.63600003242495
8.265039933395398	69.14600001692766	70.52200000047672
5.093359606552132	68.62800044894217	78.58800021842123
27.457439977264446	69.10599986195568	65.98600006222723
2.188239562225335	66.34199987366799	68.15800011634826
44.40119950065616	61.25399992704385	73.2399997106194
1.3635200595855732	61.413999951779864	91.27199971199039
9.680400242996217	64.17800005197519	71.12999975204474
-7.24191988449096	65.8520001292228	74.97200003802774
3.925360136795044	63.144000124037255	68.78999998286366
10.991280466842667	69.27599950492373	67.5719999858737
32.93703988876344	64.55600015163418	65.34199997901916
3.705599704742442	59.74000016361473	67.23599991053342
2.2330402763366686	58.58800006017088	70.92600001215932
10.902960310363794	60.795999836921695	65.52800000846385
18.21296033363338	68.76400006294246	68.91200015455482
5.035839623260495	61.63399999886752	66.38800001621239
-5.230240278625497	70.11600000783801	67.17600005120036
24.79215993003845	62.77999976918097	64.46800013780593
2.75231988525391	65.58200014442203	71.58599997237319
17.302240277481076	64.81000019311908	71.68799995422361
22.63832032127378	71.74600011825567	65.39400014877319
11.573039611434938	80.8959999501705	73.12000027179718
14.839200024414065	73.24999992430205	70.7859999084472
4.555839559936518	100.22400053739557	58.883999879360225
5.679360121154794	72.67800028800963	85.05199990913268
20.08807965164184	59.99800002336508	62.159999943971656
9.129280086898804	58.187999966144595	79.52200039505955
424.8700774833673	72.15000019550325	69.0679999637604
-1.166559791183463	60.49399999976155	64.40799999237059
27.16968053321838	64.8259997761249	71.06800003051755
4.652559860610959	70.83000017166135	69.92399994373316
13.738560012435922	78.05000008821483	75.95200007915498
11.09191965293886	67.6759997220338	81.72999996781347
29.829919483184803	63.57400006443259	72.37600000858309
30.516400442123448	67.38800001144406	71.75399995863435
5.0001594802856415	71.76800038337704	68.9400000028312
5.226240293121338	72.86400002002712	86.7220002506673
-1.1838396606445325	65.40199998855596	70.94400007784373
6.690079934310909	58.2079998984933	108.66599982619282
8.96992022972104	68.56000009298323	65.21800013124944
2.6936000568389833	60.65200011253358	69.93399983406071
21.680880255508367	78.71199990928179	71.81400000050667
9.673599982070902	68.27599990129461	69.90800030231475
8.971120034408585	70.72199995875359	63.36799986839286
-0.15536024627684833	64.89800012826919	68.41999975979331
6.643280351638784	60.865999996662104	77.6319999742508
19.97175984344484	63.69199997067453	69.13999978244307
278.3601595272061	84.28200000166896	65.62800011157991
12.95464045944214	76.28800001263616	68.82000009357927
10.535279919815066	63.32000016123058	62.8720000076294
-0.6560802139282176	75.96599969148626	82.83600011825558
1.9864801239013632	72.5299999907613	83.8659999883175
30.792559342575117	85.39600054040544	76.09799979209905
5.32848026084899	63.84000005245209	68.02600008606913
7.390320084762566	84.22400007948275	67.5920003563165
34.21823947372438	63.05799994170667	69.5779999256134
114.841040325546	60.683999979495994	68.22799997806553
-0.4858396259307831	73.60000022888178	101.34800046756867
53.00640016975413	63.72400012314319	67.39000002220273
-2.5601603408813403	63.26800012588494	71.37399982452392
26.90479962730407	81.34399999022476	74.62000002384184
-4.957679556274424	64.818000152111	66.37800009727476
7.048639374542233	59.989999988079	68.62600002288819
11.824080464553823	69.49600028991692	71.74400012493135
3.4752002368927037	66.10600001811977	60.39999995231628
1.3696794357299762	69.16799970746045	69.2860000300407
2.437040003967293	65.3120000390709	64.64400019645691
3.7656805282592747	61.58400018930435	63.103999865055066
30.273199860763537	63.78999999761581	70.65599994942535
2.2660000015258825	77.64199930310252	103.41800029635434
28.016559706115785	61.117999901771555	69.63999996185294
22.188240565490748	66.18800026476379	67.69599982738498
4.5381598587036205	68.87800004020335	66.82599992752073
23.43944045257569	78.1939999389648	156.92600003361719
8.876960531234756	62.54799994707108	73.29400005817413
19.613279905319207	81.8140002799034	68.51400007009505
10.543440827178939	67.4359999668598	71.8260000002384
2.2875200447082564	66.96000002235174	69.93399992853405
8.252719534683223	60.94599999666211	65.82799980163571
4.591360003280644	96.5560004593431	68.60999990463257
17.825439793777463	60.43200000286104	70.17000014781948
9.086800214004523	60.12200007706881	78.44600013494488
14.262159976196298	61.61399981498716	79.28799999043342
1.2383996112823477	68.57799983024594	64.93999995112421
-3.952480497360229	68.46599955275657	76.80999994710093
5.888479553604126	103.00800018966204	67.79599994182584
42.29767935256975	67.72200006961822	68.67799984216697
13.379599982833845	71.15599993944174	88.6339999532699
9.474079462814332	62.18999993711707	68.88000008344653
3.9762403129577635	63.48600005388261	66.74799989700315
7.366960433197014	63.85400016784672	69.08599994659423
-2.869120142745977	66.39400003910062	67.15599989533423
7.0064799743652335	69.59800020933153	95.29000032350412
9.728879996871935	66.27200045436624	70.49399995088586
7.595920069503789	65.35800014019016	71.7019997525215
18.515200082016012	68.97199995294216	64.83200008064506
3.4159997600555494	80.69600007638321	86.45800009876484
-1.6995196144103988	73.23800006628028	62.99199998378752
19.8447200782776	65.52200011253352	65.8360001087189
22.12568042449952	111.27400035917763	64.03200001120574
3.948159907531736	67.78199996471406	68.20800016403196
33.52671998596188	89.7820001852512	87.58199978351605
8.124959754180903	75.95399991393086	68.35000017762182
2.4100795875549372	70.61800008341666	58.387999985218094
6.501679545974733	58.33200013399123	64.64000012397767
8.362640097808837	58.712000079154954	67.96400004297499
18.32496018333433	70.37400002151725	66.51800022691484
62.07423967590337	66.63400020360945	72.60599984109402
0.012960316848746156	86.5480001068115	67.61399966359137
1.7275202705383383	63.78600006818776	62.72999991178516
0.17759987716674225	76.51999994963407	75.86400035142896
8.828719870758063	77.2339999580383	82.23000053763391
10.031280289077781	62.51400006771092	70.70800009012227
7.279599885177608	64.62800015568732	80.21999985218045
3.0354401660919215	67.29200023531912	71.34999980807301
12.461760327911376	70.02599999547009	66.11400002241135
-1.21640012054444	67.44199991315604	64.81200002908709
23.420959996414215	60.0199999117851	72.82400018543002
14.527759941101055	64.5540001940727	63.56199994683259
3.0098399524688597	65.757999765575	63.79599995568389
3.5279997646331895	66.53199988871812	67.94800017639996
3.7840004154205236	59.14399982452395	75.96199968785047
3.111040309524545	61.53600017309184	72.47000032186513
5.727999999427794	61.49199988603594	76.90399997711182
4.923360508346562	66.35399987339976	66.76400021672242
14.988879740905757	67.6960001373291	70.68999993801104
4.374079827880851	69.11199997663499	80.7379999518394
17.226400370788575	61.57600000858307	73.02400014877323
14.469119593811056	76.44399993807085	68.74400004863737
7.890400098800651	58.42399986386299	78.62800005435936
5.334879947280873	82.01200030267232	75.1399997673929
25.69016000442504	68.56000017642975	68.02200002670291
21.21216046028141	61.33400004819042	67.04999994426964
4.344640073013309	76.45200019836423	71.29999994158742
32.47303983078	69.67399992704391	98.74800021797422
1.6178405464172307	63.37799983501429	61.97399996280672
0.0823207103729322	68.19800004363061	72.4100001600385
11.653359938812276	65.17800017595292	68.84000010967252
10.838480128478992	66.83600016236306	76.61400002241136
68.17416006584158	59.10399986505509	87.98599959492677
5.397839839553841	69.16599999725818	74.70199993133546
8.304479872751235	61.35000022649759	69.42999986946586
92.07463927841165	71.70799985885617	68.60999978780745
9.20504022541046	60.423999941349045	75.34799978256223
4.1291999015808125	67.69600030303002	59.308000111579894
3.9710404365539613	77.12799995705488	67.87000002443789
6.076800208663925	71.51799988269808	77.80999998018147
-0.3326401906013475	35.83999995827674	50.635999946594225
5.641600168228139	73.5359999895096	88.28400000691414
4.4113596050262425	65.282000002265	78.16800002574927
6.894240197753897	63.04600022196773	71.70199997305863
8.77192024307251	59.699999986887015	73.02000007033342
10.049200415039065	63.276000004410726	64.09799995183941
1.8608811691284202	60.287999925613406	70.25000000476832
3.6248797443389935	81.84600001230837	64.40200008392335
5.299680351638797	68.47600018322473	65.39400011062621
-2.1299996994018517	60.81000010490411	61.53999998569489
12.996960618209826	86.26400009989727	68.24200007915492
6.2174401817321865	59.73199994087217	79.75199994012706
8.939599858856209	63.8620003214478	69.76200003623963
30.334480077362077	58.27199991703031	114.34599996730687
7.640240243911744	61.47999990880486	66.86199997663498
8.691280420303336	108.32799970984456	66.81599998474124
21.960160387420625	67.7380000331998	85.27000014305116
13.99495978240966	64.02600002095103	69.85200004577635
4.746400089645394	70.3060002961755	84.93999980330454
13.662800032043481	87.53400025248531	67.31599991753698
5.540240027618406	77.57599999904627	63.55200000762934
11.361600003433228	59.420000097751625	70.6620000377297
24.857680127334568	68.43800011396408	67.61799987792968
11.113759949493376	68.29199993848795	75.15000021576884
9.30128034934998	59.9920001590252	67.69600027918815
17.72328003425598	63.7920000147819	69.9419997394085
0.5121598609924325	73.19199989855294	91.65400015115745
35.239360698318464	64.00000001907347	74.13000014781942
9.488080110549928	69.40799977347254	67.74400002405046
-0.5144800388336244	60.097999780476094	65.1320000791549
24.525840153503403	64.37799978882074	67.72799994945524
2.6145602695465118	70.29400031089777	70.83799982070919
11.751999774169944	64.27799995422363	66.67000026702875
10.36224005699157	64.11400005578992	66.7739999055863
4.648160165405277	78.25799993038177	85.79400045067075
12.689759859085076	70.16799991846084	74.01999992847443
4.780879869461053	64.2440001256764	73.20799991130822
57.28815970573435	65.182000002861	70.48200018972155
8.88552024955751	84.58000051975243	67.9679998952151
47.78247949295039	192.15399929523437	116.15599929720163
8.681199771499637	125.09199946299195	135.24800063788902
7.611279905700682	69.78799993708715	94.29799980252983
4.290959920501697	67.47399979829781	65.36400007158515
7.7717596813201855	59.95600002765658	61.278000121116634
42.08968040618899	65.18000005960461	88.00200009584432
20.710479796218852	65.87600006341935	70.69599999427797
29.200079683685317	63.30399980306625	72.82800010949374
21.759760148620636	63.7040000104904	67.49200001001358
28.093999714279175	70.40399987339973	75.15400007724756
66.28736020507826	79.78600013494489	76.42800002336506
11.201119942855835	74.54800014078617	71.8499999809265
9.034719897079514	61.96799993813042	76.15200010299685
1.34040031738281	66.40399986267087	69.54999986410141
10.744799915695168	67.44400004506107	66.28999990463254
13.309760342788735	62.33200010776518	66.60199987411501
2.0432801891326924	68.60400024563076	82.6300001093745
13.484639897155768	64.20800008654594	71.36999997615813
4.496639700317391	61.57000007629392	70.2640001153946
11.651760002517701	115.1820002372563	81.53199978590023
45.18400046501165	68.1579998660087	74.21399992942811
13.04128021392823	65.19599997401238	64.45600002765654
63.13640056495665	64.30400019168856	66.27999985694885
18.638880125808722	66.09800003468995	84.63400004670015
5.412480086898796	65.3359998965264	84.793999607116
67.42111964073179	60.329999995231596	66.5999998307228
4.180959772491462	62.98999996662141	69.77400015443567
7.964239978790287	70.29399978592993	73.35400008440021
246.75832049522393	79.1239999938011	72.71999979019165
3.8129599742889355	71.32599963665015	68.86799986362459
4.7771196269989025	80.57199987709524	74.21000003248457
5.3659205055236825	77.55999969959252	71.3000001096726
28.97663996238716	65.78200017809866	67.5960000872612
157.68871929664644	71.63199969053261	67.71800008773802
11.6447203010559	63.90800009489056	70.88999990463257
9.062960412597638	67.91799983114001	69.60000007629395
20.263120523834207	64.353999954462	71.13999993801119
27.03320049438479	64.0140000483394	69.33600024700164
15.74328003349304	61.83399990677835	69.38199987173078
5.346879496765145	59.10999998807905	64.03199991226197
3.3845601078033343	62.964000046253226	89.79600034832956
4.609360065841684	61.77800004363058	67.32600004673002
44.7516798809051	69.74799996852882	77.53600018024443
5.025279544448859	65.84800016403193	64.59399992316958
8.861359946441654	59.14199981927871	95.5679999423027
4.315760145950319	82.98200021624564	71.24599974751477
23.353919672393804	52.30999972730872	43.01400013327598
11.458639953231803	67.2099999970198	74.62600032329559
6.32680048980713	65.43799961999056	81.82600020915268
4.919520086288457	71.29600012183185	64.9359997797013
6.63103994674683	62.97600010752679	81.64800010144708
18.211040647888204	63.44999982789167	66.54199998140332
54.82791998062133	60.45599994838236	80.34199991747727
-3.4316001239776517	70.78799990221853	64.49800007343293
18.06967980041502	58.97000002622602	79.90600028038023
21.74464073524478	68.34799967169761	69.51800002574925
28.590639855575528	62.44800005197528	72.32599980354311
25.25511994476316	97.10999990463256	97.42400022223589
11.604960098266599	68.61600017666817	80.81799990057941
41.6020802619934	65.07000014126302	65.97399999976152
4.686240195465083	85.84000037744633	65.45000009626152
10.519520187759394	61.902000278234475	78.21800012826918
179.82823985557528	63.75400005176663	67.31200000092387
8.577279961395266	69.86800015985965	70.52000006616113
33.209120058822606	88.75399976968771	64.9879998278618
18.954960116195632	65.91200009465216	72.38200014591216
5.674719709014896	90.45199996769432	79.07199987530723
-0.7840801448822083	64.21400036573411	67.51799996376032
73.66183997993464	68.29400013685228	73.57000004887574
130.27703936309803	70.54800000190734	69.3000000369549
4.281040107727056	66.3220001095534	63.07399984836579
9.692720439147934	64.48800014853474	68.90600000202649
11.001999771499625	69.34600019097326	65.52600016593932
17.780560343170162	88.01200005054473	73.2639999061823
50.0679995185852	63.39200031638147	89.92399995326996
28.340559688568135	62.28999999046326	73.73999999284746
3.317839822006224	64.62800003290172	65.98400018811216
9.43567985916138	65.04599977537985	78.12800042599439
6.903999926376345	68.88599979877468	66.83000009298323
80.62976031837476	69.43800002694127	107.74000053405773
-0.011600000381476632	70.44400055706501	62.94399991989135
6.943360591888423	75.04799983978272	110.32400000333789
7.963679827117912	60.72999994277952	71.57600025653836
25.124000048065245	68.50200001910328	74.09400005340576
4.123519913864128	70.32800008103251	72.68800003528591
85.01095978393552	64.22199976921085	69.92399980455633
3.2613601730346677	61.89400010585785	73.95400006294248
0.07759997673034412	64.50799976766109	93.47200024038555
-3.02903986854553	71.79399970605967	81.57599997758864
11.641839683914187	90.09199970602988	68.02000022411347
60.89728002090455	65.48000006675717	69.09799991011619
5.965840371704109	64.38599982857698	65.95600012779236
26.918959691619836	77.17199996903535	139.73600009024136
22.32864044227606	92.80800076723095	68.6220002412796
39.55040020828247	70.28599989891046	73.09800002098078
2.6050400634765505	78.6059999443591	66.46800010710955
-1.537040665435793	78.45999990224837	65.80400009155271
40.68192006492611	64.71999996185303	69.022000041008
33.30112022504805	63.418000099658926	73.02999992370604
26.64392007904056	67.04000012516977	69.87000008746975
4.789840293502799	66.53600006580348	97.62800047397626
14.856080455017102	84.18400000527504	87.70999987363808
4.713439962005618	62.15000006675714	76.44799998179077
18.332480211257955	63.25200016617777	71.91600007340308
0.20111976089478015	59.41200017541649	76.70799996420736
11.365279539489759	67.71999974489209	69.26199995994568
23.798880153656093	64.70600005745882	69.00800020217893
13.388960460281366	59.48399978950619	66.38399998426434
0.7432000476837124	65.74600006222721	104.41000017046926
25.09263952026365	66.16200011983511	82.72800008296966
4.602080142593386	76.58200003862376	72.49800011157993
40.247360013580305	69.31200035154818	63.84800013184546
5.061600118255609	61.93400003910065	74.72200019761924
26.20088006858826	72.89400004699836	66.692000002861
3.6476803333282417	56.428000006675745	76.7679997110367
0.899759676361082	64.19400001525875	67.62399998664851
6.675200290679932	67.60800000190729	69.98199996709828
17.472160034179698	122.56199930459269	89.00999996423727
8.35727995147705	66.69199995443222	81.43799999535094
8.831680405044557	71.69799999237063	68.05400002241129
7.002879430770876	61.75400002479552	68.49000010490415
42.48495935325622	59.54599993288517	89.60200036823751
7.111359815216052	67.3620003700256	67.02200013399128
8.83400009346009	64.64999971747393	66.6979999700188
8.679359944915776	68.83600003719326	73.96800019264218
3.482799821472162	68.24800011754031	71.61800004720683
337.8674395160675	85.1999994666874	74.91999987930055
-2.0257602249145608	70.83399995803829	69.98000005245206
5.496000202560423	63.98800001621247	97.40400005221369
2.870880220413203	95.10199999645347	92.6459997916222
5.283279911041258	63.976000147759926	68.82200010150677
26.18696006240848	85.72799998804925	104.23199996948246
-3.176959788894661	82.98800003409374	95.13200024008745
4.216160023880003	72.93200026333332	74.78400016695267
6.245839558029181	65.0800001341104	79.60799992084507
28.335520037460356	67.50800024032588	69.07999999999996
2.4597598381042545	66.18400010347364	95.41599985599512
6.358080859375008	99.37599943637845	81.95000008344657
1.6106396533966119	62.41999989882114	64.71400009632113
-0.986240419006354	69.14600019887084	72.40399994373325
12.789200191116308	78.37799981594085	67.78000007629396
8.38088077659608	58.987999995946865	76.16000036239619
6.650880439758296	70.61600000381479	71.68599988937372
-0.9508801898956378	58.00600019216536	69.3079998779297
6.201120128631589	71.34199996471402	66.82000015348194
7.649760088729868	85.66200048744675	76.47800005316725
12.078399976730356	90.09599967181678	66.61600009441375
55.92855992469791	63.10799993664025	67.9879998461902
17.81408064994813	68.77800016641619	74.50399970829474
41.09015978736879	66.11599965453152	68.03599998831747
142.0109598926545	68.70600012660024	80.259999935627
4.787760208129878	64.58000012919302	69.2100001460314
164.6089590654374	63.65999981403349	91.631999976635
9.937439924621588	66.64799978613848	68.17600021362308
1.9001598892211946	78.90400017380718	73.15599992513657
4.745440090560918	60.96999987602232	67.73200022697446
2.89544034347535	73.83600004434582	69.79400009080769
8.802959970092761	59.97200021386142	62.91999999284743
29.691520047759997	65.80200013160703	70.4420000784099
3.3190395351409747	63.31599991798396	76.63999984622
50.42232032279966	59.58199993461371	69.5480000662803
4.23560027198791	55.10999988511196	72.01999998331064
4.805840031051631	78.65799997687343	117.73000032335517
25.585519837570182	74.95399983048436	73.01000007838009
4.952079464340209	74.73200011670583	71.52999998211862
32.42031945114137	57.020000145435354	66.11199997901923
16.426960064697248	66.25600007534032	70.03400024056434
13.356320327377302	67.5780001449584	71.95799993515018
26.151199565887474	68.3200001151859	66.49000003099438
4.580480246353134	74.90000001549726	66.12200002670296
86.95448053398121	62.29799987316126	65.10200034141546
10.111039764404323	82.00200018167496	70.39600015640264
8.529520131683357	90.59599991083162	71.35000041007996
-2.071600038909909	64.65599997162812	67.33600025296212
12.706479497909559	68.90799994781621	71.64600004434584
0.5060795745849626	59.729999829530705	67.51200000762942
9.759199956893912	65.55799984693529	70.30800007700918
1.9727203826904203	63.595999908447276	72.77199987173086
-0.5830402156829761	62.20000021368269	75.22200038999327
8.309120269393896	66.33799990653986	87.48200000882154
0.5492799667358551	58.81200011849404	72.52399997711174
18.95176007728575	72.56600007444624	88.88399980545051
25.2452001382828	57.52000002741818	67.48800011157986
7.381280054855346	72.18599975347517	71.23799985885611
14.486879938507059	66.73399989604958	73.94999997138974
13.830079647827178	61.03600001335148	63.91999995231625
35.41159995384215	66.16199975907807	69.53400007531039
2.888319625854493	72.96400001883511	75.40400040149693
3.854799818038939	69.92599990129472	80.21599995702502
18.39112007865908	63.34200009465221	75.28200021117928
13.522000092697118	67.75400003314012	76.18400011062623
26.05384056701655	60.15599990606301	66.08799996852873
29.171119684219345	68.57200007557867	77.29999995961792
9.921200038051625	68.86000002861024	72.02200025379658
49.42344024353027	61.97800004124645	96.66199987173079
13.19127991867065	65.54200018674135	68.61200019359589
7.743440586853038	85.61600076198583	67.69400003582236
14.408400281143171	101.08000102609408	74.90600016355519
11.379039482879618	68.01800009727484	67.93800006628035
16.521120237731946	64.30400029599666	72.72199998378753
8.760319972229006	118.05800038456928	72.46800024032588
66.2748799867631	131.39800002992155	74.69200000524518
105.99591905384072	61.883999907672425	70.06800002217292
5.3942397857666124	64.19600028514866	67.11999988555912
3.866640243530276	68.39800010025505	67.37000000715254
-0.02407957115174208	59.74999983966348	66.77800004005435
85.3671996755601	59.80000004768369	69.68200007557866
9.520880081558234	70.35999984025958	73.01399991512297
17.718160343933096	68.23799978852274	67.71000003099444
2.6370394348144504	64.75799988269804	67.03800022482869
50.230240407180766	70.3520000541211	69.15000021457674
55.73320003890991	65.56000014245511	91.201999669671
9.023759991073598	69.61000001430517	70.91399999618531
-5.080320447158798	73.01400022029864	106.7780001549423
-3.2812001541137787	62.199999971389765	72.40800000309939
9.14920004158021	58.80800013780596	68.89799994230269
12.363839827728267	61.344000210762054	80.63799980968231
13.072000292968733	77.12600003436205	71.79800008475785
102.36808003730786	66.15600003123282	65.18200011253353
26.926320183181783	70.63599971532823	69.98399981021873
26.46384023590084	74.59400021851054	65.29999989032747
46.09015984687812	68.4199999323487	83.71599997490637
29.83856044731144	61.838000096678755	70.6859999108314
51.019120009994566	68.44800000429153	116.194000095129
19.105519969177223	67.85199993252749	67.87400001287462
12.564719785308823	63.94600012779234	71.59799988389007
9.622400093841554	64.2600001609325	66.09600009918215
9.346639858627306	64.07200017333027	85.98400035381307
16.475200152587902	74.75200042203063	65.57600001573562
20.277360131454465	62.28399993419647	79.73399998009207
1.80719965629578	66.94199956610795	76.0100000286102
2.98552007102966	59.00000005722042	70.5840002068877
4.677280111312873	64.03199999809262	66.34000002622605
7.833280020141609	67.19799998879436	70.78800007581714
5.465760073471056	65.10399972438806	56.706000091284515
102.69376015357973	226.52599925994855	132.2019997902214
18.930480200576767	73.9720000767708	72.74599981188771
5.90384032440186	85.04199999272822	75.25200011253352
4.523200231933588	62.01400011435156	67.65399996995922
7.364319892883301	70.10000018596654	81.31600027084353
8.446560128402705	59.108000007867766	62.8120000082254
18.048639835357662	60.2559998425841	84.29200024604793
-1.0235200489044105	78.74399968132367	63.038000048399006
19.86383976821901	97.83599998384717	85.03000040292739
3.4283196651458896	63.10199999049303	71.31799991220225
17.7381600162506	59.295999977141626	70.94000002861016
15.60408010673521	74.06999998420484	74.4600000381469
28.7751199882507	60.39599987506871	85.83199995040897
22.65152001876833	63.22599993586544	73.16600009679794
2.3625597728729204	59.02799999207253	69.1980000972748
-3.486480970764163	58.59999999999995	67.2560000514984
248.20455996208213	67.51600024700161	67.24199990987776
23.95528036651611	62.331999840140355	71.40799980640406
4.2557597999572705	78.96600002765659	70.32000016883016
1.9745605041503946	66.4480001159012	64.54399977639312
9.163680817031867	66.5259999792278	75.49200006246569
17.393519917297358	70.20400016739961	67.84399985075001
16.647680118942237	65.73999988079069	68.20400022387504
4.835439912414548	69.72600016832351	65.46600008577109
0.944159968185431	59.4600000220537	75.98800029277803
1.9273602703094577	63.1340001606941	67.5460000419616
4.242800608444217	65.76400003731247	74.91400012731546
36.61375973434454	60.29399991989142	70.54599976301192
3.526560041046145	66.20799969434741	76.26399983882897
9.198880556488035	67.02799994111054	68.47200006544591
22.871439873886107	72.2739999504387	69.40200013637542
54.76887973937985	75.58799985766412	71.47000015944249
5.526480299377436	69.62599993824965	70.92600015640254
4.995360232162473	64.86800010681146	73.17199997663498
34.731760596084634	71.5119999989867	68.38600005507466
7.791600245285029	72.52600008964538	65.89200005054471
29.887439826202385	63.628000311851544	90.06600000858293
12.803600104141239	62.528000159263556	113.75199976399544
28.943199795532276	68.95200001478189	71.68799975872041
40.56728022499087	74.50399992913005	70.27200004816048
8.781599728012075	68.78400000572204	74.86400032997128
13.6584002101898	71.61999993324274	62.67800009012223
17.405839532470708	73.5559997832775	66.37000005006783
13.435199794769265	63.41399991229178	71.74599990844732
44.17671994514469	71.22199997901917	70.51600015163419
7.840159823989871	62.33799982786184	67.58200001716615
247.04399894790637	62.87800006866455	68.23400032043453
5.337680075836181	64.5720002794266	76.98799997806555
20.99639981994628	83.35599965453147	65.39200002670289
177.55871954174052	67.34199986696237	64.13999995589255
3.802800041580194	65.93800026416777	72.45200018882755
29.487359840393086	75.14000020742414	72.91400006294252
29.893359870338468	63.23199967145917	67.0080001354217
11.61935930175781	80.81600047841668	66.38800023466347
5.02727995529175	81.55800008058547	74.93200015544885
72.8812798149109	62.21600006580357	110.46999971389769
4.339839859008792	69.23200017511846	68.12000041991473
5.910320572662353	68.45999994277956	66.54199994087219
4.294720099258434	59.830000017881346	71.16600004196162
67.49904075393674	62.68399977087975	69.95399997711183
6.718959700393671	74.51599996447561	67.26600013971331
2.407920333099371	86.7940003418923	73.24400001525879
7.846640480804424	59.78400011301041	71.87800009727474
1.9875202228546203	65.12200001239769	69.3079999577999
-2.776079885864262	62.909999969005625	88.30800020456314
