2.633000087738036
4.041999907493588
7.917999954223636
1.0850000190734876
8.677999982833866
2.165000112056731
31.26399982452393
6.158000106811521
11.479999799728395
14.26499995708466
5.544999871253962
1.8610000848770143
24.077999861240368
16.650000038146974
6.456999945640562
5.807000117301946
23.04400063514708
8.644000134468072
8.364999814033515
4.408000044822696
26.358000040352344
7.900999951362607
5.367000131607059
11.526999955177304
15.417000169754024
6.140999975204468
2.0009999656677255
12.125999975204476
5.146000118255619
16.798000044822707
5.073000168800352
2.552000107765193
6.827000136375428
3.51799999713898
3.8230001592636134
6.586999926567074
13.949999966621393
14.782000179290776
10.837999973297116
12.70399994850158
12.432000098228452
27.735999841690063
5.850000085830688
12.270000152587901
1.467000217437745
0.9110000419616688
-5.461999897956849
2.7490000200271583
2.126999988555909
16.655000004768386
0.6670002889633185
9.785000119209286
-0.2269998788833619
5.255999865531915
9.156000218391421
10.736000080108637
25.653999720811825
14.019999828338618
11.830000166893013
8.888000335693354
4.207000050544738
4.2439998388290405
12.196999874114999
29.923999932408325
1.8320001363754241
11.442000074386604
20.48799998760224
1.2330001115798972
11.786000151634207
18.460999855995183
7.128999967575075
2.7360000133514424
18.149000372886654
4.019999952316284
21.219999885559076
10.55299983978271
17.155000133514413
2.848000092506408
12.440000081062331
17.372000055313098
