90.83800063133233
7.699999999999998
4.111999988555909
21.5200001335144
60.11199988365178
18.889999771118166
74.39999975204464
233.9279988765717
28.462000074386587
71.30399950027464
28.778000049591075
64.38200001716615
62.26399994373319
26.905999755859348
141.5500002288819
21.9179999923706
87.41400003433229
62.219999952316286
93.63000029087067
20.956000013351446
129.55799976348877
18.60400003433229
100.36799977302556
24.5079999446869
66.69799997329714
48.779999713897716
41.279999866485596
139.12000081062317
53.4640001106262
32.33800004959108
13.314000005722034
264.9500003910064
107.55399976730342
16.662000007629384
23.230000057220465
68.17799970626831
31.3940001487732
34.0380000972748
66.377999753952
27.873999958038333
29.8380001926422
93.42600071907053
123.15400012969977
42.69199998855589
54.86199960708617
39.45200003623963
24.073999824523938
59.405999965667746
46.94599934577942
153.2919997406006
109.52200074195865
10.42800007104874
63.06400012016297
66.50599994659417
17.501999893188465
14.325999808311458
54.57799967765808
39.41999977111816
55.28400012016298
52.55599993705746
40.86599990844726
154.56200016975396
61.27799976348878
57.943999977111844
54.065999698638926
22.94799991607668
16.85799984931947
114.2239995670318
49.79399968147282
41.35400012016297
21.84400003433227
15.47000016212464
21.094000463485724
146.9619995689391
104.84199965476985
55.16999986648563
34.65400010585785
35.455999984741226
12.013999881744384
20.687999992370603
51.83599990844728
13.00399997711181
83.11999923706051
4.3939999818801905
22.11800025939941
18.81400005340576
18.466000165939327
112.34399981975562
33.75600024223329
173.2299991130828
15.600000057220457
33.740000085830715
9.587999954223633
6.708000135421755
60.18399971485138
78.07800061225883
96.96799958229055
49.23399981498718
38.24199980735778
79.02200008392334
52.557999916076646
523.5559952723983
12.41200012207032
10.943999891281125
91.61799964904785
102.56400023460392
62.95599972724915
78.71999983787535
24.753999862670913
496.701999645233
112.24000057220461
34.82799978256224
59.10599981307981
12.90600004196168
132.35799942016587
16.818000078201308
17.676000080108643
15.50000000953674
23.50599987030032
218.08799904823294
9.547999982833874
30.944000101089475
46.14199990272521
18.29600002288818
63.052000131607045
31.025999965667722
35.09399997711186
50.776000003814694
26.21600009918214
19.140000123977664
205.0219991874694
225.16599800109864
11.702000007629403
347.098000202179
77.2120000457763
51.614000015258796
82.3200000667572
23.80800013542176
41.73199997901916
42.18599966049192
14.468000154495243
71.6640000152588
26.286000032424937
31.55400009155274
29.563999776840202
47.51599998474123
20.225999937057495
41.425999975204505
56.78199986457827
97.2180002880096
21.09399998664859
59.78600017547608
27.849999914169288
18.11399995803832
58.336000041961675
1.3999998664855937
125.07399981498725
42.25999986648563
8.801999969482422
54.883999824523904
205.2839996433259
19.872000122070332
23.333999824523918
68.01999994277955
24.613999881744366
10.744000272750858
10.847999973297116
28.92199996948243
16.87399998664855
211.71399911642092
15.492000064849854
19.53400052547455
15.255999965667712
23.15399980545044
182.83399982452397
29.411999835968
11.978000106811526
175.63200010299676
243.7380000495911
4.885999984741206
30.693999967575067
159.12799982070922
59.24999984741212
148.25200067520134
51.929999809265134
42.621999826431264
151.3300001907348
367.52000111579906
15.31799970626831
54.428000192642195
59.242000055313135
23.72399956703186
24.323999872207647
67.89600006103517
51.113999967575104
59.43600045204165
60.07800024032591
39.40599942207337
210.12599966049189
15.52000007629394
105.01599970817563
19.514000053405766
13.952000017166137
48.89999997138977
257.6399994993209
70.97799947738643
85.07200008392337
207.600000448227
63.172000207901
124.94599965095523
38.34399990081786
522.2439969539644
24.118000011444103
77.18199996948242
22.52399988174439
91.787999982834
379.3399972438814
115.79999992370607
144.77999943733207
42.536000099182154
43.08600006103514
83.1999998378753
138.72800016403193
193.40199913933876
67.17199980735778
49.979999942779564
10.893999948501584
58.01600005149849
109.9359997558594
266.1859990024565
82.29399989128115
58.23799983978271
14.037999973297106
10.182000055313113
8.238000087738037
22.130000009536765
70.00999987602233
64.3399998474121
13.290000019073476
111.2499996948242
27.029999971389763
8.984000034332272
54.573999576568625
48.1199999809265
77.77799986839293
12.45599976539612
32.22999983787539
49.02600000381469
105.2599991226196
57.541999998092656
16.58400001525879
74.39599993899459
24.407999944686892
50.839999837875396
17.967999887466434
50.586000337600666
45.86799988746641
24.92799989700316
21.533999927043915
-0.5520000743865956
19.061999826431293
169.88600034713738
107.93399998664863
77.7059998703002
35.32999992370605
40.384000148773204
15.127999923229213
133.46400067091002
26.70399976730348
90.54800004959108
76.80399961471562
15.057999916076662
26.738000125884987
63.88800017356868
20.28400000572205
24.35999982833862
46.756000022888166
16.117999992370606
24.093999967575073
30.288000106811538
98.5020001029968
45.78999995231629
19.907999925613396
146.48999960899363
241.8019992065431
13.068000020980836
19.9000000476837
51.39599954605104
20.906000051498406
29.838000049591056
79.0420000648499
12.889999961853029
11.71599996566773
59.84599987983701
31.016000070571888
36.485999851226794
43.963999824523896
52.417999982833905
183.72999954223647
26.414000234603897
14.732000045776376
112.87399952888487
58.057999944686905
56.632000064849805
59.67600023269655
165.18200066566456
37.14200019836423
60.65399972915649
19.792000055313103
69.18799987792963
164.3179994964601
12.867999992370605
299.8679994106288
30.97999966621397
19.605999898910518
54.87000021934506
18.51800010681152
19.55399995803833
37.25400007724766
31.00400011062621
12.685999832153318
8.625999994277958
31.144000196456894
31.320000143051153
69.33799989700317
187.2799997615814
41.157999658584615
71.14400015830992
68.74400012016295
131.68999973297122
219.62399906158453
263.3520002794265
147.40199987411492
13.434000024795528
73.29599977493285
23.87000014305114
16.74599986076355
17.891999959945682
16.41199998855591
65.58600034713746
152.56800027847294
29.567999935150148
15.758000135421765
46.92399976730343
35.54800011634827
57.306000165939345
133.9040001869202
63.225999984741186
67.22000033378602
58.62799979209897
29.128000106811516
21.119999980926515
17.713999948501588
81.09599999427792
72.01399994850155
180.7099989986419
26.815999975204473
28.3980000591278
36.526000041961666
14.983999958038343
362.1599996185304
59.62799975395204
664.9019980239873
198.36199942588811
158.92799891471861
111.48800037860867
45.0059998989105
-0.7100000095367419
39.19400011062623
47.40399974823001
92.15200099945079
203.36800009727483
54.972000017166124
29.82799996376037
27.43400021553039
35.16200005531313
113.6760002136231
108.48999987602232
32.76200001716614
58.71600034713749
35.15799970626832
3.5039998912811283
41.812000169754036
62.954000110626225
54.81600002288818
52.082000036239606
102.89999974250787
73.49399989128115
61.41600022315982
243.01999899864188
70.70000009536746
17.877999916076668
68.70600009918212
64.64600000381466
28.73799998998643
23.378000097274786
139.12000029563902
34.79999988555908
53.70000008583067
125.44200024604795
75.24999995231637
33.565999883413305
412.9559979915618
74.73800029754632
25.630000009536747
17.30599992752075
121.75199915885935
52.54799983024597
21.045999889373785
258.4979992389678
9.754000205993663
10.271999921798708
137.3959994506836
16.792000102996823
15.739999980926505
32.894000167846706
-0.42399995803832996
65.71000010490417
78.32399983406067
55.13199990272519
208.10400099277476
115.80200018882745
16.546000099182127
35.667999935150156
305.0019985008241
56.93399989128113
25.95199976921082
58.654000196456884
49.41999969482421
13.004000177383423
2.1880001354217544
17.004000104963776
87.12599998474123
22.932000226974477
36.161999807357816
58.418000259399385
68.41000006675716
58.84600012779235
21.099999904632554
129.53400039672846
62.154000034332235
175.40399943202723
38.58799991607667
47.33999999046328
33.046000041961676
59.2459998035431
77.29199955940248
236.3319984626768
40.44000020980834
30.071999788284312
58.32000028610226
30.230000219345104
51.42400002479558
21.538000240325925
152.06800076484677
14.03999998092652
11.85600010871886
46.4520001411438
97.67800030708314
717.3779979991913
105.22600043296819
23.048000068664546
400.48799758866414
23.030000110268592
13.441999988555912
12.641999998092654
19.913999996185304
16.96399993896483
140.81399923324582
97.76799987792965
38.70799978256223
301.0939984416961
86.70399960517884
203.05000005722027
13.646000146865848
137.52400067329413
16.516000003814693
