7.154999794960022
21.66400056421755
6.913999857902532
0.9800000572204587
11.328000001907345
14.20300008296967
21.163000278472886
13.062999963760367
10.424000034332284
15.215999822616574
9.851000113487245
5.243000082969667
5.848999972343453
-1.2570001697540298
1.0750000429153443
5.863000063896183
8.714000205993647
16.614000146389014
8.989999957084663
-0.3909998989105228
24.042000124007465
8.716999950408935
13.750000095367433
17.36600006580353
6.822999863624574
14.665000333786008
8.152000107765199
10.152000131607064
33.43099992036818
13.93399995803833
13.389000010490413
10.264999933242795
13.04699996471405
11.635999879837033
17.258999980986104
0.45400010108947664
5.085000038146975
9.887000069618226
12.70100001335144
7.993000059127814
12.39500012397767
20.36099995136257
3.089999938011172
28.953000108003618
20.444000062942507
10.26000008583069
0.1849999809265141
5.694000034332276
13.78199999809265
15.147999949455263
10.915000023841865
15.099000101089478
11.55199990272523
5.306999955177306
8.743000140190125
7.832999877929682
4.033999996185302
11.180000109672552
9.270000095367434
0.04700006008148318
8.889000105857841
8.906999907493589
5.451999955177304
19.591000046730034
11.779000153541574
14.955999822616583
