6.421999855041507	135.35199985563753	102.6800001096725
-0.804000110626222	122.38599960803975	98.56000001668943
-0.5259999465942382	123.85800000905988	119.66999994516374
1.46000005722046	135.48400058895348	105.57000001907358
2.5760001277923568	113.55000018119803	112.08400001525882
3.070000114440917	120.99199961811296	108.31600008964531
-0.011999883651732447	112.75399980902661	103.31600005149835
2.99000011444092	125.1839996939897	103.97600011348722
0.9680000209808366	125.35800024241205	124.33600019171837
5.359999957084654	108.46599941477174	72.19399993419634
3.055999965667722	96.07999995470044	105.29199990749355
-1.1860000896453868	121.85999949082732	101.23200008869158
1.8179999637603752	117.99000032812357	106.03600001335145
-1.2240001678466803	116.30999987840649	114.39800003528593
0.9459999942779537	114.31199966490266	109.20399993896488
1.8939999675750716	143.7760001453757	105.15600018501283
16.12599982738494	119.03400001168254	102.81799999475469
0.9220001125335696	148.8580005872249	109.20199992060674
0.782000007629394	114.92999969005572	103.84400012254703
11.864000101089484	157.92599937200555	102.61399998188023
2.3219999980926507	110.64199989438055	116.05000019073492
1.5640001392364495	110.52200039625153	104.6920001602172
6.293999853134161	101.32599991083146	110.40200003623964
2.14199996948242	169.29400005579015	102.73600006818774
-0.5419998550415028	126.58200058445328	113.70399991229168
0.6539999961853027	110.18800046443938	116.6339998292921
2.3700000381469737	91.85800009280442	60.644000036716406
0.27400004386901694	112.55799991607654	107.6160003376007
0.3639999198913568	107.68000003248459	103.0080000782013
3.1340000915527333	116.3860003308952	104.97800011634824
0.7660000324249276	120.42200056016455	115.02199984520679
-3.4579999446868896	114.34799998670826	102.45800014138223
-0.13200001716613669	114.06600003480895	109.61999997138979
2.46199975967407	119.41599941104643	105.76199998855596
2.7499999523162852	151.776000240147	110.14600004717715
2.528000011444092	114.90600001499062	103.2540002870559
0.7680000782012951	124.9439999341964	104.63200014591216
0.614000072479249	110.55000028848636	106.16000006675708
0.3200000095367434	124.06799923777575	103.74200015544878
1.8280001354217525	124.01800031900393	104.55600019454957
1.7200001239776606	119.45599984645847	108.43399989604947
3.4019999504089373	109.18599987789976	128.56399958133696
0.003999967575074659	115.42599997639641	134.59600006252523
1.3500000476837166	121.33400020122524	107.46200011253363
1.713999919891357	103.26399981379508	115.5760001087188
0.5159999084472646	121.08199990943072	116.75399990081789
0.8779998779296888	94.23199997380375	110.1899998855591
0.579999761581421	125.94800022602085	113.29199989318846
4.025999984741208	112.60799997493622	104.84400010824218
-1.7080001449584952	119.97399969816205	104.62000007629393
2.766000185012816	123.18800002574925	109.99000005722037
-0.46200016021728607	99.74399982094752	103.32799998283396
2.820000009536743	121.19399999976156	108.50000015258799
-0.19600008010864142	113.55800008893	104.10400013327585
0.20999999999999944	145.380001141429	107.77400014877324
-0.3199998855590827	116.07399995803837	103.55800006151205
1.0339999580383306	108.11199990153308	106.65800006866463
1.0340000247955332	110.00199996858835	134.68400022387513
-1.3960001277923597	112.70200028657902	133.36799973398445
0.06800014495849793	115.81799987792971	103.46600015640257
2.1180001068115226	139.3259997858106	108.7699998092651
1.8420000267028809	119.19999972343437	114.36600010871886
-1.3600000000000019	123.219999693632	104.43000002861031
25.827999806404115	130.24600005507463	105.21200009822856
2.73399989128113	118.17800002574914	107.43800014972703
1.9959999275207523	112.3540000906585	114.87200015544882
2.3860001277923573	116.52799995064741	106.93399991273881
2.2559999465942404	159.82999978542304	112.0500000572205
1.7499998474121086	116.05999999284727	104.99799998044982
1.4680000591278082	126.60400021314624	115.96200012207028
1.666000022888185	119.07000034570687	130.83400011062628
1.6420000839233417	118.78800017893302	111.25799990415584
1.810000085830687	115.13399987861509	102.33200004816044
1.2279998588562004	263.7499987229707	169.41000013589857
1.1120000171661373	104.89799985259769	104.61600020647033
0.3200000476837168	132.86399984836578	106.30600000679487
3.4320001983642565	118.16000010371212	115.32800003528587
1.3499999046325677	137.18799989610935	111.85400005668394
0.9079999732971189	115.41799992084518	112.42399984598157
3.407999954223632	138.56400008201587	109.62800008773795
6.41200016975403	122.74400060176845	116.78200027003894
1.0300000095367436	125.59800022244453	122.93399986088266
1.9380000305175782	110.02999990463255	111.9599998390675
1.3739999008178723	119.2240003854037	106.92600031375889
0.23199995040893523	131.3279994864761	106.38199993371977
2.0039999580383294	135.83999974101772	105.85200004100805
1.9579998874664322	130.64399966597566	103.20199999809277
2.1199999141693127	107.39800016164776	113.49399998664856
1.6419998645782468	112.32800004482276	114.11799976229658
0.8540000820159921	106.68800025224677	101.29399991035471
1.0160000610351574	99.31199987649907	103.01000002861032
1.0779999923706074	105.82599989175799	101.49200020790099
3.0580000209808333	126.56799984037873	106.34999990463257
-0.840000095367432	132.8639999884366	100.18599998950954
-0.92999987602234	131.20600005701175	105.29800011038778
1.5279999446868922	123.71200031518944	107.1679998350143
2.4480000114440936	120.37600014567376	106.67599995136266
1.3319998836517346	114.2180002123116	107.5719998836517
2.1439999961853013	104.22400021672253	106.28400015354157
0.7859999370574947	124.98599988743656	108.14000004053126
5.180000143051154	100.42400005578993	100.90399999141688
0.18999999046325833	107.25200011283168	110.34200002372265
1.0359998989105241	112.93999979734407	101.51599995374691
7.484000158309937	111.49000005245225	117.21200031280515
1.2880000591278087	109.88400011539464	108.97400012969959
-0.7299997901916511	160.9259998467567	109.47200016975405
1.6139999294280996	115.94800023674962	100.1559999227524
2.3840001678466813	130.49000005796543	102.06799993515017
-1.0659998512268067	116.7620006406307	99.8079999628663
0.9840000438690194	121.4299998664856	109.36799961566925
5.154000091552733	116.19799942284821	109.89799970746043
0.6500000476837149	102.67199992418283	110.78999989897017
1.8660001373291017	105.10199999511231	101.68000005245209
1.6140001010894773	134.91999980673185	106.64400004863741
1.6020000267028818	115.90600039482116	104.87600010395037
3.4780000209808386	138.34400017410516	105.29400017499928
-0.7940001392364513	144.8499999737739	117.49600022226574
9.588000116348265	113.28799992844456	104.82400003433239
6.0800000762939455	116.75800037443639	122.15000019073496
1.324000205993654	135.4799995326995	100.97199995324014
2.3320001983642555	139.86800010502316	105.70800005912791
7.087999963760374	121.81800005078317	162.89999991297728
1.9399998760223405	116.5359999966622	105.4600003910065
2.3239998912811264	176.08600019395348	107.38600005149837
10.423999958038335	111.79000015377991	105.11199994087217
-0.49799998283386027	113.52199989557268	105.61399989366522
-0.38199986457824875	115.46399963319293	104.16399975299835
1.5919997882843004	112.96999982476231	123.0879998779297
0.9860000419616685	121.8640002608298	105.56200006484981
24.200000038147	115.16400028705606	108.52799993634235
13.738000020980836	111.65800004005429	99.27000013828275
1.2640000820159931	122.99000007510193	107.00599987030043
3.7319998645782455	127.103999325037	112.74799970269206
11.17000003814697	166.06199991777544	107.714000043869
5.341999845504759	121.2320000517368	101.48599984884275
2.3479999160766587	112.77999952554697	109.41400002181526
0.5199999523162833	131.72999973207723	103.90400007247926
0.4500002002716068	112.80600014090531	137.16399962186773
1.322000007629394	127.81599997356533	104.31799995660785
2.4340001583099378	111.06000011205666	120.3679999589919
14.140000171661383	104.2859999406337	103.54800020217913
2.5780000495910658	122.13400041580195	112.85799994230275
1.085999946594238	148.910000823885	106.0619999694824
1.3399999809265148	111.28599995017065	103.3819999027252
1.509999799728392	129.52400021940463	104.53599999666218
2.1580001640319826	96.18000003576267	99.99999985218048
0.9979999923706048	117.65000004410743	101.3420000481606
1.846000194549562	115.76000039815902	138.64799947261793
16.908000028133397	142.3020004928112	111.82600031495095
1.8060000228881834	118.81600013732898	130.67200010299686
1.2039999675750728	121.29399948596952	110.19600003793843
1.3900000572204585	108.03000026226036	178.16599940359603
2.3020000076293954	114.1140001387894	104.56800032615656
3.1039998435974137	115.3659999543428	105.09600015640261
1.2540000438690195	119.35400028944031	110.01200017929082
0.6599999237060533	110.03599999666207	104.16600022315988
0.6840001678466787	152.1600002892315	110.0779999828338
1.3660000705719002	106.79799977779392	105.3200001573562
1.9220000267028805	117.44599975466716	107.18199990272522
0.5299999809265138	117.43999998942017	109.71200028300294
2.0740001392364507	127.64600028648971	121.77799999713889
1.5219997978210447	117.95600035429005	105.85600013256075
1.1959998512268057	110.5300002884865	105.61199995994563
1.1639999866485609	125.16400041282185	102.37000010013587
-0.6880001163482686	111.7499999177456	100.26999998569501
0.3740000724792481	109.26400028467175	109.41800012350093
10.813999919891357	151.5140002208947	110.55800017356863
0.124000072479247	114.7319999790191	111.33600011348732
2.6519999504089355	124.06599948048598	108.87800010919564
2.3799998855590796	111.72199981987477	103.11999985456457
2.4000000572204594	116.35200018227094	104.09200010538093
1.0019998741149887	126.93199981451029	129.52600010871876
0.4220000267028821	174.4519993722437	104.0399999614059
2.043999996185301	109.60400000289079	118.11799983739849
0.2480001831054677	107.18999993950128	111.25799974799145
0.15200002670288126	151.00200020059933	118.96399993896482
2.946000108718871	113.08600003838536	103.6959998941422
-0.1419999504089342	142.9820004186034	113.15200052618985
1.639999961853028	127.50799983024609	104.70199984550486
4.210000076293946	118.03199993610386	103.73600010871894
11.592000093460074	157.52999936491236	119.79800011932853
0.6659998989105235	129.4159997852147	115.41200013875938
1.2420000839233392	120.29599982142433	106.23600010395042
4.45999996185303	116.33600018024435	119.09199997186663
0.34800004959106473	119.66599967718129	128.54400026082993
1.0479999637603763	156.33199958935376	116.55000012397775
0.7440000247955316	114.44200007081027	102.87199992179873
1.6739999294281	117.4560000650586	99.70199995994558
1.673999986648558	130.97200080096724	108.16399967908869
10.316000099182133	127.66000031426533	102.11399974822989
-0.3380000495910645	116.14799972176553	107.45599992424249
2.9060000991821298	152.52599984168992	121.12400002241131
0.969999961853028	115.65799990862612	106.25000005722052
6.7359998703002875	132.58400034070033	102.33400020599363
2.7059999656677247	132.16799992531523	102.85799993991854
0.1260000991821291	139.83800046831377	102.87000001788125
3.0300001621246326	108.58199986755855	108.74000006437305
7.974000005722047	110.37000021278853	102.56800010681151
0.7379999446868886	112.62400019884106	104.10600039005281
-0.5979999828338624	107.86800005048514	114.3760002656279
2.502000102996826	126.69799942940459	101.06400016784686
2.502000102996824	154.27200006008127	105.20599998474127
-1.0719998455047615	123.18399949029086	104.90799995899201
18.72199968814851	145.18800047472104	107.20599990040066
3.4080001354217546	117.83400002241136	106.87600011825553
1.4600001525878894	116.624000096321	112.14800015926363
-0.13800014495849547	113.65799997568121	103.21800014019013
0.4479999351501451	115.65399986416097	101.6840000653268
1.308000125885009	112.85999945402153	106.81600018978114
0.028000001907349366	110.98399995327004	113.15400012984855
-0.953999872207643	107.58799988746645	101.41200005769734
0.8579999446868876	159.55400061547746	135.15799964189532
0.3780001449584959	102.44999987125408	99.5020000886918
2.680000104904173	112.11599990546696	100.8639998960494
0.19999990463256934	124.84000002339482	116.26000032424928
1.5619999885559102	112.97200022220605	128.89600007534025
0.5200001907348635	116.94600011348734	118.55000001624234
1.6459999370574934	116.18000006198884	112.98399975776671
0.12399983406066781	115.97400022685521	115.32199983000751
1.5360000896453878	101.490000309944	107.16600018024437
1.876000022888184	115.90200031995766	101.23400015354164
0.05600008010864396	110.7379998862743	106.98200008749978
30.596000492572788	111.31400014474977	119.19199993729578
0.5199999141693122	118.79599977493287	106.0739998054504
0.4220000457763659	104.37799992501738	125.92199998378754
1.294000024795531	116.11999992534501	100.00800004541887
26.147999773025518	137.26999970868223	188.42199939548962
-0.3360000324249274	125.74199973553412	107.33600013256081
2.3999999904632565	125.68400009542694	106.46999996185295
1.2080001163482683	109.12600019216536	103.36600012302402
0.23999978065490835	113.88800035834315	101.87000000476822
0.6979999065399158	125.4980003125966	105.96800010681156
0.2819999504089337	139.90199975371354	101.30800003051763
1.3259999942779537	124.74200008869163	109.54999985218042
1.2600001144409194	120.71400006175035	105.12999982833864
1.1539999198913595	111.67599994301793	103.3040001630783
0.507999906539916	225.34799901843036	114.58799978166813
2.6319999980926507	120.33199970483763	106.38399994850162
10.70000003814697	104.98999977707841	107.03400008633736
2.6320000457763677	108.32199964374306	102.343999991417
1.9160000991821273	96.06000005438923	109.48800014257436
-0.38200004577636826	118.72599966287616	101.52800014495843
2.375999927520752	101.9599998402596	98.82600000381478
2.504000120162962	119.75599979192008	105.32600002169613
1.90399998664856	128.71600048303594	102.41599994659435
-3.053999938964844	128.14600028276433	111.21399993896495
1.2379999828338613	114.89999978065487	101.57200017929074
7.555999870300293	139.28000079318875	107.65400031089777
1.4479998874664288	120.79399995595209	110.4340001493692
2.508000087738035	119.30999955445532	113.20800013065332
1.5720001029968236	121.30999994561077	108.8320000505448
0.5579998493194585	110.3439996007086	110.90000008106233
1.1580001354217506	112.14999975651507	104.35399990558629
2.810000114440921	108.84399998664843	114.39400004148486
0.34999985694885427	113.81000006526708	108.89399970769885
1.5660001182556151	169.12599987208813	130.34400035858158
23.364000124931323	128.47399968862527	109.52000028133396
0.05000012397765959	113.97199973195791	104.13200009822842
2.372000017166138	127.38600030362615	106.91600008010862
11.270000057220454	131.23800010681154	101.57999988555909
1.4259999847412115	119.05399932622905	101.17599992752073
-0.38200010299682663	114.4119997107982	103.14199999570833
1.837999973297116	117.41599993228914	107.91000013113019
2.162000007629392	119.49399942636494	117.0619999098778
2.0379999446868924	134.07399979308252	105.71800004601484
1.9159999656677231	122.17599985376003	104.2179998975993
0.9719999980926518	113.20799966514103	106.02999991178515
-1.6100000190734856	115.09400010868904	105.63199996948254
3.220000000000002	131.07999963283535	105.24800005197534
2.1839999675750725	114.79199985831978	112.87799985885616
0.6759999179840086	156.19999965369678	106.23000007152552
-2.5299999809265157	121.97800003796806	104.02000007629394
-0.7399999999999982	108.79199958086011	102.59000001430513
-0.3420000362396222	119.48600003287198	105.85399990558629
0.6380000305175769	119.38799970030776	116.4679999876022
2.8700002098083517	99.13399996668099	115.49999966621397
0.9920000267028806	130.19199944406756	107.72200005531306
-0.32400019645691014	113.64400043487541	103.49400011777878
-0.8060000324249249	111.93600009202953	101.15799988672123
0.4820000267028807	107.58399991989137	101.12600009158251
23.30200022220612	128.95800011426218	108.2300002169609
1.3419998455047613	115.46800029709945	114.68000038653616
-0.7640000343322741	105.96999976634977	133.48800011634825
0.3139999675750732	122.83000005125999	129.11800005614757
1.5600001144409184	119.97999983072278	109.35199998021132
2.286000013351441	122.79600024700157	127.46800017595285
2.0539999198913583	134.1779996824264	102.7280001068115
1.0460000133514407	107.48600015878672	91.65599997043601
1.126000080108642	108.11000020742414	105.32400000095375
1.4940001201629627	101.62199977636327	105.23599998831756
2.3820000457763686	112.0939998620749	119.84000020027155
2.0020000457763687	103.46400005578995	122.97799979209917
1.404000053405761	126.75600017786026	103.22000005722042
1.5400000476837163	128.02600019693367	104.39800007104874
1.4479997730255127	127.09200041055678	115.7120000743866
3.3620001125335706	115.57600022077557	101.2660001420975
7.205999889373778	117.13200063943864	105.62199962139131
0.5200000476837151	117.57400012880547	109.20399986937637
3.744000129699706	133.75399938344952	103.83200000286105
2.402000055313111	115.25600035160787	104.22199979782113
2.0740001106262222	124.36000018030411	105.77000007152556
1.0219997787475599	113.24600032806394	104.50800002098082
1.5040000057220448	120.78200006544586	103.37800015449514
2.0160001087188726	127.77800005674356	127.25600024461745
2.7699999523162835	152.46800008371466	106.68799994945523
0.056000108718870505	126.07800031423561	105.67200000762938
1.2720000076293947	150.674000018686	120.92200034648168
1.8900000381469735	112.67599999189369	105.22599983781573
2.9380001163482676	129.4780002266168	107.26600031852725
0.823999919891358	104.89200006246563	114.92999989986409
-0.03199995040893454	130.0940004968643	101.31999989509582
3.1380000400543193	116.9159998202324	121.32200008869162
13.912000017166136	124.58200032472604	127.07000047370805
0.8719999408721922	133.60600015878677	125.07200049400336
2.2499999904632566	107.70400035262098	111.9720000791549
1.7479999351501454	112.4739998602867	103.74800002574926
1.0779999732971193	117.73400028944008	105.3919998979568
2.6599999713897704	115.52200031638154	106.0799999380112
5.067999887466432	153.77400011613975	103.17400004863742
1.2160002326965313	124.01599971532819	100.6699999010563
1.7120000648498541	122.31800035715108	103.66200008869183
7.440000085830691	98.62399997234333	114.08199983596805
0.3900000095367426	168.266000187397	106.11600010395047
-1.7579998636245728	98.61599973067636	93.28400004506109
6.423999929428103	114.58999969244	105.32999992847449
3.915999975204471	123.40799984693533	108.52799995183948
2.0100000762939447	122.68000017166123	112.60599972248083
-1.2959998130798351	146.64800014019028	103.22400004386913
-0.9540000438690193	97.0639999397099	109.97399992942822
4.530000047683716	118.15800012111659	104.47200013637546
1.7080000495910632	142.69400040149688	108.68999990224836
1.532000083923338	125.31999991342431	113.89999999642382
1.0040001487731935	125.37999985098831	104.74799984455112
0.6160000038146989	125.75999965459114	117.17800010681165
9.123999948501574	115.72999980926502	118.83200028061869
3.8220000839233395	118.03599998414501	108.04200005769738
2.245999917984008	124.03599978744987	108.39400031328195
1.2719998931884766	121.75200010299686	106.43200013399134
0.7119997406005847	128.33799999237058	116.30999987125386
0.7820002269744869	119.1699998760222	110.83000006675728
3.232000036239622	102.20200020372867	117.14200000554318
1.143999910354613	116.79800006508806	102.3060000133514
2.5680000782012935	133.02400010153644	110.13600004434588
0.3400000095367422	118.36800013422958	109.68799997568122
1.1340000724792496	106.77600011467922	111.49600000381463
0.8240000534057625	129.06999972194419	109.10399978399278
2.04000009536743	143.2179999178646	103.08800006866458
1.5860000801086414	124.83599989831434	101.13000010013576
0.3360001087188708	151.47800006523727	153.62800056055178
2.9379999542236335	119.5260000622273	103.26200015068046
1.9799998760223363	116.98800016164783	116.13000025510794
-0.028000040054322425	121.26000030398359	100.20399989128114
-1.8860000228881815	129.45400002524258	108.61999984860417
3.8560000038146955	92.58200003385548	104.09199988543973
2.7319999504089334	121.7119999447465	104.68399985790252
1.5319999980926502	170.18199952527885	108.08599999427787
2.1380000495910663	127.03799974918364	109.97400007247926
1.5700001239776629	123.87200027287011	102.60400013089176
2.208000106811525	124.84199943572293	102.09800004959106
1.2659999942779527	127.09399945437919	102.63799997806544
0.7760001277923592	135.53800002336513	102.44199993848815
1.9359999847412102	115.78400021076206	107.59000042915346
3.7060000419616674	167.65200004577616	120.96399992227559
2.4179999446868896	116.83400009393692	139.01600025534614
-22.81600008010865	123.90599983990198	118.59400004386912
9.523999948501599	124.40200039863585	107.05399987220767
-1.0999999713897701	117.00200013637541	103.12399998188003
0.08800024986267223	116.0240003633499	103.04400010108944
1.5820001888275153	109.62600025117408	111.32600005149845
1.1159999752044696	118.35199981451038	110.2020001888274
0.2779999637603751	114.8179996404051	105.96600000053644
1.1080001449584946	118.03800035834314	140.74599993228904
1.7499998664855982	114.69600002765661	106.6900002551079
0.1680000019073472	112.40000010997049	105.18999981403347
1.5520000076293952	138.842000041008	105.5960000038148
3.7900001621246364	119.42199947565788	106.77000015616419
-0.13399999618530395	99.51800006628036	118.12000022411347
1.5839999771118165	120.17400059223182	112.59200000762937
1.5819999980926516	123.74600018307551	103.2480001449584
0.6700000286102284	124.1160008978844	107.42000020504005
7.982000122070315	113.12999986052513	107.17199994087208
3.342000083923338	115.84600011348716	130.84600067615497
0.6360000038146958	167.16999947130694	101.82400010347357
2.3320000457763674	113.92199936643227	101.46399992465983
1.9379998874664321	112.33200015068041	105.0300000703336
0.9419999408721936	119.13400044083583	124.1280001449585
3.136000003814698	119.01999990701658	110.26600030899041
3.768000051975252	107.29800033092503	106.12000009059899
1.5440001106262204	115.7499998021125	106.1920000839234
3.7980000782012953	133.55800042092807	108.08600016593928
2.395999860763547	104.90000015467403	108.08799998670811
-0.682000074386598	109.5559998133779	108.71000005960464
2.025999994277955	123.12600030064588	110.34800015449522
0.6960000610351552	146.94799964964386	103.15200019359577
1.471999864578247	94.45399994373328	101.06000016331672
0.662000093460082	122.95599991083142	105.37800007388
1.6440001487731943	112.60999966576686	107.43799983978255
2.0799999332427985	118.88000000581137	110.88799995303155
1.5499999809265141	109.97400040864949	100.9740000700951
1.0560000705719002	112.63800051689144	106.4260000038146
1.296000022888185	104.75800011634828	171.02400012582547
0.7199999237060545	112.85400004625309	102.26999997287986
2.267999925613404	120.75800041571253	105.26600009351971
-0.4240000724792486	134.07600083306434	117.79599960803975
-2.492000007629395	157.76399949386695	101.59199984312062
1.7200001621246337	115.07800011992461	102.4240000128746
3.2000000286102313	145.15600012660033	104.03999994993214
-0.7060000801086418	109.83999974429611	103.2400000178815
1.2960000896453874	98.6899998879434	107.31199983119977
1.0920000457763666	147.05200001776214	101.08399999618521
1.2560000705718997	114.6839999754726	115.91400050252696
1.5300001049041747	140.58000028222793	111.28800003707407
3.758000154495237	152.41800007581688	107.36200014591216
1.020000095367433	111.62800002187493	102.59999996781337
-0.27599995613098255	117.86600028991708	120.46600027084354
8.928000164031985	122.49999969899658	106.67400041580197
3.442000074386599	123.53600013375284	106.61000003099437
0.7980000495910634	113.5460000157356	101.99200015544882
1.9619999694824233	129.23800056815142	105.60200003325951
4.216000213623046	124.23999955654148	110.29999996304502
1.050000028610229	112.2780002821981	108.04000026226045
0.06199998855590747	113.57000038862223	104.62600015163419
3.080000028610228	117.76800004124632	108.43199993133547
0.31000006675720265	119.9399994751811	102.44800022125254
2.3120001220703132	137.0440009908379	110.50800023943175
1.4460000419616688	110.13200037598602	116.00800011277185
1.4100000190734865	115.85999993741522	111.93000015735626
-1.6239998626708994	122.8679998660086	103.20200004100802
-0.27200012207031327	128.37400008440022	118.8739999955893
1.6060000133514398	122.21199957489968	105.07400015711795
1.6659999465942388	168.70999936863768	176.82600030422202
1.7540001392364495	116.3060001507401	107.68999987959855
23.38600032091144	104.01200012445456	117.35599967956539
0.9479999923706077	107.40800008535392	104.5659998226166
0.11800000190734845	116.2379997329413	103.87199972629554
35.32000002145769	104.30599987596267	103.63200017452237
1.6599999618530297	150.2160000330208	101.40799985453499
2.738000097274776	117.83200019270178	103.71399991035462
-0.15799989700317293	136.20800047636035	103.7619998717309
3.9380001831054683	155.02399933144423	114.24399992465979
18.16599990844725	120.0940004332364	105.29800007343289
0.4539999103546162	110.48999978557227	110.4679998612403
0.8920000839233403	120.28200041338803	100.59200000494732
2.0879998874664305	127.6879995173216	108.86999994277963
23.107999849319448	104.72400014117355	103.0759999918937
0.8659999465942393	121.4760003066063	110.22999998092644
0.4660001373291035	129.912000387013	106.6140000104904
-2.050000104904173	110.86800027221436	101.85800005912782
8.728000087738039	115.66200025916103	107.29599961757658
3.2920000839233423	122.18599964380257	104.90399996042257
1.369999923706054	119.12199972867965	108.79000007629394
-0.00199989318847563	123.77200015068064	110.21399976253508
-2.7399998950958233	162.19399958759536	100.05799999237063
1.4100000190734863	106.51599978804585	101.67399995326993
2.547999992370608	116.25999987542619	102.2799999523164
18.69399992942809	187.65399912655337	154.08000025182932
-1.5000002574920646	131.93600084990248	102.14199986457837
1.6900000953674335	115.07199981689445	134.1440000152587
1.5359999847412096	109.58599985003464	106.6980001313985
6.4620000839233365	117.18399982959032	104.63799995422366
1.023999891281128	119.96399983078234	110.44200020313276
0.7440000915527335	114.5720000481606	105.40799990266564
1.4840000152587882	108.2179996308683	103.47200011849405
1.2659999370574948	112.71800034046178	108.95799988269809
1.9600000286102301	131.2419998908043	102.88799991130826
0.6599999141693108	119.97599986851208	106.90999994277955
1.8419999408721925	166.01199972525237	111.09200018644346
1.9760001659393287	117.234000068158	122.99799985930319
2.1219999027252183	113.35599994972357	108.16199987888342
-0.17999998092651365	116.20399960398656	104.89800008773801
-0.5179999685287486	97.32799993917348	82.37600009798999
-0.92399995803833	145.18000021338463	118.94399990797042
1.347999982833862	125.57399974375961	115.70600005626684
-0.06599988937377817	113.60399996638303	106.94200003623986
1.310000133514405	116.29800017923115	107.70000005006786
0.857999868392944	112.37800029993049	109.04400011539457
6.0580001544952395	127.21799971461294	108.20600006580358
1.002000207901	109.59999969959247	105.93199992179886
1.3080000877380369	133.84399959266202	102.20400011748063
1.982000055313111	115.0219998598098	104.87400005817413
2.198000040054319	117.52799989223477	104.53200010299689
0.7880001449584952	130.7159998750686	110.45400032043453
1.1500002288818363	120.75200035125023	102.0780000162126
2.9340000534057604	110.04000012397758	105.1300000095367
-0.5020000171661362	107.77799985468391	105.66200027227403
7.518000030517582	108.66000001430514	106.14000020980835
5.5560000801086415	123.91599989116183	106.32200016975408
1.4759999561309811	125.46800008714199	104.34999999999998
0.34600005149841406	107.5100001773237	99.7660001325607
3.8200000762939457	107.60799992918966	92.91200005412107
2.7059999847412106	109.19199997782702	101.70799994468683
4.875999946594239	117.47399999618528	106.3119999051094
-0.09400006294250657	113.16599971830843	107.63999997615814
0.43600007057190027	103.11199998259555	111.4120001602173
0.13999993324279678	147.5979994715749	123.39599973946818
1.4580000877380344	159.8000002004206	106.60400010585771
-0.40199993133544776	109.42000040203322	102.54400021076201
-1.1800000190734858	126.46600044965734	103.18799992084502
-0.9019999599456798	125.7039995384217	107.15600007727735
5.668000202178958	110.90199980735775	104.52200008392333
-0.06999992370605462	126.0639994192122	111.3940002286433
8.734000120162959	118.93800037473437	104.49599991679197
4.234000110626222	115.51200089067213	98.33799989700321
-0.032000122070311915	118.17399997711188	104.24400007724768
1.0859998703002915	128.91800006806866	113.13000012397765
0.1420000648498523	117.15800034642228	104.53000018596644
0.9640001106262194	128.03599965512754	105.40199992656717
0.34200008392333775	127.86600012421606	105.48200004339212
-1.8820000076293932	126.66999961078164	112.27399997949615
-0.45999996185302633	109.15200012922287	108.90599982261665
1.782000055313111	120.44000007152555	108.61999996185297
0.9319999408721927	124.64600055336952	110.03800004184244
-0.8539999961853005	113.35199980705976	100.08000009596353
0.9339999866485601	124.30200066924097	120.32599987030048
1.4880000877380402	118.32800019979487	102.10400018781426
1.3000001621246353	119.12599997848271	109.35399998664852
1.3760001277923586	113.28399976432316	118.45800002336503
0.44400011062621986	110.14199974730604	133.57200007393948
15.796000189781182	112.6480001974105	107.17000007629404
-0.8220001697540289	120.71799962401384	111.10399995327006
3.102000169754027	130.58599954187875	119.8760002040864
14.006000022888188	140.31199979007235	101.94400003910066
1.3480001163482676	102.60200003743171	103.47000004291547
0.9340000343322744	99.37800012156376	114.55199994564057
0.022000160217283477	147.1939996676147	98.20200013875966
3.8559999275207533	118.85400026202201	103.83199997663517
1.7499999046325678	111.61000037491316	103.76999991416933
2.4559999465942384	106.17199964642519	104.85800000190753
1.3759998416900658	120.4980000090599	109.95199994564061
1.1519999504089355	115.46399968802932	105.50600005149836
2.586000099182127	119.54800026059144	102.66999995708471
0.6320000457763675	115.91200029969218	108.02399988412864
0.13000000000000014	141.55400078296663	107.89399975657463
0.24600007057189968	121.35600032448764	103.09999995350836
1.2959999370574966	126.23799965292221	111.85800017833706
0.943999929428102	101.19000004768357	105.05800006121393
2.634000015258788	120.01600007176408	130.70800015926366
0.7780001831054699	129.695999919474	102.96399994373323
-2.9500000381469738	126.10999983847141	111.36800026416773
2.2160000419616708	127.95200058981771	111.38599996685981
-0.9480000209808357	101.41400001034127	105.43200011014926
12.684000110626235	129.886000649929	155.15800078630448
2.5860000133514407	121.62400033533558	103.59200012207032
1.0719999599456802	114.22000007629377	102.57400006294255
2.808000230789186	131.7740000143648	106.66799992084506
1.0939999103546139	119.49399997189636	107.912000079155
1.121999969482422	98.75799994468689	106.19599999427805
0.19600014686584555	119.7479997420311	104.61399986267101
2.732000198364259	116.0360001373291	108.86600020408625
1.8359999656677242	127.66200004339221	102.7079999423027
1.0499999046325665	112.11199993371949	107.80000013932596
0.18399977684020818	128.71000007152549	106.34200009107602
1.5560001659393299	145.87399960041034	106.83800018310549
1.710000114440919	127.63400032162669	105.09399991035468
3.3699998855590825	126.5900003325938	106.24400001525876
-0.5860000324249253	119.96399995386602	104.8260001158713
3.1179999732971226	114.90000019431103	103.80400002002715
1.9740000343322763	132.4220006465913	106.3659998655319
1.5859998607635502	110.3940002006293	106.61400031879545
1.0919999790191652	180.72999949708577	104.47800009727482
0.3640000820159902	204.2400003096462	106.12000012397779
2.6879998016357396	115.64199994921687	105.65199989557264
2.4060000896453873	223.18199922844786	138.20600028276442
2.431999955177306	116.79800002530204	114.51200030803676
2.3219999980926525	131.75400069341066	107.70200000286103
1.6720000648498539	104.68199969187374	124.36800000190733
0.833999929428102	132.0540001431109	115.02800016403202
-0.8639999294280992	126.50399972975254	105.0079999291897
2.4760001373291023	110.17999966979028	104.35400000095377
-0.050000019073484905	106.33600000977492	111.26600012302396
1.4740001583099362	158.1539998632668	103.11600003242494
0.05999995231628387	111.9639997772873	108.44200001001369
-22.227999610900884	111.50399997040621	100.9159998635948
2.5619999790191654	94.37000001668936	107.93000027894973
-1.7899999809265126	107.99400010466574	106.66200037986039
3.6160000801086416	121.25999960422516	104.2380001759528
-3.1580000019073475	124.96599993824957	105.75200001478208
2.41000015258789	112.33399995088575	103.22200008094315
0.8639999103546129	108.51999972462647	99.47799988269806
15.491999936103817	177.7739998461305	104.46800003051763
9.714000120162968	113.54200005412106	102.93000000715254
3.8520000839233397	138.7140000146628	114.22400019645711
1.5740000629425066	111.02600021958352	107.59200007438659
-0.2060000038146987	115.37799976646896	101.04599998474126
0.15000003814697274	115.40800015807152	102.66400012493126
1.3840000152587895	125.2879997920989	102.13800008893008
0.8800002384185774	135.43999983072277	103.65600012779231
1.9879999542236342	113.54800038889049	106.66600003242496
19.592000012397783	115.57799972772605	107.5199997806548
0.6179999160766587	141.27599957630025	109.87199992418287
1.4760001564025882	107.51000037431709	110.24800004482263
-5.482000236511233	141.8019997519253	116.79800005435945
1.3120001220703112	133.65600010037426	100.13399981021878
3.8880000782012907	107.27599977642294	114.4179999160767
1.409999990463258	118.85400002568947	126.29999976634984
-0.1259999656677229	117.03000018477442	106.18599987983703
1.3200000000000003	114.47800011157995	114.35600004434575
1.154000043869019	112.83000009536742	104.12200027465823
1.6020002460479736	136.98599978148926	115.98599975109106
0.46000019073486426	162.34400028526784	114.92200013875949
0.8020000648498549	129.5020001316071	106.38000017046927
1.4259999561309824	108.32799997687331	102.01400001049034
0.9940000820159905	183.79999896481607	186.98199963197115
1.4780000495910637	124.13199993193163	104.95800007820122
1.7480000114440928	127.76599989891054	111.18400015354166
0.7799999141693131	119.77199970364549	110.3599998426438
2.0199999999999987	118.55799987673755	103.16599984169015
-1.1160000133514412	138.325999829769	127.59199927717444
0.21199984550476092	115.30600002765648	106.17200003623965
3.858000078201297	122.52799989223459	105.7660000801086
1.884000101089479	122.24600011348731	104.18400012969965
9.63399990558623	117.595999750197	111.10600005626675
1.2039998531341547	139.3660001605746	101.60199993133557
1.3000000572204597	153.98000003769988	110.23200009703636
1.5960000705718969	113.3820001512765	105.21000026226045
1.4039999485015868	150.03800004094842	107.30799998760205
0.01600002288818327	107.4980000200868	117.06799994707107
1.3239999866485601	110.78000002741813	108.31800010681155
0.6240001010894782	109.82200015902515	104.63200026512152
1.9319999408721935	128.7899994745849	111.06199975520364
6.237999877929687	111.10400020182128	107.55999982357022
-0.4540000247955334	121.58000005632626	110.15600014686588
4.534000034332277	116.7300001457333	103.1040000295639
3.2580003070831323	118.38000054240226	121.51200012058023
-0.06399983406066785	168.86999977827054	114.66000023365027
-0.560000143051147	122.76600001931197	133.8859998327494
14.339999923706056	127.91599996328355	109.93400015354152
0.7720000743865947	201.48399985790238	122.48800010204312
0.20799992561340447	127.56400027364495	101.69600005105136
6.768000230789191	121.45599978744985	110.73399965047841
1.9480000305175762	106.63600002765664	106.35400005340574
1.4420000457763653	116.40599991559975	109.71400011062624
2.998000164031986	119.15399978280064	105.42400021076205
1.8380000972747819	129.45799941778176	106.0480000591278
0.7299999427795418	111.7099996936321	111.25800006866453
1.283999900817869	195.63599884048085	100.71799988508216
2.0580000782012937	117.62400012493137	125.38599987030024
0.45399994850158526	125.54200029522181	107.76400019645675
0.5339999675750727	129.57599987983704	102.91999995231629
0.8059999656677257	112.41399959549295	104.83800006628044
2.261999902725221	117.25799958944323	111.69600018262867
14.651999959945684	167.41400029838096	125.55200014352793
11.902000055313096	128.93600039005284	105.8099999570846
11.443999834060671	118.9239997160434	106.86999987602242
1.4019999885559076	111.54399973839504	106.57200006008149
0.5160000324249259	108.98800011470904	105.98800011396415
0.6860000419616704	152.9400002753735	106.0659999370575
2.6180000686645526	98.90599987030012	116.62400012373925
-3.90199987411499	118.24999988198272	131.4279996395111
-0.6820000171661379	118.59599969625476	116.21400008633731
0.7960000133514393	115.34600005269046	105.62199997901915
4.457999877929686	243.8379994815588	111.09200007438663
1.2940000534057623	112.03800033569343	103.10599999904629
11.391999893188473	139.3539999639988	107.69199993997822
0.9220000648498543	127.0860002028942	105.62599984169013
0.6160000324249273	125.11599985539914	106.38800021171578
6.670000295639042	113.91199988842006	102.16200005769737
4.705999937057491	116.35799986124023	105.74400022506711
1.8500002098083488	116.188000100404	104.10999993324283
2.7419998836517308	111.70000002145771	110.1180001354218
1.7939999866485592	123.2959997856616	102.76199999809266
-1.7940000534057619	120.28799982845786	102.15799993515019
1.7980001831054668	116.14199965029952	104.86999978065495
1.0519999790191632	111.6500000476837	110.53600003480904
2.355999984741214	107.17400013878937	104.50400011569273
3.223999938964843	119.55799989789723	107.11200019359586
4.007999992370605	126.36200053125613	117.63799975395209
0.04599989891052125	123.65400001943105	131.33199993461358
19.764000101089476	113.51199977755536	117.5380002880096
1.8219999885559066	102.23599999189379	107.76799990177162
1.464000034332278	108.77799990236761	115.58600034236905
0.03799999237060517	116.48200019240375	114.04600028514861
3.496000156402591	157.6179995432495	111.26200003534557
2.0540000247955312	107.85199999615546	115.22800014019013
1.468000221252442	119.0039999656379	127.84199967980393
2.8060001087188735	122.41799986124042	107.99399982064953
0.6939997482299803	123.931999772787	106.88000004291524
0.8000001144409175	144.83600011795747	111.050000138283
-0.39799993515014603	103.59399997711182	100.62599990516917
0.9660001277923582	126.54799960732456	201.21199960351
1.530000019073487	148.0680002576112	116.5140000057221
1.175999832153318	117.57999967098233	108.15999979794027
1.0580000209808356	121.59800012588504	114.15199976921087
-0.4579999732971202	115.86999976009126	111.53799992084498
0.834000129699707	146.93800091013304	103.49600019931795
2.386000185012816	125.67000040531163	106.90000020027156
-1.0280001544952402	123.64399969413869	110.59000023365013
-0.058000059127807466	113.07600002288811	100.79800005912772
0.4619999217987069	123.65600077033037	118.31799993038182
31.67400048255923	110.58000008776781	102.45799990773206
0.2639999866485604	166.57199919432412	106.0940000104905
0.3979999160766608	149.23600022077548	106.34600001335144
6.911999959945679	112.16999987959855	117.29799973964688
-0.17000000953674257	167.05600034847842	109.2440001201629
0.7579999160766613	115.36799989700306	118.85400014400474
1.1640001010894787	114.40399997830394	103.40400005817416
1.3919999217987065	117.44400008082378	105.44799998283392
0.255999946594237	142.57400015950213	102.17400016307832
0.6300001144409163	122.39800034523013	104.7660000038148
1.863999967575074	119.68400003790843	112.76399980783472
4.6679999160766625	133.24200049608962	106.14599986195573
1.81399987220764	122.45400007784355	104.22200008869184
9.212000246047975	106.60199983596794	108.32200000762938
2.577999935150148	119.12800009727476	114.40600008487704
3.531999912261962	123.1480000889301	107.6860000619291
0.22800005912780888	134.13800008237374	110.35000017210842
25.67799986839294	119.12000079184773	104.39999991416941
4.48200018882752	121.46200003743161	106.355999751091
1.6159999370574938	110.31800013512373	106.06999997854234
9.852000036239618	140.9139998866617	104.9340001320839
0.3279999065399187	132.01600014805797	106.907999868393
1.2459998798370373	115.17799999117857	106.61200000762943
1.1079999542236318	110.02400006204844	107.38399967715142
0.01999985694885154	113.05599993288524	105.30000005245208
2.9760000133514404	123.18800011515617	107.66399993419645
0.5820001602172851	114.33200007438647	115.02400057077419
-0.08599993705749628	118.17399991214276	106.98400007128723
0.3420001506805425	90.88200020939108	108.0480000078677
-0.4240000152587875	118.43000010609626	110.54800002813342
-21.419999933242817	129.6420004069806	105.51000003337866
-0.16200006484985247	114.87000013351438	105.8260001683235
1.2640000915527334	133.0359997358917	106.6100001174211
0.16999987602233776	115.17000001475215	105.5360002982615
-0.3919999694824213	149.6860002988577	114.54000009059912
5.906000003814698	116.1520002579688	106.86399991035461
7.206000032424926	123.74200016379358	119.75800013542174
4.258000144958491	117.45800007879723	105.55799983739853
1.4379998779296863	109.2460002660751	105.55399997234339
1.059999999999998	104.97400000095354	130.76799997329712
1.488000106811522	115.63599977254862	105.68200024127954
1.6720000267028818	108.45999995946895	120.30800002381217
2.345999994277956	124.92200007662183	108.01000013351444
0.9880000305175786	113.8639998857677	107.9660001254081
-0.8720000743865939	114.74200031399727	109.7020000851154
20.5200001525879	173.543999693394	106.11800006389609
1.5199999237060526	131.4400002717973	109.63200002193454
3.0220000076293965	139.81999934867034	107.25800012975915
2.014000053405762	119.4059999704361	116.38599986553189
6.9880001926422155	121.29800077080723	109.82999990820892
1.205999946594239	108.40400013208394	107.01800001621255
1.1800000286102315	112.92999977111812	105.50200004577641
1.3359998798370358	122.7759996211529	106.41599984526631
0.8159999752044663	116.2959998852014	104.03199986219406
0.6320000457763666	116.78400020837769	105.66199977993978
0.5640001869201645	120.6939999070764	106.15200013905759
1.7539999675750717	120.97399977356189	107.14999982237825
2.395999917984011	129.3199996361136	117.0219998246432
-0.6479999160766596	123.222000451982	104.06999998569486
0.7359999465942392	105.61600001335134	100.02600010395044
-0.13800015449523811	113.88399986848219	104.35599998235709
1.9239999294281003	109.61400040745735	106.74199997663479
2.61200004577637	130.4760002492369	118.55199980020515
3.215999984741212	136.7500001239774	110.48399995803842
2.930000171661378	143.0479997611044	103.79400005340571
0.8379999256134018	121.33199982643114	102.64399991035467
1.000000019073486	106.3920001512766	103.71400021672247
2.7360000228881827	151.9079998928308	259.675998620689
1.9179998683929436	119.38999973416334	109.54199996232992
0.35800003051757745	116.54600004911417	103.96000009536748
7.0499998950958265	117.3940006017684	101.27599994659417
1.2679999446868906	152.3840001726152	102.53599994182582
0.3720001697540297	123.09999986946579	120.91399963974962
-0.9600000476837163	136.60200034320363	132.33200012683866
0.5859998226165767	136.50400015383963	110.77799999862908
0.3579999160766603	126.64199987351893	119.60600019931796
1.0799996948242196	121.28799978256227	104.68800011634832
1.3060000324249277	117.84800014019008	106.63999982357024
2.310000190734862	115.20999991536127	104.12799992755068
2.4840001487731946	134.9879998672008	108.21799973487846
0.6279999446868881	112.6020000137389	102.27600006937995
-0.2859998321533187	105.93199988096953	104.85000013053428
2.450000000000003	121.98999974131581	122.46399995386598
-0.06599999427795261	122.62999981179838	116.08600001454354
2.5160000419616697	147.08200022339827	108.26400012969965
0.38799988746643116	106.91600031420599	105.61999986886988
1.195999965667724	120.51200001955026	102.59999993324294
9.76800007820129	119.65000015944233	123.0220001339911
-0.6039999294280999	126.0700003635883	99.65200008392333
0.5339998817443846	117.03999979704626	116.91599987506865
1.2719999504089357	110.69799972653381	110.149999742508
1.0379999828338617	106.63400003910075	105.4980001497269
1.7920001697540284	137.33200028538712	159.41999964952456
-0.5999999427795398	110.1839998173711	106.55000022232552
1.034000053405763	116.43399997472761	106.92199999243029
2.8719999599456796	94.96800000429157	125.27200063228591
4.565999965667726	111.83999988138669	102.11999997615827
4.514000253677363	114.832000003755	110.06200018882745
0.7439999389648422	142.38400135666154	109.15199964761737
3.253999967575076	109.24799968957889	129.71199979856618
2.018000097274781	127.63800021409978	104.20399980068201
-0.7960000419616691	110.19400017529712	107.30400003671642
-10.33999989509582	125.07599982500071	107.5220000267029
1.5399999809265132	124.21599992036823	116.82199998766188
-0.4660000038146986	114.70599984884257	105.3580000853538
0.6760001087188713	112.19400017440319	150.7279998284579
1.4600000762939447	153.9640002387762	104.77199978351591
12.052000036239633	126.66999984979633	108.40600006625053
0.41800001144409127	107.3640003697575	108.86600013256077
26.65800034046174	114.5059999537467	115.79799999237058
2.5459999942779543	112.41800013139839	104.65000013828275
1.8979998302459693	116.14799989283091	102.25200004100807
4.242000112533567	115.01799999594685	112.255999878645
2.2680000019073487	122.07199966430673	100.8839999914171
0.8319999408721936	120.9280000573396	107.78400019168849
1.609999942779541	116.44599996089924	118.37999988079078
1.966000232696534	113.03599990367879	143.99400025025005
-1.2660000133514406	102.84599984526632	105.26200001716614
2.8999999809265127	107.59199986815457	108.06800008296962
12.971999797821043	109.65599975660442	106.99400010585778
9.426000127792362	129.82200013637546	127.92800000190746
3.8959998512268115	107.56400015830991	103.47000012874608
-0.9020000076293949	130.23399984955776	100.71199994564053
11.952000226974492	108.85800005435934	108.10800006866451
1.4620000457763678	132.12199936389922	107.84799999237073
-0.464000043869018	115.57799965307105	103.88999980926509
1.6019999599456778	113.64600019723177	108.30000042915356
9.161999893188467	128.36399965286267	101.39599990725527
0.9920000457763667	108.07600012153377	108.67800035357483
1.9140000247955329	110.2500000619888	107.9980000138282
1.4339997577667232	173.8400001733003	110.09200003385565
0.02599994659423724	103.79999987125403	109.69400004863743
3.175999984741213	125.33800013542171	103.76800026178373
-0.9020000362396253	141.12599935218697	102.67400007724754
0.011999988555909148	114.75199995994558	130.42199990749344
3.1539999866485617	120.3120001477005	104.83799999713902
0.6860000038146953	132.0420005443692	105.7940002393723
7.250000009536747	130.71000047534693	126.18999989271164
1.4100000858306874	141.51399985074985	112.2900001430511
2.3900000190734874	110.74199988216172	107.7399997973442
10.557999963760388	133.14800088047977	102.1059999552368
0.05999993324279877	114.47399995297187	112.566000198722
1.0159998226165785	98.11799989342687	109.49800024032585
1.3519999694824205	109.87799964055415	116.76800057411181
2.908000049591063	127.88399986147861	107.37999996185312
0.2439998626708991	102.75999990940093	103.29200002670287
0.9259999370574961	105.54800021171563	109.59800000399359
0.5600000095367439	117.12200017690644	155.40200076103218
10.841999778747548	142.35199976444238	117.74600016117093
2.8179999828338618	105.77400013253101	124.08000015735625
3.7900000095367417	122.62800014495856	119.2060000228882
0.5840000152587896	122.34399989128104	104.77000023365025
0.011999969482420866	108.74600002527242	103.58400030136117
13.099999876022336	110.50199989497652	116.07800003051744
0.1539999103546154	119.00599980831154	101.51600003957763
13.033999929428099	107.37799998521811	109.96199996948235
1.082000102996827	119.69800046473736	103.83200003623976
-0.22000002861023105	166.10799980878795	110.13600002646437
1.6280000495910638	123.46999978393316	108.54800016939639
0.4219999408721913	120.70600045204152	101.98999974727639
1.2720000171661372	113.26800022304056	108.07600026130675
0.7080000019073478	113.76199993997808	102.82200011730193
1.1300000476837162	109.94599972844112	101.7480000877379
-0.2639999961853039	127.8559997391699	100.2000001239776
-0.9060001945495588	123.66799980342383	106.27800014257419
2.4700000190734848	112.11199992448098	105.01399991124879
0.8459999942779525	110.75000003576268	110.85399980470545
2.284000015258791	138.73000032424923	121.54199986457829
-0.19999991416931126	122.13199963688845	102.98999994754789
1.1699999999999995	121.84199971199035	108.29600010812274
1.8820000267028791	123.086000122577	106.01199994087219
1.4379999637603775	117.14600035905835	106.41000024080269
1.7300001144409174	121.87200035810467	106.26200019359592
0.03200020790099953	125.79599988937392	106.09400007009502
0.021999874114989524	99.6140001249313	108.3180001115799
1.0839999675750709	114.17799996882677	104.11399991750707
4.46000000953674	149.61599923402076	105.11200006961823
3.4960000419616706	117.18799989223476	111.28599997520458
0.02800012588501136	115.18799986556176	109.58400019645703
-0.9579999923706056	106.74200007319446	104.13800003051763
0.2599998378753657	141.2520003533364	103.21200006484982
1.421999931335447	157.5260005496444	110.69199998587374
2.6840001583099347	110.93399995431305	106.38199996903542
2.0060000514984138	129.06399986267093	104.35199987888332
2.5080000877380386	130.6079999434948	102.85199996471411
1.427999992370605	107.63199996188294	105.69799994945524
0.6580001735687265	110.73999983072284	107.16399991810327
2.023999881744388	124.61999995410446	102.22800016403205
-0.34999998092651247	148.97599964633596	119.5579998302461
6.430000028610229	114.47200025558476	117.05600014686583
0.613999900817872	113.67999985396865	112.54800003886226
3.9339999294281007	120.47999973893151	106.43200003623961
3.344000110626222	136.3500001561643	104.35799992680556
0.9759999942779538	106.9399997806548	103.23399999856954
0.7020000267028815	101.9459998130797	107.1919999456406
2.1500001239776596	117.21000029563899	104.00800007820126
0.5519999408721926	124.84199972689147	141.36599983334548
1.2419999408721945	121.20800031095723	111.30199996471397
0.6780000972747809	125.72600000381468	121.60400019645692
1.7799998950958262	116.30400000333788	110.42199983313677
-1.0419999217987066	147.25200052261337	103.18800012826917
-0.22599999427795556	140.6939994758368	109.88599983215322
1.1739998626708972	110.06800034761423	106.64600014448162
0.8340000343322767	118.73799980282789	103.80200012683876
1.0859999275207524	128.14600020825864	123.514000043869
4.2940000247955314	146.88399979636068	138.69200016975407
1.637999992370607	119.63399965643866	123.23799985408787
1.1980001640319808	119.23399970009923	130.4559999775888
0.3919999790191668	136.54999982357003	110.43800020217894
3.114000043869019	166.4780003333094	131.02799979209905
4.699999980926515	110.96999997854223	163.5059998755158
1.161999940872194	126.11199988961212	132.3719999790192
0.8899999141693122	111.57199985981	101.96200015544886
-0.7700000953674316	120.85399988651278	112.09999990776184
2.3979999160766585	107.56999984860404	128.77999989509573
1.3900001430511477	115.12999997347588	125.70200002670296
1.4919999980926515	126.06599983423958	123.4619999794662
0.5380000305175779	142.13200048565866	124.58799997091282
-0.12200000762939299	124.38600004732606	109.12600002408031
8.483999872207644	111.21600002646436	123.3300000238419
2.804000034332274	109.26399959325789	109.24999992370611
1.0019999885559094	122.47799992203709	108.60600027561198
1.5580000209808358	115.07999972939483	111.77800028800958
-0.5079998683929449	126.8359998972713	108.08800003528592
1.579999961853027	111.25800009250635	112.3599999570847
-0.17600008010864093	128.92399969384056	144.52999993562702
2.093999919891355	112.56600018501281	102.53200000166885
2.6140001773834243	112.65400045633324	108.08200003147122
0.7720001029968254	138.85200021505338	102.90399980068206
1.5039999771118147	127.59799983367309	132.6880000078679
7.971999883651737	166.14600044786937	137.89200026035314
20.91200003623965	127.43600009858604	106.71200019359576
0.2639998054504392	123.74200016260141	103.01400009632113
2.5639998817443876	109.12000001370915	101.88600014686583
1.3739999103546148	138.4800004649162	166.84399971783154
0.08199994087219159	114.12200051069256	108.67199984550479
-0.33000012397765993	129.2519997198879	103.42000001311312
1.8340000820159916	117.77599996626367	110.78200009346007
-0.1920000362396253	119.11799986839291	151.2059992742537
0.810000047683716	113.84000057414168	101.8980002880097
3.4739999294281003	115.39600001811982	135.79600029826173
1.6720001029968268	142.46199959397313	105.30600016117097
3.1460000801086445	107.08199967563135	110.84399980604644
1.8600000858306855	132.41200019478813	121.0899999666214
1.1500000286102297	117.73600022792803	102.95399985194207
1.9859999084472673	111.42799987077719	103.79800023078914
0.8959999752044674	114.24800006866454	114.786000314951
9.197999877929684	122.32599976778022	107.48200029849997
1.8340000915527344	123.42999959945674	108.96000010967254
10.365999889373775	129.6539998149871	100.91000015258803
-0.1899999427795415	108.66999997615812	108.6580000925063
2.584000196456911	105.6659998655319	109.8139999234676
5.621999883651736	107.08199992418291	102.5560001754762
3.6679998874664292	101.29800013065338	102.16800017774102
1.3219999504089348	142.24000012516976	111.1879998636246
4.697999963760379	113.96199999809257	108.24599992752087
0.6260001850128181	102.36399998188006	115.77600039005273
0.8760000514984132	120.50199983313667	116.61800010800356
-0.03399979591369509	121.61399968147276	103.99399996757506
2.2420001029968266	127.46399974882604	116.4719998908042
1.4820000362396257	112.81600004553789	117.75599969625465
0.6860001468658448	122.25600017517789	112.9599998623132
0.18599989891052107	118.15600084364425	99.07000002861015
4.721999950408938	109.78800028324139	109.7939998722076
-0.3700002098083479	114.47000005483623	103.66799995422363
1.308000001907349	114.22200007915495	98.49800004482269
1.9180001640319815	112.38600009560578	104.37599974155432
2.119999818801878	103.97999984025958	105.99999997138971
1.7880000877380353	107.4800002026558	113.11599986076352
1.8839999675750767	117.63999986410136	106.05799995422356
1.7139999294280994	218.33399958014482	105.53200005054471
1.2059999847412102	111.85799966573708	104.64600009441374
0.4040001106262224	102.50799984216694	100.90000006020057
0.13199990272522028	107.19399985194207	105.62999988555922
0.47800000190734726	110.95400045663126	106.51800005555144
1.0459999084472642	168.8799997605384	109.19999990940083
2.5839998340606702	172.68599923729886	103.2799998760223
0.10600009918213038	100.62200015068052	122.54400002956385
2.949999961853029	127.05800018116823	105.11400016546247
2.2279997730255103	167.28999975681316	114.57800015106797
-0.17000006675720228	121.63400031209002	124.87400014877328
4.420000038146971	108.00799950122828	111.19600008010863
4.087999982833865	128.91800008296957	109.7199999511241
2.6460001945495604	139.71799972891796	109.63200010299678
1.5539999008178704	110.11999987781054	121.72599999904635
6.2379999542236355	120.02400029465562	118.02400011017917
1.688000078201291	115.45800009965906	103.79200002670285
1.110000009536744	120.60200048208236	103.11600008666518
0.957999982833862	130.84200005531318	117.2640002280475
1.810000104904175	136.21000019922852	129.8779999542237
2.2599999999999993	128.27199976026998	106.52200000524522
1.8239999961853013	118.7900001418589	107.1299997854233
0.8279998970031743	128.4600004541873	123.0460002064705
1.698000030517579	124.37200050950057	107.66200002074234
1.064000205993653	103.98999989867195	109.23200004100812
2.6680000972747795	114.77599997282026	110.51400000244384
2.2540000724792484	121.07800030708317	103.45999996185296
2.3180000305175774	146.70199948385357	108.53800019234416
2.9380001544952385	109.91000038623811	117.15800010204323
1.7680000686645518	113.51400023221957	111.51200005531325
3.4259998607635516	120.1680003446341	117.93999991267904
0.16800000190734898	111.32199961423875	108.9819999597968
2.282000131607056	117.53000013262043	103.84200006961815
2.3799999809265127	113.80400005936612	104.53200003147124
1.7300001525878874	118.70600015848876	128.79599985748536
1.7160000133514408	116.03600035309778	104.10599995806813
0.3039998817443865	127.04199991106981	107.57399983406061
0.07400012969970672	132.99999967694265	106.15999997138974
0.05199995040893472	104.02000015020381	108.37799984455111
