12.924000043869023
19.982000179290775
13.424000225067145
79.19200014114382
23.438000183105466
15.572000074386592
7.762000093460086
27.888000059127794
9.369999876022343
22.19399997711182
13.236000013351445
30.4360000705719
29.025999879837013
23.46600002288817
13.412000112533553
10.549999923706048
28.841999816894514
21.499999942779528
22.068000068664542
25.905999937057487
17.896000061035163
21.18800021171569
7.054000158309933
18.882000217437746
34.809999856948835
19.578000106811547
9.173999834060668
15.534000272750845
20.601999874114984
12.276000127792344
18.208000144958497
16.770000028610234
10.786000165939328
9.985999937057496
14.924000186920166
24.37800022125243
12.195999908447261
22.252000122070317
66.36199992179871
0.11399985313415704
13.060000019073481
12.042000150680531
2.575999908447264
12.138000040054303
17.846000118255624
13.909999866485597
27.23400008201598
23.69999982833864
18.13399991035461
15.571999883651737
12.885999994277954
17.200000085830695
9.192000122070318
14.101999998092658
17.77200018882752
28.273999948501615
29.614000139236442
29.04399992942809
17.150000000000006
0.11399992942809953
19.08400002479553
17.507999734878567
53.24599994659421
21.235999994277957
42.540000143051124
213.903999519348
15.728000144958491
21.783999986648553
66.73800034523009
44.33600004673004
19.991999921798712
6.7339999294281
39.60199986457823
27.66399994850159
17.200000057220457
17.2440000629425
24.781999940872183
20.40400014877319
55.69399991035466
38.58400007247923
20.415999755859378
35.57399973869325
12.30599999427795
9.404000034332263
8.352000141143801
11.293999967575065
12.534000148773194
18.715999994277965
62.57399981498715
24.131999969482408
23.523999929428097
21.675999917984015
32.038000183105474
29.16200024604798
31.468000049591055
36.17999989509585
4.278000078201297
5.16999994277954
139.89799987614145
10.421999959945675
9.814000148773198
14.257999906539915
36.46799974963068
31.08599983215332
17.954000272750882
17.254000101089467
9.876000080108636
21.590000076293954
2.0359999275207543
13.608000221252441
16.631999940872195
12.889999895095823
53.84599988937377
12.102000007629385
6.556000127792358
16.227999877929665
45.393999824523924
10.475999898910526
15.234000115394592
17.998000135421762
32.63799985885616
104.76799995422367
6.615999917984015
37.08199979782105
9.558000125885004
23.169999828338618
16.148000059127824
20.63799981117248
20.384000072479243
14.181999874114986
18.148000116348253
17.68400008678436
18.63599997520447
30.06400015830993
82.94399981498724
8.630000047683719
118.50999968528741
21.772000102996838
19.741999959945677
16.933999853134157
26.930000143051146
12.894000043869019
6.529999999999998
19.073999881744385
22.873999853134134
18.182000112533565
10.749999961853021
23.858000078201293
2.942000117301943
16.306000118255618
14.941999988555915
73.37000014305109
26.75600013732911
15.334000072479247
17.77199993133544
27.789999732971207
5.860000009536745
30.532000331878653
7.767999963760379
7.4520001697540295
14.12200008869172
39.72599992752076
23.42999997138976
