6.278000106811528
-0.17999984741211003
5.1539999580383276
18.28600003242491
10.7780001449585
4.672000083923342
16.788000144958506
2.8699998378753664
7.548000087738039
6.0720000457763685
8.002000050544734
6.1159999752044705
2.4620001125335707
-0.20999992370605355
5.72600005149841
-1.7299999427795405
4.413999996185303
14.224000024795528
3.3220000076293954
4.224000015258788
4.186000137329102
11.738000068664562
2.0080000019073494
3.8080000972747805
8.997999944686883
1.1900000476837167
7.168000078201302
1.8520000457763677
5.694000186920169
6.159999871253966
6.704000072479245
9.036000013351433
9.22599997520446
4.3960001182556185
6.196000051498418
6.955999956130977
11.58399994850159
18.394000062942506
6.8620000743865885
14.06999990463256
4.838000125885007
18.6939999651909
15.045999813079845
9.358000078201298
23.527999982833848
12.809999799728402
15.24400009155274
