116.88200027942658
15.184000005722048
120.52299978375441
67.36499960899351
37.321000347137456
15.22699994564056
119.47200038671488
22.20999972343444
20.760999989509585
22.766000075340283
67.90899958133697
109.16700123310088
75.2669997692108
44.59599975585934
32.82399963378907
78.01900011539459
23.545000109672536
48.02499948978426
14.159000077247624
9.573000140190123
97.99799990653985
100.50199966847893
6.382000017166134
22.291999883651734
16.385000004768365
27.533999838829033
7.019999990463252
67.20900042533873
16.8919999074936
31.647999906539916
283.8179972028732
7.315000128746031
77.57399919509886
21.20799973964689
6.534999933242798
261.4629987096787
56.15500062465667
6.006999959945675
146.83499967336653
30.761999993324277
35.41599986553191
13.711999969482429
98.10400091648103
17.066000008583064
4.432000026702884
52.65400003433225
157.25599991232164
28.499000358581554
100.87899936676031
214.68600048065187
38.04499953269958
43.75000042676927
39.18700008869175
65.20600046157838
31.05199975013733
111.40500036239627
8.242000136375426
161.08399989128117
6.196000175476076
20.168999943733215
45.28499998569488
27.71500017166138
22.852999992370602
127.53600083351137
31.20799971580505
5.658000044822689
1479.1949817752877
20.071000080108643
55.66899936676027
24.19199989795684
22.69699977397919
161.6929994440079
9.246999983787532
191.06299977779403
44.292999815940874
51.89200001716614
37.09499984264377
20.586999773979198
50.10599976062775
18.7129999256134
194.3309993489085
12.572999935150154
89.97599990844728
40.94699958324433
34.11500007152557
10.787000131607064
41.38600001811982
9.964000096321103
159.65599921420204
75.78299952030187
38.89400018215178
19.200000090599072
3.8239999675750758
9.561000061035154
79.99399990081781
4.57300008773804
43.73299971580508
267.5759999632834
11.878000059127807
6.172000041007992
210.92299969196313
10.850999879837039
8.95300010681153
20.676000037193305
41.69299983501437
79.80699985980989
13.847999982833858
72.0100000190735
10.289999928474428
64.51000010013576
40.585000243186954
21.952999973297107
106.88200007438654
24.20600011825561
10.683000020980833
107.56899933815004
47.09299972057343
8.668999996185308
81.2470002388954
62.42000047206878
72.68999949455262
63.0289996933937
155.3069991517066
25.307999839782713
13.05199990749359
428.83199521541576
44.445000143051146
19.3580000925064
45.03499972820283
4.091999983787539
166.45699879169453
17.35399988174438
118.05000074386594
66.96900017261507
97.95300024032595
9.535999908447266
82.4160003900528
71.4319997358322
36.134000082016016
17.605000181198132
9.106999969482423
166.18100014209762
19.7750000858307
56.22499972820284
16.308000206947323
164.8449983072281
47.26599994182584
75.69799999713894
183.33799928188327
4.70400004386902
27.817000169754024
43.71700014114378
11.951999850273129
33.20099966526029
35.44200007915496
14.196000142097473
27.21800026893617
74.89100018978121
21.927999911308294
16.121000027656553
59.30300018787384
24.818999943733203
50.37600010871888
213.22899707317342
78.27599938869477
9.766999964714048
20.971999874114992
26.0399997472763
109.79999950408936
36.77100043296816
24.945999746322627
7.681999969482419
19.847999916076667
37.744999895095845
9.275999994277951
11.955000095367431
43.739999928474454
123.17700021743777
46.442999825477585
55.047999777793905
201.26399803161607
186.3499991458654
288.88199846267725
60.42899951934816
127.93099973648785
34.11199997901913
61.58999991416926
2.0789999961853036
15.031999835968016
36.851999959945665
132.93599985003465
103.89500019550323
5.484999914169308
216.36799815461023
35.896999726295476
28.67499983310699
137.33299980163582
194.21699970722193
49.83800016403201
21.21599984645842
20.114999656677256
16.882999958992002
19.31800026893616
33.6309996843338
7.470000071525573
34.41600029945373
18.91400006771087
39.682999629974354
87.36399956464766
13.290999937057494
430.300995095223
59.586999897956865
51.43699989318847
4.616000027656555
9.77900014400483
65.46700013637542
60.04399982452393
25.969999623298648
8.469999880790715
15.14000012874603
44.32199976921082
163.40999938964845
10.700999970436104
23.832000050544735
109.63399986267092
23.703000068664547
44.54400000095366
1.8099999570846566
34.60699990272519
10.507999949455273
26.540999851226807
14.226000003814692
11.169000020027152
12.8499998998642
29.72299978256226
33.216999945640566
47.206999983787526
9.904000061005355
5.12999989509582
37.20400015354157
134.04199938476094
10.489000091552741
12.260999941825862
96.18899979040025
126.05099859118458
49.14099937438965
6.443000025749208
59.565999717712465
22.331000199317934
38.29699988365174
35.224999771118156
30.355000262260457
27.680999999046318
33.02700049877167
39.69800016880035
6.489999957084655
35.83900004863739
51.050000019073494
8.985999855995177
186.22899875730275
22.90600016593933
45.006999702453605
89.53500072240823
12.421999979019168
13.181999816894528
68.27599995613102
56.692999739646936
124.95299950599669
45.95200001239776
61.74999935626987
11.305000081062325
13.951999998092656
18.099999799728398
49.301999945640574
39.04300004005431
102.62099954366684
12.712999968528745
26.572999868392955
13.670000028610234
5.610000090599061
5.79799996614456
277.8539981973173
27.947999863624556
16.603999905586246
55.738000235557536
52.3559998989105
21.094000191688544
44.23300011634827
20.949999990463272
9.592000026702877
9.180000123977658
29.404000144004826
12.42399985790253
16.608000235557554
87.58599979400634
22.753000025749216
358.504997110367
21.063999938964837
57.20199988842011
58.673000111579896
103.71699889183043
43.02699969291686
39.907000064849825
8.310000205039978
13.910999903678897
11.119000024795536
48.84999968051912
25.000999822616578
57.24600016117097
83.76700028896326
258.34099873304365
24.519000020027168
15.465000128746038
7.466999912261961
26.096999907493597
9.831999917030343
6.0410000181198065
75.58600016117096
39.178000407218924
131.77599943637844
19.643000302314753
48.0550000858307
25.880999941825863
12.953999943733217
9.90499994754791
13.160000023841848
18.708999938964855
168.9749987030029
7.195000028610227
65.97599985599516
199.41899932384496
63.397999997138974
9.37199996948242
24.02999983310699
151.40999797344202
16.579999947547915
9.998000040054311
40.64499979972837
11.038999981880186
8.443000025749205
120.91799904346462
18.05500001430512
7.442999916076661
28.15999952316284
54.24299988746638
38.91899955272673
12.0310000705719
222.93099768161775
72.41600012421608
14.173000273704536
35.3470001220703
408.5549967145917
148.19700228929523
23.646000008583087
43.13099976539609
15.104999895095823
17.895999956130982
15.443000092506406
21.537999806404112
8.878999986648568
66.84300038814541
614.6559944343563
116.09399921417236
48.08100058078764
7.752999935150146
73.69400011539462
36.749999833106976
59.018000555038455
10.807999987602232
14.0169999885559
123.71700002104048
6.01700011253357
187.21500008866187
137.46800004482267
65.01899979114535
25.992999725341793
5.069000005722043
44.581999840736366
20.154999866485603
14.31400004386902
11.600999956130979
6.3780000162124635
102.06900034427646
14.222999787330634
38.917000064849866
124.42899960041049
8.477000102996831
8.201000089645389
23.561000146865844
39.36299993038174
11.039000039100646
90.62200059890739
95.91899914741516
79.05800069332125
21.983000302314764
11.858000030517584
18.56600008964539
3.818999929428101
54.52200009346008
24.915000386238088
9.587999920845037
14.447999925613399
64.41800019264215
34.67299982070926
227.85999949067838
26.32700018882752
79.91399974822993
25.859000029563894
104.37300023317336
19.968999643325798
74.20500021934518
48.19600001335144
33.92999979972838
97.69499994277946
13.562999973297131
13.397000107765207
47.98399968147279
7.437000036239626
139.97799934387191
29.226999959945683
21.794000048637383
25.84499977111815
18.201999859809877
25.06300001144409
12.936000037193308
5.946000046730042
17.053999948501605
13.077000036239617
67.66200020313265
66.74999980926509
166.85399969190368
13.414999923706052
180.76600036144262
17.66800016880036
63.980000209808345
79.72399995803838
7.985999917984012
41.03599977970122
81.47999992370606
9.053000092506402
10.78599995136261
103.73300071477887
57.17700021266938
21.943999876976026
81.989000453949
142.29299885749802
24.148000044822684
4.173000001907347
12.492999958992005
12.436999936103826
6.339000058174139
99.15900046348567
136.98299968481064
5.787999897003174
21.195000238418583
15.236999855041507
19.28200025081633
29.229000301361094
92.01299963831903
22.616999917030338
11.156000142097474
26.07999987602234
11.827999992370602
17.245999989509574
59.870999994277916
156.83499902725217
18.850000233650213
82.28500055313111
19.11500025749206
29.107999892234805
100.72699955582618
28.330000004768376
36.086000251770045
19.971000146865848
22.40599967479706
184.19399868726723
19.439999961853015
76.45500006675726
17.870000233650206
304.5549975752829
21.832999563217165
48.07600027561188
11.847999916076661
50.615000071525586
63.23900000572202
9.646000008583067
15.045999917984012
6.928999881744381
20.390000000000008
36.69799994468689
15.631999855041501
287.45899718523026
40.40600026607513
32.358000144958474
138.25899896502492
56.59300004959106
126.95099938392633
88.46699921488765
11.982999958992004
18.18899992465971
5.555999946594239
5.529000062942501
52.59999964237215
53.034999775886554
5.621000046730039
63.55900056362154
5.707000041007998
16.108999881744392
34.80400003910064
17.304000039100657
3.8889999055862425
114.71199950933452
29.12600016593933
24.423000116348263
25.341999740600595
48.94200032234195
20.598999710083003
11.753999857902532
138.0209994983673
55.24099973678591
5.351000070571906
11.754000225067147
47.50800017356871
35.788999891281144
59.01199991226198
28.185999984741223
95.38099905014043
52.02500034332275
31.261999921798694
111.64399966239931
6.055000095367433
107.1449994277954
121.11199988961216
58.74199951171876
17.88500034809113
10.478000049591063
36.65100005149839
83.0889996790886
11.129000129699714
19.931000099182146
44.188999814987184
40.26899953842164
6.925000066757201
136.39499982774254
9.212000093460084
11.170999875068658
270.82099759340286
12.546000013351446
111.63799941539767
14.708999929428108
144.52800018787383
273.417999420166
45.03000007152558
59.57199995517732
83.60200022220607
47.50400004386905
10.913000001907356
46.07400000095368
303.32999837875354
5.969999971389772
98.9120001406968
157.18599952220913
113.1799993801117
213.66399998664863
49.09699999809266
113.65800016403202
20.072000098228454
55.81799940109255
3.919999995231626
116.69400008201596
92.14199992656704
62.40899940490721
101.7719995450974
65.11600100040435
20.54399983406067
7.82799994945526
29.19999997138977
69.96800055980685
97.86199954986573
15.057000036239629
30.730999875068647
18.185999841690066
35.831000137329085
50.96299980640409
17.049000167846664
92.58999999165535
383.626996155232
43.968999834060654
16.58800016403197
92.99900025367735
43.138000030517574
97.32899910449977
102.7089998722077
95.04500003814695
33.29799956321719
11.3010000705719
117.66100007534018
132.31999900102616
39.06000009059907
163.47199965476983
211.0420001363754
66.11299994468686
28.580999755859388
96.98199960350988
108.13099954798813
17.46099995613097
95.16299999237064
8.402999939918521
33.34299970626833
5.273000035285946
65.21299971580507
22.479000000953683
113.82299964904787
75.97500034332276
12.740000042915339
30.169000306129462
35.33699967861177
74.85799996852882
130.19399944543838
10.542999911308291
74.15399986743921
94.5060001945496
60.72400024414063
35.2879999446869
10.733999862670899
23.72899988651277
27.359999966621412
14.867999897003171
7.7110000228881805
28.454000034332275
31.23200016975404
