50.04599931240081
31.712000284194964
42.71800029754634
12.216000013351442
138.0079992389681
5.380000000000006
76.39599983215334
24.847999982833866
17.46399987220765
24.13600012779235
74.63800044059754
32.71600008010862
114.80600043296825
9.145999927520757
56.36999997615813
88.64000016212458
6.4240000152587875
4.83800008773804
147.78600038528432
189.05199918031684
19.69400020599365
40.400000295639025
23.50599995613097
102.87399991855027
11.00200006484986
20.723999605178804
82.89600032806409
52.80000004768375
151.83999995231645
133.1539999389649
24.646000556945815
20.813999662399297
1.6059998512268066
230.9479987621308
207.48199908733372
33.28199983596801
94.77400117397308
7.40000000953674
127.46599846839909
61.177999839782665
95.50000033378603
70.18800024032592
86.62600094795216
19.275999755859385
309.3399969863894
62.15199984550479
176.7180000329018
31.540000133514386
54.04200021743773
31.202000274658204
35.31999983310701
25.80600010871886
50.440000047683725
154.5559992551802
85.9740006966889
124.71599955558779
24.929999752044676
80.12800023078923
20.039999828338626
10.479999990463265
71.74800027847292
143.54799935817712
122.80000015258778
61.59599976062778
49.614000101089445
60.12799990653993
44.986000308990484
23.3239998626709
51.67600017309186
15.704000015258787
29.080000219345116
32.834000129699696
8.942000036239621
99.12200000762945
16.860000123977667
34.50400014877315
4.610000066757205
84.09999961853026
62.854000082016
95.69999931335451
94.30199987411493
44.08000000953674
200.5459987616538
29.37200006484986
796.5179934597016
102.952000336647
17.95200002670289
199.94599851608288
25.081999797821034
18.482000284194925
18.020000123977656
28.182000112533565
37.29199996948242
85.97599984168994
16.918000011444086
37.56400021553036
131.7100005292892
23.681999959945664
6.986000165939331
71.88999982833863
35.50200061798096
7.137999925613408
70.93800006747239
62.47800011157988
226.48199888229365
39.351999883651715
56.78799989700318
117.5860002481937
13.257999801635746
104.53800093412399
198.1819990062714
4.576000070571898
67.177999548912
75.22999957561498
103.48600051879885
85.45199920654295
25.136000280380248
56.93599992752075
132.48799972772585
17.341999979019167
34.69800011634827
62.14400009155276
210.61599782660605
31.697999877929664
31.168000130653365
45.44199969291691
26.125999794006347
28.049999904632543
337.90199768066435
25.2059998035431
33.905999870300306
44.02399991989138
33.63800020217898
50.83399938583373
148.6700003623961
13.187999963760374
105.76199927330012
7.37399997711182
45.271999740600585
44.037999935150175
50.75599986076355
40.525999927520765
60.34199974060057
22.507999906539904
6.503999958038332
45.70199984550472
33.85400001049043
34.84600007057193
193.36399830579768
31.025999784469608
46.427999782562246
19.26600001335144
63.80599994659421
51.46799975395198
7.810000200271606
89.66199956536296
138.603999170065
13.895999975204466
58.020000162124646
21.016000242233257
32.63800001144406
39.22199964523318
20.642000007629402
22.23800020217895
107.38400003433235
303.40199857711764
20.980000114440898
62.882000045776316
127.11600011825567
29.006000289917008
146.30399921417256
90.87399977684022
243.43799953937523
77.73199970245359
50.87800021171566
107.4959999203682
83.02600078105925
13.156000051498422
72.90800055503846
186.2739985370636
31.83800007820129
70.61200031876567
243.0039982163908
110.12199962139131
49.058000178337046
22.46600005149841
85.54000065803517
157.38200095176703
100.79600024700161
25.52600022315976
68.6860008525848
10.844000205993643
23.56399974822999
34.54199997901918
33.1480000591278
4.670000033378605
62.20599982261656
48.52600006103514
68.38600006103509
26.001999998092636
13.775999975204472
27.65200011253358
23.83199992179871
-0.27999998092651324
34.41199987888336
14.240000019073488
133.44999983310694
24.658000221252458
5.731999940872188
6.143999977111822
38.16800006866457
52.76800004482268
18.360000171661376
20.013999977111826
17.355999908447277
8.158000001907348
33.31800023078917
10.076000080108646
58.03200094699858
7.549999828338617
56.071999540328974
31.822000284194953
84.77200098991396
10.813999929428112
19.765999908447267
12.96799996376037
147.7339992284776
77.51599987030026
22.86599997997285
14.307999897003178
13.697999839782717
21.241999816894534
11.518000125885022
45.75600026607511
127.22399935483932
87.72399948120115
27.030000047683718
43.752000198364264
107.51399991989138
37.51599996089936
159.31599944114697
59.387999897003155
60.967999563217184
21.453999881744387
135.50199973583216
33.96200010299684
62.335999383926406
29.846000070571897
162.1359987445177
45.780000009536764
11.107999887466429
102.55600033760075
97.62799971282479
118.26799971580502
124.71000007629392
145.6899995470046
67.4899999046326
21.761999979019155
35.118000335693345
334.02199751853976
25.694000434875473
34.93799967765808
20.993999958038334
55.37199993133546
15.907999868392944
68.78599986076357
14.484000110626218
10.67399991035461
40.93600000381467
128.48400024890898
42.54000034332278
35.90199984550476
86.66600016593927
83.62600004673003
231.70199754714966
18.197999963760378
246.83599878072727
83.70400061607354
38.46800011634832
97.54200001120572
81.12000076770784
17.884000082015998
21.288000059127818
4.885999984741214
82.20399858474728
121.49199965476987
85.60799970149995
39.19600017547608
52.2060000371933
16.460000123977657
136.35400060653694
92.50800054550167
96.15399998664857
236.31399793624863
56.42000055789949
105.78599997520446
40.74199964523313
74.51199994564048
44.3480002307892
181.9479990029335
37.865999994277956
141.98599896430954
25.716000185012813
9.885999822616583
29.743999719619744
52.08399998664859
156.65000008583075
56.205999546051
110.78199935913082
55.199999933242765
30.014000062942515
56.69599971771243
8.050000047683715
204.73599992752085
256.53999802112577
24.009999999999966
14.06200023651123
11.954000177383422
271.6319982206821
51.2200000905991
43.27999989509583
148.50199999809257
15.20200014114381
20.492000207901
18.939999914169306
8.864000034332271
153.86599859714502
18.17199980735779
171.2420004677773
38.40600012779232
58.9420003700256
265.9239976692202
61.87199993133541
17.58199987411501
56.67400025844574
4.756000080108646
29.61800050735472
27.615999712944035
28.25200024127959
44.55799987792967
119.05599990129463
42.059999904632605
81.56199909210208
22.64200026512147
18.39799971580505
15.000000162124635
9.959999876022332
17.128000106811516
34.25599987506867
224.53199792861932
21.41600009918213
74.31799983024592
93.11199905395503
211.0800009202957
46.378000020980835
89.96599994659427
6.110000038146973
103.57200042724608
208.92199986457834
17.921999835968023
121.46199965387581
51.206000270843525
287.54799834966695
11.990000076293953
107.83200031280515
9.238000164031982
89.31599993228917
20.304000310897816
117.73599906444538
74.52200008392339
32.67800024986267
34.288000011444055
74.88800022125253
12.792000217437751
101.16600026130668
118.13800008773795
13.962000093460084
44.344000644683895
33.280000247955336
111.55599950790409
90.39399961471558
33.270000152587876
11.557999887466426
27.34000027656555
16.49400008201598
77.92800039291382
29.28799980163575
31.88599964141847
108.50800016045571
55.16999991416931
6.41599987983704
133.45199987411507
93.7679991233349
126.550000591278
25.72799982070924
24.519999980926514
188.20799986884006
97.35000020027164
298.52399714469914
105.02200008392336
13.026000077724472
14.398000049591065
237.6179985427856
144.77599954485885
77.4380000209808
53.43600055217742
13.979999971389761
41.05999996662143
15.983999843597418
43.40999996185304
48.83799986839295
282.6339989948272
442.7219947624207
28.448000001907335
30.723999862670922
29.74399981498719
131.51400074958798
33.540000019073524
153.22799887657158
118.04799946427345
91.9679989433289
102.0060002231598
104.6000004816056
18.542000036239628
289.11599741697296
136.77199899673457
125.35999965667727
21.973999881744387
162.3179993534089
176.73199935674674
146.14399856567397
89.3059996891022
179.4079994606972
345.24199782371517
233.40999895572668
82.26000030517598
24.288000097274768
44.66800024032595
92.70599982261668
19.523999986648576
45.5079996395111
77.89600003242495
74.17000016212465
151.2900011062623
70.50400015830996
109.19399895817044
39.46000012397768
33.75000018119811
16.378000078201296
34.32599981784825
39.90800002098085
52.359999885559105
136.39000016927713
34.245999994277945
-0.41399992942809977
90.38599929809563
34.46000022888186
12.649999971389777
6.942000017166141
26.657999968528735
35.15799989700315
249.38599945425986
71.2679996013642
140.4839987468719
120.80599972724923
104.63399939537047
95.90599993705747
8.469999961853029
108.32799958586695
71.86600002765655
76.40999964714052
19.94600003242493
78.38000050544744
48.372000050544735
9.061999988555897
128.35200022757041
140.57999992132193
96.75399965286253
116.69399924755096
53.24999958992004
122.73599891662602
13.912000293731687
90.51800070762629
134.24999958753565
86.65999948501586
34.16599991798399
109.59799973487853
60.33600023269653
13.892000050544732
28.899999904632566
5.473999996185304
18.890000286102286
95.56799987792972
8.23600016593933
1971.9359755516052
52.560000123977645
9.942000093460086
134.98199985980983
31.34400001049043
1971.6479754829381
137.8959997749329
37.55999974250794
32.82599999427796
120.3039998829365
24.99599989891052
22.610000152587897
17.0680001449585
62.60799967765808
39.52800018310547
74.0859996688366
49.75599975585935
8.757999801635732
50.320000181198125
53.23800028324124
18.413999910354608
53.920000271797214
184.09800013065333
205.71199947357186
41.32000021934507
287.0039980792999
44.7259997463227
41.19799977302554
26.908000078201304
183.95399867683665
45.50600008010867
16.784000139236447
61.52600066185
55.42999994754793
44.68399978637694
204.97999840661876
290.3319988060002
64.65800118923183
7.658000097274778
96.09600066185001
40.81800009727479
15.554000120162973
38.93000006675718
21.24600004196167
43.994000129699664
58.63799987554553
133.1719997048377
23.269999866485584
57.79199995279311
71.31399964332589
14.266000003814701
61.61599996566782
21.626000108718866
7.192000064849855
157.15799921035764
93.20200057983398
21.559999914169325
225.46199890136728
88.86599966049195
384.1899964904786
145.74800074100497
12.229999980926511
40.18200013637545
67.53400011301049
4.636000051498409
36.101999728679715
92.45000008583068
16.696000022888192
127.59199953243143
25.644000244140635
25.493999996185302
84.33999973297124
15.470000238418576
9.387999801635745
62.808000154495254
134.20599922180182
19.088000183105475
12.442000169754031
138.3720007419587
17.469999866485587
27.36999987602235
16.361999921798716
21.972000179290767
70.67799976348876
18.648000268936148
19.98800001621246
134.40400002479547
44.893999991416955
122.13599968910215
91.79600044250492
51.99600016593929
33.28000033378598
68.98200002670285
2.5519999504089355
7.268000144958495
447.7819983196261
60.71799963951108
79.13000039100648
26.018000001907343
3.4640000534057602
224.94999931633478
27.44399996757509
175.69199944496165
57.49599988698959
109.02799978256223
22.04600000381468
32.46599948883058
47.988000135421764
19.222000017166163
57.775999591350576
13.242000093460089
7.796000080108644
152.0319990424812
17.106000299453733
23.11600005149841
52.02799985885617
18.106000108718877
36.05800011634826
29.32399984836581
32.21000023841861
70.03800087928765
35.62199996948242
55.118000011444096
187.67799878954895
57.84999997138975
46.35800019264218
10.389999952316291
56.13999947547914
116.47599971175184
421.55199634313584
