8.852999987602233
14.737000093460082
0.6279999494552626
15.455000038146968
3.165000109672548
13.791000103950502
7.420000066757206
12.379999928474438
21.273000211715683
13.477000207901002
2.6570000076293954
19.189999656677234
3.599000067710876
4.420999884605408
6.274000215530394
20.569999928474427
6.105999979972841
5.398000016212461
4.1030000829696665
0.29400006294250486
14.988000044822689
8.491000075340274
3.474999971389768
0.6820000839233403
0.41799999237060503
16.389000043869025
8.618000011444089
12.559999833106996
61.9420005607605
8.287999839782719
5.57300004005432
3.992000136375428
32.183999915122975
27.793000411987286
5.54400003433228
9.504000000953678
7.946999998092647
32.28300042152405
2.072000069618226
14.41800006866455
2.678000125885011
1.733000025749207
11.177999973297112
2.832000050544739
18.092999858856206
24.224999739527696
20.951999740600595
1.7550000381469737
6.251999897956852
2.7290000009536737
5.585999965667724
18.041999864578248
1.4059998750686653
2.3990000820159922
4.969000010490412
6.428999996185305
5.27999990463257
22.304999752044683
12.71300007820129
1.9390000581741333
8.013999972343447
4.438000097274784
22.86499992132185
4.587000045776366
13.259000105857847
11.518999752998349
4.647000088691708
25.703999962806733
4.592000050544739
7.0699999380111676
2.7489999341964726
9.339999961853033
6.986999912261962
11.922999997138977
0.6730001735687255
4.630000000000002
12.236000046730048
0.23499995708465687
5.882999949455263
8.958000044822686
8.695999913215639
1.6670000505447384
11.20400006771087
4.838999929428105
5.09699998378754
9.250000081062321
5.302999892234802
4.47599989891052
5.532000007629395
28.573999555110923
8.336000041961672
7.790999908447269
2.5489999723434464
10.76500000476837
11.481000046730035
0.5360000467300414
4.360999960899353
8.175000019073492
1.8720000123977674
30.603000297546377
3.3420000696182264
7.734999933242796
8.99300015449524
13.361999869346622
54.95199919223781
17.76000039100646
25.553000335693362
23.498999848365802
109.99999915122987
4.100000128746032
6.627000184059145
7.654000043869017
16.116999988555907
3.452999916076661
3.2739999771118153
10.426999850273127
8.253000044822693
6.130000133514407
1.8690000057220446
14.458999891281128
15.722999868392947
36.153999600410415
4.972000036239625
5.985999922752385
4.509999995231628
8.737999978065487
5.894000182151795
8.46399994373322
7.381000089645388
11.192999935150132
18.703999943733226
11.38099998950959
6.104999985694881
10.283000121116645
9.688000063896178
6.321999988555908
26.88799997329713
46.65199974536895
