95.74999964714053
36.86400014877319
0.9039998245239249
31.755999774932867
12.089999847412107
68.64799991607667
3.648000087738035
11.63799982070922
11.369999990463262
1.5259999561309818
14.702000093460073
17.172000083923333
33.94800003051757
99.18399995803843
1.767999906539918
5.1159998893737795
40.663999996185325
45.88399968147277
58.734000139236464
36.3380000591278
35.77800014495851
16.347999939918505
39.75199998944997
17.356000146865846
47.05999986648557
64.86399964332583
56.03800001144408
14.900000104904173
14.57799984931945
17.375999917984007
23.21199987411499
12.76200002670288
25.441999883651725
13.865999765396117
0.9780000972747787
35.43799994468685
39.74999987602233
27.697999954223647
17.83600008964538
31.001999979019153
335.1919990825656
5.751999845504761
46.2080002117157
6.195999898910525
78.97800011634818
47.63599990844729
173.0659997177124
2.4659999084472672
3.20800003051758
31.002000045776356
7.9419999313354515
21.324000091552723
16.185999817848206
87.69400019645694
9.665999965667725
4.626000089645387
233.50600066184995
10.618000144958494
62.67200005531312
36.29800011634826
7.873999986648558
73.11000033378602
23.949999895095825
29.037999849319448
24.54000008583068
23.838000173568712
74.22000019073484
10.934000034332271
28.13600002288818
7.168000040054323
-0.7899999999999996
9.792000064849859
23.295999965667733
4.616000108718869
20.47000000953676
10.357999958992
8.157999897003172
15.339999942779546
11.272000017166144
29.272000017166157
11.218000068664555
38.01000020027163
27.075999984741202
20.552000017166133
65.087999792099
81.30000041961674
1.1179999160766605
22.667999944686883
9.755999994277955
-0.526000022888184
80.11199975967409
21.730000066757217
0.9259999752044675
17.63200016021727
22.863999958038335
663.9500010681151
7.065999898910524
23.91599995613098
14.489999675750727
10.279999971389772
52.003999881744356
226.1259988117218
47.03000002861024
62.079999809265146
33.541999588012686
12.198000040054314
28.346000251770032
33.69200034618379
26.643999891281144
38.223999919891384
0.49599983215331905
29.402000017166127
4.698000020980835
33.432000093460104
10.43200006484985
60.32400009155274
119.93799933433533
2.634000129699708
150.2499995231628
104.6720004081726
18.68200010299683
18.306000127792345
24.03400010108949
17.630000247955312
76.34400056838993
7.735999927520756
31.56000002861024
38.29800030708312
20.593999900817877
145.51000032424918
107.85000006675716
36.29000038146974
34.09800013065337
37.67400029182434
1.9779999637603785
10.819999847412099
24.5739999103546
12.821999940872177
27.756000165939334
51.479999685287474
348.66400050163264
2.653999929428101
122.80199979782105
116.51199989318852
33.65199994087219
18.691999979019148
17.969999866485608
21.022000122070327
10.312000064849856
28.57599994659423
60.04799976348878
308.49799877166737
21.400000085830694
18.545999975204467
36.758000106811515
34.91799999237061
13.870000057220462
45.79199983596802
29.652000055313078
80.34400012016293
70.01200075149538
34.623999767303495
64.2059998130799
424.14199813842754
0.0539999294280993
23.911999855041493
27.19199985504151
64.55399994850161
16.496000204086304
263.4379990768434
15.28799995422365
21.865999956130977
48.2519999027252
41.0180004119873
25.82399987220765
0.6359999275207538
12.607999963760372
22.737999973297118
12.877999954223629
18.301999998092644
10.817999987602244
4.772000102996823
46.57399996757506
11.923999948501582
10.973999996185302
44.31000017166138
12.95799993515014
2.099999933242797
21.716000099182118
0.15399986267089716
10.953999919891352
2.2480000782012968
17.742000112533567
30.50800000190735
15.807999992370606
17.846000165939323
18.408000030517588
17.030000119209287
43.91800004005432
124.37200043678284
9.941999950408933
37.278000040054316
48.744000072479224
8.588000001907352
6.519999980926513
122.7659996414184
-0.3860001087188706
9.048000097274775
13.520000057220454
46.283999929428084
14.703999958038331
48.49399994850157
32.14200017452241
38.78399979591369
40.47800004005438
16.20400003433228
14.821999988555923
1.602000074386598
55.31199950218199
19.154000062942504
15.620000028610235
23.427999954223615
123.17599982261662
19.53599989891053
15.33799991607666
38.14000018119811
5.436000089645388
9.680000104904167
7.010000181198118
2.75199984550476
20.50999987602234
24.71200031280518
18.93399993896483
23.820000057220447
48.94000014305115
61.08200007438658
2.2639999294281017
23.538000078201293
18.93000005722047
18.363999872207643
243.70399939537054
17.200000085830684
84.54399980545041
14.70799990653991
-0.08800012588500879
24.63000012397766
117.55800040245053
28.626000032424933
258.23999888420116
24.26400012969973
44.71800033092501
19.28399990081787
20.03999999046325
29.66799983024596
57.62599990367889
117.7800006866455
404.3879989814764
35.63799986839295
43.09799984931943
16.144000062942496
128.0900000953675
36.30600007057188
35.73999985694885
2.0660001850128165
42.07999994277952
42.695999822616564
58.60800043106082
30.306000204086324
13.764000034332277
4.862000083923339
13.150000133514402
60.242000079154955
30.660000019073497
24.452000045776348
2.005999994277953
5.866000051498413
38.624000129699674
23.758000040054338
32.219999923706034
25.27400009155273
14.92600008010864
18.485999946594255
39.616000289917004
77.8779997062683
31.940000028610207
253.52400024414052
69.45399990081786
56.39400012969971
4.6640000057220465
62.90400013923644
90.29999974250795
61.235999717712396
31.377999925613416
13.691999731063836
137.38599978446962
126.4840002059937
39.26199996948244
60.80600017547613
37.52599991798402
1.467999982833862
29.657999897003194
25.89800018310546
23.223999881744405
29.93199981689453
39.308000230789176
82.5159997463226
20.035999956130976
4.447999906539918
19.4060002231598
46.836000061035165
7.61799996376037
74.5239996814728
16.378000011444087
6.383999919891355
102.86999994277951
120.69000038146976
48.82999980926513
6.59200001716614
60.58599997520447
49.970000085830726
13.332000112533569
1.4380000782012932
11.505999822616575
54.7420000553131
45.06399994850155
31.043999977111827
20.346000032424914
-1.7839999580383317
27.193999872207648
32.21000000953673
30.19000007629397
159.27200029373168
83.94800045967104
29.842000131607072
44.9900003147125
16.199999828338626
69.49599999904632
48.996000242233244
21.358000144958503
147.39399967193606
40.11399997234345
37.35399997711181
20.2339998626709
15.646000041961676
30.529999902248374
15.156000013351441
37.792000036239614
78.49400039672862
39.34999995231629
94.97799992561345
14.365999898910516
70.16799999237067
22.895999908447273
3.27799994468689
5.2239999866485585
342.340000386238
17.883999910354607
7.626000089645385
2.5979999732971204
45.35999988555909
26.12399998664857
18.328000020980827
18.068000049591056
55.08800025939939
13.536000165939328
20.313999967575082
161.03999995231626
21.32599996566773
-0.3439999389648439
47.34200028419495
43.90999970436101
90.35200068473813
33.57799992561339
3.7880000877380375
289.22599940299995
13.795999994277956
1.166000108718872
32.34800002098084
7.233999996185303
19.614000129699708
25.210000000000015
6.368000059127806
38.32999978065491
51.57799995422366
15.193999900817865
7.3800002193450895
28.05600010871887
69.0679999923706
18.85200008392333
19.689999809265146
22.98399985313416
33.285999898910504
30.09599997043607
15.333999948501587
278.0640001773836
68.79999975204471
-0.3179999446868906
127.48199948310854
0.8659999847412124
50.52399996757505
57.422000055313156
23.4779999923706
17.548000059127823
79.42599987983704
18.61600008010864
23.888000307083132
11.958000078201295
8.534000034332285
36.89599981307984
5.898000030517577
37.34199995994569
15.300000047683719
15.127999906539923
59.41199994087225
32.94800011634831
23.367999935150138
60.99399990081786
30.000000114440905
20.49999993324282
41.50399984359739
14.457999982833872
48.58800002098087
0.48200000762939393
62.0399995803833
30.24400014877318
18.630000171661376
18.091999931335458
40.1599999523163
49.17000007629392
61.62199994087217
21.114000082015988
2.1499999904632587
97.7200001621247
18.91600021362304
9.960000038146973
70.92800006866455
24.884000186920176
35.837999887466474
11.150000071525579
24.102000122070308
63.55200057983401
36.068000078201315
25.788000011444087
86.35800002574918
39.083999881744376
7.269999914169315
30.665999898910513
24.885999937057505
114.54400045394897
24.826000080108642
25.271999998092653
18.72599998474122
37.28799996376038
23.26800002098082
24.938000093102456
39.07799982070923
20.679999933242808
19.967999925613398
20.26600006341935
8.490000047683724
76.87400020599372
174.6119995880126
62.13599999427794
73.89800022125243
31.73999984741211
19.475999927520753
43.08599972724916
20.112000160217274
23.019999990463234
82.74199964523315
20.057999773025504
18.65800001144409
7.128000087738035
31.75599998474121
67.21199970245362
329.2039998435975
8.76400001525879
14.893999910354617
1.4520000267028819
1.244000062942503
1.6939999294280998
74.73799988746637
0.06200010299682523
112.48799960136422
36.66000024795535
110.65799983024597
24.357999935150147
2.246000051498413
15.155999994277952
39.594000082016
