4.243999881744382
6.136000022888179
7.233999872207639
2.703999948501588
3.8559999370574944
28.23999981880189
-0.3620000171661375
21.65200040817262
2.9179999732971202
2.843999900817872
4.202000131607054
10.264000196456923
12.040000095367416
32.17999994277955
19.9179998588562
15.697999715805052
3.569999732971189
1.9879998779296866
11.82199996948242
2.523999986648559
9.7400001335144
2.633999986648559
1.7819999217987057
5.725999975204468
5.652000093460083
4.6919999694824215
8.035999746322627
1.6800000286102277
0.9000000381469725
7.431999969482424
2.7499999761581386
4.065999937057501
5.345999917984008
11.54400000572204
3.862000007629397
22.12800004005432
4.322000188827512
0.9180000114440916
6.2859997749328596
2.058000030517575
13.900000028610226
1.5779998874664292
4.065999898910522
3.154000120162965
1.9779999732971196
30.073999781608574
2.083999977111814
9.268000040054327
38.07400023460385
11.895999851226808
6.815999946594238
1.107999992370605
4.461999998092656
3.0260000038146964
6.583999872207641
-8.369999885559082
14.020000085830686
6.1779998493194554
20.300000090599063
6.044000110626215
3.418000030517579
-0.18400004386901928
7.478000040054326
5.3400000000000025
1.858000078201297
9.962000093460095
9.805999717712403
6.168000116348265
7.673999786376951
77.0879998493194
0.7700001335144042
8.822000055313113
0.189999914169311
12.775999870300296
3.3480001258850116
7.829999961853029
5.776000041961668
-2.1200000000000006
12.564000134468074
14.065999879837046
12.29199975013733
13.591999988555909
-1.3660000991821295
5.154000062942502
22.450000076293943
15.794000225067144
2.6860000228881864
2.921999998092651
13.368000001907335
7.306000032424929
26.46799985885621
2.5020000648498537
-0.2780000400543202
6.583999919891358
-0.36800001144408995
6.204000101089485
12.40599989891052
5.248000059127806
1.7279999828338624
14.272000017166135
3.0939999485015877
8.948000078201297
12.732000112533573
7.944000253677371
6.930000019073487
57.24599965333941
-1.050000076293945
3.4400001811981222
61.05400032997126
4.785999946594239
3.8800000381469752
23.313999881744397
-1.3780001258850116
8.841999845504757
2.3840001010894785
5.908000202178954
2.3820001029968263
4.612000122070313
6.355999984741207
9.504000082015992
2.173999986648561
1.5179999542236322
1.9020001125335713
5.924000072479246
7.855999965667737
1.0059998607635485
10.563999967575075
2.3300000953674296
1.8720000743865939
0.09800001144409251
11.500000047683713
1.3479999446868887
4.8300000953674305
4.767999935150151
3.123999900817872
1.9999999427795423
5.4859999179840155
2.7659999465942406
5.239999990463251
0.029999980926513282
1.440000076293946
0.40599989891052324
2.071999950408936
6.858000211715695
0.7400000762939445
18.201999750137333
7.410000038146975
12.924000101089476
13.396000070571905
-17.97000012397767
2.0519998836517335
13.192000036239621
15.522000036239621
5.796000080108645
4.6360000514984145
4.575999975204468
21.84800012588502
19.9240001487732
16.93399971961973
12.425999937057497
7.264000101089477
3.2440001010894766
25.934000110626236
13.26599999427794
-0.39799976348876925
1.2000000095367425
17.339999914169297
-0.8359999561309815
-12.931999874114998
19.787999992370604
10.033999824523931
21.576000146865844
2.570000047683717
4.639999876022333
9.626000003814703
5.718000125885009
3.9540001106262195
21.758000144958505
7.254000024795531
9.56600009918214
2.8999999904632583
5.570000047683714
1.038000020980835
8.096000108718867
10.310000095367425
5.224000034332276
5.185999889373779
10.113999938964838
7.078000020980834
2.7420000839233394
8.49800004959107
0.8760000133514397
0.11599999427795389
2.3740000724792463
3.0580000686645508
0.8739998626708967
2.6260000324249266
14.388000116348266
2.964000101089477
1.529999914169312
2.6659998321533203
-2.918000097274779
6.697999858856202
1.9959999179840073
1.2140000915527356
4.939999885559079
1.8360001754760724
3.114000015258789
1.823999977111815
7.091999912261964
12.153999805450438
0.6259998226165754
4.970000190734862
16.06200006484986
3.1639999580383287
2.319999942779543
15.288000307083124
63.53199925899506
-0.22600010871887238
0.10799998283386103
1.1460000324249273
8.8719999217987
3.274000101089477
30.284000139236436
-0.47800008773803737
1.3260001945495603
21.0280000114441
24.10800026893616
2.273999958038331
5.804000043869017
7.955999994277959
24.13200026512145
2.652000017166141
5.26599992752075
4.937999916076657
2.3739999961853004
7.139999923706054
25.470000047683698
3.060000095367433
5.165999908447266
5.282000131607054
17.740000276565542
-0.16399996757507243
2.3339998340606662
5.606000156402586
28.249999847412123
10.093999891281124
2.478000049591064
4.268000068664552
1.4499997997283955
5.072000007629396
0.03800001144409049
29.199999637603764
9.27800004959106
8.626000070571898
2.1999999809265143
5.655999898910529
8.61599989891052
0.5540001106262195
1.1779998874664313
3.8980000400543213
45.92800024509433
