116.88200027942658	62.53000003620981	70.49599977970128
15.184000005722048	61.30599998861551	79.995999917984
120.52299978375441	63.83599994659426	75.95200010776519
0.9190001153945918	66.08999976038925	71.46799969196316
67.36499960899351	73.86199981331822	76.64799985826019
37.321000347137456	56.898000001907334	123.20000023543813
0.475000071525573	70.65000009223826	82.47400047302251
15.22699994564056	62.48600006937986	77.24200006127363
119.47200038671488	67.51600012898447	74.14999991014605
22.20999972343444	66.61600001811982	75.37400016367434
20.760999989509585	63.316000127047246	68.81400003433225
1.099000010490419	58.9260001635552	70.62999977871786
0.8449999809265152	61.293999957144244	78.19999988079071
0.8520000219345083	66.19999965071673	74.1120000171662
22.766000075340283	68.73600024223323	74.85600006371743
67.90899958133697	66.99000027924772	76.07200034141536
109.16700123310088	63.4959998369217	88.35599998205902
75.2669997692108	65.3659999704361	67.41399992942802
44.59599975585934	63.360000298023216	85.39400023967028
32.82399963378907	61.29200010761616	76.34000005006787
-0.08100011825561527	63.36400004923346	71.36600002109996
78.01900011539459	67.6180002593994	66.84999994397157
-0.1579999637603768	61.9019999925792	76.44199993610378
3.7180001163482648	67.60800002872948	67.83600003197787
23.545000109672536	58.01800005018712	65.90200000047678
48.02499948978426	66.76200016438955	78.80399993419647
14.159000077247624	64.76400035962459	75.07200034737585
-0.004999985694884683	63.13800010249019	97.55199993997809
0.6409998941421513	63.20799985587596	90.8800003051758
9.573000140190123	62.837999970912925	64.77599990844728
97.99799990653985	65.14599986076357	68.25200024604793
1.5940000629425035	62.10999985694885	74.61799991369244
100.50199966847893	66.6120000362396	70.05200001791124
-0.7049999380111681	70.16199983835214	90.82800005555147
6.382000017166134	65.74599957585332	62.967999964952476
22.291999883651734	70.57599984169006	72.55199991106988
5.033999886512756	61.45200033903126	66.93200001239776
16.385000004768365	62.63999987840648	67.2619998186827
27.533999838829033	71.71799995064738	68.5960000610351
-0.3000000190734865	68.11400014519693	98.57600004285565
7.019999990463252	61.57999999329447	66.01200005531315
67.20900042533873	64.2200001573562	84.33800027608869
16.8919999074936	59.09199988365175	66.04400005817413
31.647999906539916	61.190000046789635	72.54200029492374
0.08800004005432159	85.03799979969861	74.60600019946698
283.8179972028732	60.449999976158104	67.79999987483022
7.315000128746031	79.24200015306452	70.17800005912777
-0.18500007152557316	82.55200019255281	65.01800017118458
77.57399919509886	66.59000005692243	69.77800038427111
21.20799973964689	62.897999850511525	71.94600002527235
0.6029998826980587	62.241999838948246	75.93000020697721
6.534999933242798	81.70000019073483	67.19999992132189
261.4629987096787	63.864000035971344	72.80800012767315
0.4920000362396242	59.36400008961552	67.21599976539618
0.5680000448226948	66.67599978446962	71.7420001482964
56.15500062465667	60.46599982097743	85.51800001144402
6.006999959945675	71.3899999284744	72.38800017267461
146.83499967336653	65.37000006318092	71.26199993610388
30.761999993324277	146.78599937796594	110.06200014144181
35.41599986553191	60.8160002493858	65.94399992465979
1.4230000638961804	66.72599992945783	79.78999985218049
-0.07800004005432166	74.5120001506806	61.60600007906557
0.9289999675750745	63.69399989888074	65.19599979728456
13.711999969482429	66.04800001144405	78.1400004716217
98.10400091648103	63.57800002336499	69.94400013089175
17.066000008583064	64.49000006675719	69.75599988341335
1.1490000200271597	64.99200043976306	63.13599998652934
4.432000026702884	64.06000012308357	93.81600040674226
52.65400003433225	78.90799984216692	71.12999971151345
157.25599991232164	63.869999962300014	71.89399977490305
0.018000035285948544	60.67000005483628	71.23600014433268
0.9969999265670773	70.31400002911684	99.01600013732904
28.499000358581554	64.95400013446805	70.99199999004595
100.87899936676031	66.8120002269745	72.85400010108947
214.68600048065187	66.12000021934513	68.10799984931946
1.3169999885559096	81.50999968364827	87.96000018998978
1.6599999952316296	59.423999719619786	88.03800000667577
38.04499953269958	61.56999980166553	72.81200005054475
43.75000042676927	59.68799995183947	71.85600020647043
39.18700008869175	67.2500002360344	65.97600003197786
65.20600046157838	60.934000036716455	66.1500000882148
1.0549999952316282	66.27400002196426	87.30000012755393
31.05199975013733	66.1480000333488	66.8240000963211
0.14999998092651398	69.07400009155276	66.14400026559831
111.40500036239627	61.67200004771352	86.32199983820315
1.7689999866485593	81.16400031566609	82.18799968272452
8.242000136375426	65.57399986028669	64.51599992752077
161.08399989128117	68.31800005137914	69.79800024986271
6.196000175476076	55.468000066131346	100.89400042057038
20.168999943733215	59.12400007203218	71.70000014066693
0.4909999752044671	64.76799993157381	69.59400002956384
45.28499998569488	61.58400000095367	68.69200016140942
27.71500017166138	65.6879998350143	66.5840001165867
22.852999992370602	64.27400015354159	74.22600001573561
127.53600083351137	71.39599987864496	70.00600047826761
0.7199999332427989	63.52599982887513	83.47999973237522
0.5400000476837152	65.40199990034104	66.9919998502731
31.20799971580505	67.74199986457822	80.43999965906146
5.658000044822689	61.3939999365807	66.2360001850128
0.21599993228912304	67.27999971032135	73.0999999332428
1479.1949817752877	53.029999935776004	60.7260003635288
20.071000080108643	60.34600002765654	87.05999994277943
55.66899936676027	59.82200013637542	70.03399997711178
1.816999950408935	72.56399991035457	97.92199949562544
-0.09700003147125236	59.57000008821492	66.82999997437001
24.19199989795684	81.50400007873772	70.09600019216539
22.69699977397919	63.465999897718476	95.43399993896472
161.6929994440079	81.90800009191034	71.53399996161451
0.6669999313354504	58.853999993801125	71.65000004410741
9.246999983787532	63.76999967575074	70.07200004577639
191.06299977779403	56.478000065386254	65.0099999207258
-0.10400008201599074	72.58799973428256	81.79600016593936
44.292999815940874	99.9579996678233	66.58200014501809
51.89200001716614	66.03799973011012	81.04999986052515
37.09499984264377	62.67799997329705	74.73799977064138
20.586999773979198	61.895999966859776	82.01599977135663
50.10599976062775	57.10600000351672	68.48600018501278
0.8879999971389763	63.98799994707109	72.36999994277957
18.7129999256134	69.08399992465964	71.00799990251657
194.3309993489085	70.54000001907345	69.34200010061261
0.06999998092651381	60.025999922752355	86.63600013911724
12.572999935150154	67.89200020551684	68.09999991178509
89.97599990844728	62.226000002026474	71.84799999356261
40.94699958324433	101.89400046110157	68.90599993705749
3.768000025749208	68.65599999904634	71.22199995040897
5.806000108718869	69.50200034722688	84.5319996142387
2.3970000791549677	68.96600010037416	71.21800006300217
34.11500007152557	58.18599989652636	73.29000029563906
0.39199991226196285	64.13599990367885	70.45400002956396
10.787000131607064	82.51200017869479	65.31200000151992
41.38600001811982	65.86000027179726	69.11999988734718
0.8409999656677235	66.2400001955032	67.91000007629397
0.5060000610351553	58.0220000457763	83.83400003939867
0.9440000009536739	82.90399982452391	73.86399998068818
9.964000096321103	66.84599998190997	91.23799988985064
-0.8050000381469725	71.21799970865246	80.45400002241132
1.26000006198883	71.04400003433221	70.04000013589857
-0.5030000257492054	60.43199989080425	79.9559998095035
159.65599921420204	63.60800006583333	88.54800006628037
75.78299952030187	61.30400013267992	72.8339998856186
38.89400018215178	66.00599982857699	81.49799991130828
1.8110000228881824	67.78000003278257	89.33799988269806
19.200000090599072	67.19199987769125	67.15799993515012
3.8239999675750758	63.13400000244379	72.60000022411346
0.6129999637603747	62.59399996995921	71.06000019073484
1.7789999008178699	58.442000150680464	65.32200003147123
0.3079999351501467	65.67399983882908	69.21199973940853
9.561000061035154	62.00199991822242	70.20600006580348
0.10900002956390353	68.15799991369245	82.95400027394292
0.08499994277954107	75.94200011342767	70.54000000715256
0.5019999551773083	61.962000174522395	68.11399988055237
79.99399990081781	67.22799989268184	93.158000266552
0.7690000295639033	67.385999994874	66.38599983930582
4.57300008773804	73.83200033664704	68.53999974250789
43.73299971580508	63.56200026944277	66.15000021934507
1.6869999885559093	67.55000012010332	66.43200015544888
0.4600000143051152	57.825999848842606	69.26199994087219
1.4349999666213988	71.23200006961824	73.45599990844728
0.7710000801086432	62.07199992299078	78.87600009992711
3.5069999170303343	59.83000000357627	69.41000001072874
267.5759999632834	65.42399997234342	71.3100002098083
11.878000059127807	66.75599993348119	69.94199996531009
6.172000041007992	63.01999981522556	66.57399991586806
4.835999984741212	75.32800008296965	71.65200007438656
210.92299969196313	61.29800025552515	70.80599992573258
0.06800002098083377	61.490000078082076	70.45400009393694
0.9900000715255743	62.05199982523917	81.5020000711084
10.850999879837039	73.2039998960495	68.76799986034636
8.95300010681153	71.14000002145767	88.78999974012378
20.676000037193305	60.26399999737741	73.16400030136106
41.69299983501437	69.3039999386668	70.28199995517728
79.80699985980989	58.40800003454087	94.83799979686734
0.7130000400543212	60.380000183582254	71.92999988943336
13.847999982833858	61.089999692439996	69.69599982500074
72.0100000190735	59.39399982929224	67.82599995732303
10.289999928474428	60.8400000190735	70.99799999237058
-0.3179999303817748	75.1940000383556	82.69000026658179
-0.20200004100799468	62.28799990177153	73.97199998855585
64.51000010013576	67.10599983930585	74.40200008034701
40.585000243186954	62.31599990129467	66.53799998477103
1.0730000209808337	66.60799960047002	77.91800005674364
21.952999973297107	66.56200013786558	102.75800028800964
106.88200007438654	61.98999986171727	77.60199996322392
24.20600011825561	70.25000009536747	71.01199986457826
10.683000020980833	59.27799994468681	76.12000006437295
0.8720000934600838	69.28000008344647	76.97600006610155
107.56899933815004	67.55800008237364	72.99600001335143
0.9069999933242789	64.45199981689451	72.13400013685224
47.09299972057343	77.62000011920924	73.20200003385546
8.668999996185308	73.3080001449585	73.65600000262255
-0.20899994850158582	62.827999980449704	77.25399989604954
0.183999991416932	63.20999981999391	69.59999982357029
81.2470002388954	70.38000011071564	78.77799993515019
0.9539999723434454	62.29000026464464	73.96600006103519
-0.5960000038146963	79.89799998804929	122.58599956870077
0.14500002384185745	60.68400017142298	73.53199985980986
0.9079999303817757	66.27599986463787	113.31199993848794
62.42000047206878	103.05200030207637	80.22600030422211
1.5179999685287464	74.06400030851366	70.42599997997283
0.19699997425079377	68.7139999341964	102.37399967193602
72.68999949455262	66.7339997848868	72.51599997580051
63.0289996933937	65.3720001363754	67.7039999103546
1.6719999837875372	74.63400026082998	74.37200003862391
155.3069991517066	62.22400007724754	67.47599996685983
25.307999839782713	59.711999988555895	68.66599989891057
-0.1300000047683721	65.25599977254865	116.35799985945229
13.05199990749359	66.73399995088575	103.52399954795843
428.83199521541576	65.41599978327748	71.89199992418277
44.445000143051146	60.531999826431324	68.94999989509583
19.3580000925064	61.04400008916858	69.46399998188016
45.03499972820283	65.16000020027155	66.8760001182556
4.091999983787539	65.76400001406662	73.82000002920626
166.45699879169453	64.91999995663764	98.30800032138838
17.35399988174438	59.449999957084664	65.45600006580354
118.05000074386594	60.87400001764293	97.20399982452406
66.96900017261507	74.2940001381933	80.41800038099294
97.95300024032595	73.83800044730297	68.18400003671645
9.535999908447266	70.01199988365174	87.69999995708474
82.4160003900528	65.06200000405306	75.61199974060065
71.4319997358322	59.43400002390144	69.20400022506715
36.134000082016016	75.02000024557108	73.96800019502642
-0.2809999704360964	62.65000005364414	65.64400019168858
17.605000181198132	67.50200008869172	69.32200009346003
9.106999969482423	60.99199989199636	82.60200024992237
166.18100014209762	70.21600008487697	76.51800036430352
19.7750000858307	67.44599995493886	88.73400009885432
4.251000056266783	76.59999979496	84.36399981319913
56.22499972820284	69.39400017976757	76.1160001003742
16.308000206947323	72.57600007340304	75.31999994277953
0.11499998569488659	66.7920002174377	87.14600024342533
0.6920000362396242	58.07800000429152	71.23599999427798
164.8449983072281	66.63000012874603	68.12399991989133
2.3400000476837155	76.70200027942661	71.49600035190579
0.26200004100799534	60.125999768078316	67.60800013780594
1.1979999542236317	70.68400007009508	72.96199990153306
47.26599994182584	61.43999993264673	75.86200007006529
1.0289999961853036	74.28599967479705	70.0300001934171
-0.20200006484985347	71.136000173688	72.97999984741212
75.69799999713894	63.44200014233585	68.12799989521505
183.33799928188327	57.598000053167354	74.41400017738346
0.07199995040893681	60.53800003603097	90.65600042343142
0.6369999837875355	69.09200034856792	77.45199982404706
4.70400004386902	68.29200005412103	73.9420000469685
-0.5150000905990603	57.04400026530025	81.42200020551688
27.817000169754024	69.4699998605251	86.50199996948251
43.71700014114378	59.04400006294249	84.17399977415802
11.951999850273129	62.16000007867815	66.58200026512145
1.9030001163482682	69.35400000900029	71.38600007057184
33.20099966526029	66.66200001001357	71.29000013113021
0.3240000247955324	64.23199987247587	86.29800027936697
0.7309999799728389	61.51199992775918	70.23000005960465
35.44200007915496	65.9840000107884	105.79400027438999
14.196000142097473	65.42199995160098	70.71000008463861
27.21800026893617	99.88400021016594	66.65599998950962
1.5930000543594365	65.95400006383659	75.82400005176665
74.89100018978121	63.71000018358229	73.94000003337855
21.927999911308294	59.1920001734793	66.97800005912784
16.121000027656553	87.29799999713889	73.58600000485778
59.30300018787384	64.6959999120235	86.1899995875359
24.818999943733203	67.82199997350575	69.70599974721665
0.08699991703033362	77.88200013875962	84.50599964141844
50.37600010871888	60.286000165939264	70.99800022512672
213.22899707317342	60.77999995470046	70.09999996185306
78.27599938869477	61.979999945461714	87.1360005640984
1.0309999847412121	65.72999990463252	82.0919998264312
-0.7730000925064083	69.3459997653961	65.26200004369021
9.766999964714048	68.92599981665609	65.74199999809257
20.971999874114992	75.71800020217889	84.54600019931782
26.0399997472763	60.87000022038819	70.42200009882453
109.79999950408936	61.120000117719144	73.67999983131891
36.77100043296816	66.2379997974634	71.78000002384184
24.945999746322627	66.33999986648564	73.61400026798246
7.681999969482419	73.09599997997279	88.38999965041886
19.847999916076667	73.70399965956808	76.15800007820133
-1.0700000476837164	69.08599987506865	87.05999963283539
37.744999895095845	61.911999889612275	74.44800022304055
-0.7690000677108768	65.32599993035195	66.41200023651122
9.275999994277951	61.77600002646451	70.64399998366838
11.955000095367431	67.32400015756483	68.75400000095362
43.739999928474454	63.75400002673271	73.95600008070473
123.17700021743777	62.60400022983552	103.105999751091
46.442999825477585	58.291999931037395	66.81400016307833
1.0620000171661366	63.66800016880037	78.11399999618538
55.047999777793905	77.65800017118451	65.30600007772446
201.26399803161607	66.96199998140334	70.43999998286364
186.3499991458654	60.952000107765095	70.07400009632106
288.88199846267725	75.55600004673013	107.6300003600121
0.5839999532699595	64.96799997925753	68.45200038909915
60.42899951934816	63.21600014030932	83.88599997520464
127.93099973648785	63.30599992752072	68.17000019788739
34.11199997901913	65.9200000429153	81.53199986696248
61.58999991416926	69.97199994564059	67.66399991512294
2.0789999961853036	78.26999946355818	74.5320000295341
15.031999835968016	62.51200016021729	70.92600003719328
36.851999959945665	63.49400012016291	66.16400013566012
132.93599985003465	69.12400016069408	67.04400008201597
103.89500019550323	68.83800006866453	82.58000011444094
5.484999914169308	61.174000110626245	79.41199998140333
216.36799815461023	80.42599993705753	79.20400038003926
35.896999726295476	74.58799999311556	66.98599996864796
2.7360000228881853	61.141999995708474	77.53799996018412
1.983999991416933	81.32199995040901	70.69799976989636
0.073999967575074	59.8660000348091	66.20999997377402
28.67499983310699	60.28999998450277	68.09599996179341
-0.08599999427795517	80.75199955970048	73.85799972712994
137.33299980163582	69.96799985885616	78.14800004482275
-0.4020000267028813	65.3240000122785	91.87800008118141
194.21699970722193	76.86600027322764	68.5159998929501
49.83800016403201	66.33800010919575	72.55600010633464
21.21599984645842	72.04199975103134	84.96000027179713
20.114999656677256	56.98599997282028	64.06799988657237
16.882999958992002	60.74799998283382	75.8779998242855
19.31800026893616	62.53399994373323	69.64199997246263
0.9189998817443837	64.7259998989105	74.41999989509577
33.6309996843338	81.4039999699592	75.17800030708307
0.17999999999999866	65.01800014168015	70.78000006675724
7.470000071525573	69.68999975681302	70.23600001096717
34.41600029945373	62.597999944686926	74.07200008779753
18.91400006771087	63.702000015974036	65.53199990272522
39.682999629974354	65.54199998378756	79.38399979710579
0.8780000257492058	74.89599993035188	73.71400008678434
87.36399956464766	66.26400014087561	82.09999985933317
1.3179999303817744	70.18199981927874	67.27200008630746
13.290999937057494	60.615999916791914	71.70999992698432
1.3069999694824215	60.06200022250419	70.22599977374077
0.18700005531311054	56.242000170648154	90.53799956798555
430.300995095223	72.2179999446869	71.66199987888332
59.586999897956865	66.03199993133542	74.94399992942807
0.17999999046325782	66.31199994444852	68.25400008484726
51.43699989318847	63.421999975442866	62.62600006103515
4.616000027656555	61.00000011205678	74.46000016212463
9.77900014400483	62.2620000441372	72.1259999775886
0.29899993419647153	59.44399992465977	68.79400023415684
65.46700013637542	67.88000016212466	79.75800013065339
60.04399982452393	69.2079998934268	65.45599998280406
-0.29100000381469854	65.01200046777723	65.52600001335142
0.21900000572204706	61.79400006055833	70.13600013449792
-0.3169999694824228	61.330000157356274	63.34999992370603
-0.27900004863738986	60.603999912738736	75.19400015711778
25.969999623298648	68.26999982833861	71.82399993300439
0.7749999141693117	61.78800001814958	113.54999991178511
8.469999880790715	63.43200008869173	74.99600001335143
0.09000004768371624	58.38399994492536	80.25200003430247
15.14000012874603	71.38199959471824	67.18600009202956
44.32199976921082	62.02600015401839	66.16599997878072
163.40999938964845	71.38400027751922	124.02199952006345
10.700999970436104	74.47800022721286	73.67600013256077
0.20599995613098115	67.07400011062622	67.80599987030031
23.832000050544735	71.19799984455108	73.87599985241889
109.63399986267092	63.70000017642976	73.77800007820132
23.703000068664547	69.98199980378146	87.37399990081785
0.024000077247620252	67.74999988362194	67.32400031358007
44.54400000095366	64.37200001239775	85.80000001639138
1.8099999570846566	58.96400000214579	79.60399965882299
34.60699990272519	66.30199993908411	69.59400000810628
10.507999949455273	59.295999999046295	70.46000013470648
26.540999851226807	74.29800012826921	74.63400017112498
2.3820000743865974	66.30199983209366	69.11399985313417
14.226000003814692	65.489999986887	73.34400029659277
11.169000020027152	58.6420000688732	73.79800006866455
0.9480000448226924	63.030000057220505	76.70199992060655
12.8499998998642	66.03800027787685	92.44000000670546
29.72299978256226	60.94799991071228	67.70599980473521
0.8900000286102308	67.26799979880451	107.83599982738497
33.216999945640566	61.70200004756452	67.61999998331066
47.206999983787526	66.60799989461894	74.21599994778626
9.904000061005355	61.55000001385809	73.2560002326966
5.12999989509582	61.47399970293043	68.49999999135733
37.20400015354157	72.01200004816059	73.74400026798247
134.04199938476094	69.87400023743501	63.309999899864174
10.489000091552741	60.57399992108345	70.7219999609888
12.260999941825862	63.80200001358987	94.74400011301049
0.6850000000000015	69.62600004106757	95.1320001393557
0.7460000753402711	65.43600006580357	71.92999992370602
1.1499999856948857	64.58999967962505	79.09399998843679
1.2150000905990612	65.02200018167494	75.70000000476841
1.469000105857848	89.10600015386939	78.2020001137257
96.18899979040025	80.0019998306036	76.59000030279157
0.2840000104904173	61.34800013720984	71.78200016617774
126.05099859118458	67.24000000536437	82.36400013804435
0.38900005817413447	64.54199991464615	79.81200013875964
49.14099937438965	61.20800000429151	68.6640001821518
6.443000025749208	61.186000025272406	71.57200022459031
0.4810000276565555	65.3060001659393	70.32999996185299
59.565999717712465	63.4460001683235	67.86800010442732
0.5940000104904182	66.67399983808394	67.09599987983697
1.3530000019073478	65.8119998157025	62.4419999915361
22.331000199317934	79.19000001668928	89.74399989843366
0.7540000915527347	69.7040001761913	77.65600036859513
1.8999999570846542	66.89600011736151	83.68400031656026
38.29699988365174	58.143999971151324	101.05800026893613
-0.007000002861022891	58.767999988794294	72.10999973773954
35.224999771118156	70.08400033742191	67.43799974441527
30.355000262260457	70.33399996638292	71.30800014019007
0.3900000143051138	80.15599995940926	78.05599984437221
27.680999999046318	65.73600015595548	71.2319999560713
33.02700049877167	67.82599990963935	73.83200018733741
1.5400000381469723	62.61199994385246	72.89799991130826
1.1909999132156381	78.43199980571859	86.88799973249438
1.2849999332427962	64.89600007236007	71.80400010585784
39.69800016880035	61.62800004243852	87.8040003180504
6.489999957084655	64.35999990701683	73.10399983882908
35.83900004863739	59.87000018119815	77.26599987149241
51.050000019073494	60.833999941050934	65.87000012516972
8.985999855995177	62.91400014758108	69.53400028228762
-0.8129999685287479	63.80199979066841	96.36800012543792
186.22899875730275	65.62200006008139	68.33200001955026
22.90600016593933	69.68200009062885	74.87999984502797
45.006999702453605	79.315999917984	114.83000020682819
89.53500072240823	61.47799994632603	68.07600021362308
12.421999979019168	67.35800006508832	68.63600002616639
13.181999816894528	59.677999762743674	70.21599983215323
1.0730001115798944	61.4319999217987	76.33399989128107
68.27599995613102	92.33399974584569	77.01000002026562
56.692999739646936	58.997999804019926	82.23799992561344
0.1079999446868897	62.443999950885804	84.43200004577636
1.4410000133514418	67.91599988937372	93.56200024604799
0.05000003337860091	79.65800011947738	73.41600014686581
124.95299950599669	64.97599998712543	70.70600004673003
0.018000025749205773	65.22799986004831	71.28600016593934
45.95200001239776	67.03800002709036	92.22200009346007
61.74999935626987	73.11199984788892	64.18600008487704
0.25999999046325795	63.0059999732673	83.82600033462046
11.305000081062325	57.94399987965818	87.00200013786558
13.951999998092656	67.34000037431716	70.86600002765648
-0.3850000810623168	57.875999984741185	75.73400009274495
0.5010000133514394	63.312000050544746	81.395999774933
-0.16200010776519674	58.970000009089624	66.66199996277693
18.099999799728398	61.108000035285954	64.63200008705256
49.301999945640574	80.37200024411094	75.97400021582847
39.04300004005431	70.45800020813937	75.06999987602238
-0.17400005817413286	65.0440002137423	88.58400034666066
102.62099954366684	61.85000003814696	72.52200005769734
12.712999968528745	86.94199971556651	72.49799997851252
26.572999868392955	59.51399994373318	99.30799987912187
-0.4860000705719002	61.34800017833714	79.9580004489422
0.1239999437332149	76.29200034022332	70.33200000286104
13.670000028610234	67.25599986389285	84.86400006651883
5.610000090599061	60.27200000524524	68.75399990975856
5.79799996614456	64.16600006908182	76.26800025820728
277.8539981973173	75.8920001550018	84.83599983930596
27.947999863624556	61.6580002188683	70.98600007295612
16.603999905586246	61.73800005599859	72.67799990653991
55.738000235557536	60.88399983704091	72.24399991184474
52.3559998989105	61.866000012159354	66.61799994468693
21.094000191688544	58.83400013685225	72.41200005769733
0.5810000085830697	83.51199946224695	70.95400022625915
44.23300011634827	67.64000026792289	81.27000025272368
20.949999990463272	68.50000006794932	69.92400003433227
0.6200000143051139	64.0200001192093	70.37999993324274
0.674999976158143	62.69199991703031	89.09999990105628
9.592000026702877	63.94800024271011	70.3539999884367
1.398999996185304	75.50199962973598	72.4920001417398
9.180000123977658	64.28400004863744	81.13400011777871
29.404000144004826	57.769999935030974	71.14399981379502
0.48599988460540855	73.49599988415834	89.62599977970127
12.42399985790253	60.27400020837785	78.01200004100806
1.3750000333786008	67.51800027370452	77.49799994230267
16.608000235557554	73.14799980968236	71.32400000572204
87.58599979400634	73.83400032430887	68.8259998214245
22.753000025749216	59.29000000238415	81.77800028562542
-0.38799998283386156	134.70199923992158	84.01600010871886
0.6320000743865951	57.5959998703003	65.89600016117097
358.504997110367	69.14600008010865	77.00599999666211
21.063999938964837	60.35400010704991	73.03600019454954
1.1720000839233407	65.140000166297	72.96200010061263
57.20199988842011	64.65000019788731	68.487999830246
58.673000111579896	59.49400016665458	70.44399981617923
0.21400003910064702	62.91400002628559	68.97400028288367
103.71699889183043	63.20199994623661	69.4259998142719
0.7909999513626109	62.652000169754054	100.8799998569489
0.7379999971389779	71.75599987983698	103.8539997196198
43.02699969291686	62.77800001978876	85.60600013256075
0.1549999904632558	81.55400035023688	79.02200019001963
0.8159999036788945	60.938000087290995	73.34599985837933
39.907000064849825	66.67200004577641	69.22400014787907
8.310000205039978	61.28999998807909	126.11999968439338
13.910999903678897	66.68600019365547	72.72999993860721
0.6949998998641979	61.714000014066684	69.29399997949604
11.119000024795536	72.4600002276897	70.8399998563528
0.3319999408721934	60.009999979734374	66.97799991518262
48.84999968051912	67.31600020408636	70.93599996209149
0.5749999284744264	72.2900000905991	66.49600009366871
25.000999822616578	66.02800014689569	77.05199982404706
57.24600016117097	67.96799980163568	72.31800020396712
0.5430000495910656	67.76799965620044	78.73000011920927
83.76700028896326	65.03799991935492	69.52400001674884
258.34099873304365	66.89200005531306	73.08999989986422
0.1939999628067004	63.86000002980227	66.84599999427793
24.519000020027168	79.38000036984684	78.34800020098697
-0.2229999303817753	66.96800007104875	82.52000011876228
15.465000128746038	63.86799985647208	64.16800028324121
0.48300000667571996	63.516000018119776	78.95399984121323
0.9099999618530262	70.32799983739847	67.01000009536735
7.466999912261961	68.2160000437498	79.57600012630225
26.096999907493597	63.097999844551104	68.72000015020363
9.831999917030343	63.553999845981565	67.33600005477665
0.757000083923339	64.31399999499322	71.54000012755394
6.0410000181198065	74.72800019145014	69.18800018787381
0.7389999818801875	60.508000109791745	68.94800004005428
1.7439999294280997	71.43400020301338	71.56599979400639
75.58600016117096	66.6739998435974	70.28000010490422
-0.10900001049041666	65.67199996709823	100.70999985218035
-0.6000000143051151	84.27400028228759	84.49999993085856
0.241000027656555	63.32800006866454	77.51400024890901
39.178000407218924	72.51799981594083	85.23999999642382
131.77599943637844	59.895999985188226	71.46999987050897
19.643000302314753	86.26800022065636	76.23599969387055
48.0550000858307	66.67200019836422	78.30000007390973
25.880999941825863	64.82000005483624	71.5900001049042
2.1609999990463256	58.9059998726845	83.0560001282395
12.953999943733217	63.92600011348722	73.55000010490426
-0.05899989604949955	78.96799990803	76.7099999737739
0.23400007724762095	59.941999879926406	66.85199993610378
0.734999990463257	66.62799975872039	68.55000023961072
0.7890000104904159	62.24399994969363	72.49199993968011
9.90499994754791	61.263999885767724	71.39000009775155
13.160000023841848	72.04600018262853	75.99200003385542
0.6409999608993523	73.9000002670288	73.05800010919567
18.708999938964855	67.19000004425646	72.82999971151361
168.9749987030029	62.22000014066698	69.4859998488426
0.25400004863738956	62.479999945163726	80.61200026795272
5.553999986648556	62.597999900579495	76.48199980586763
-0.2639999818801888	58.14600013852116	73.28399986445903
7.195000028610227	59.91599975705143	66.60399997234343
1.1649999189376836	70.51999992609025	82.69199995100503
1.3259998464584337	63.18199968457224	89.34800042510027
0.5520000648498525	74.16999994039537	75.58399998188013
65.97599985599516	63.93999979227777	106.9140003319085
199.41899932384496	66.56600000381472	67.52799991250045
63.397999997138974	89.49600010544057	68.6180000266433
9.37199996948242	65.59400007277729	73.9219997930526
-0.009999918937684073	64.85200016736982	73.3160001039505
24.02999983310699	65.07999992847445	69.35600006863473
151.40999797344202	63.45599998474117	72.20400016784667
16.579999947547915	61.926000189781185	83.65800020605325
9.998000040054311	66.85399996638293	81.56799985885624
40.64499979972837	72.04199977606534	68.17600005626676
11.038999981880186	76.5140001444518	71.4840000757575
1.2410000610351555	66.15000000476833	82.08400004297485
0.3300000429153432	63.883999741971465	71.7320001769066
8.443000025749205	65.99199978590013	72.51200000286104
-0.05799996376037544	65.6320000332594	82.80999957561494
120.91799904346462	67.7779999268055	67.79800006866449
18.05500001430512	62.65999999403953	86.46800023317341
7.442999916076661	59.783999991416856	68.99399989604944
-0.5140000152587882	74.7859998893738	73.22000021189447
28.15999952316284	58.80599993228917	70.89800032138821
54.24299988746638	59.498000023364945	69.79599996209144
1.6509999036788923	67.0120000973343	67.8819999051094
38.91899955272673	72.16399984359737	72.0000000464916
12.0310000705719	69.29399996280668	79.52600018024447
222.93099768161775	106.11599983096123	85.1419997292757
72.41600012421608	84.07799980759611	71.99399993896482
14.173000273704536	66.57800008058545	68.74000028610227
35.3470001220703	58.58599987462162	69.67000001668929
1.425000009536744	62.987999916821686	80.56200022488838
408.5549967145917	59.65799999669192	77.62200008869165
-0.29200001716613866	63.948000175356846	78.91400000780813
1.1619999313354488	80.45000018596652	73.54800010204325
148.19700228929523	94.37399980530155	80.61800014019012
23.646000008583087	86.56000054717053	78.77199997678402
43.13099976539609	68.62000011682507	97.41799989819536
1.2799999761581433	68.87200012922284	69.14600008964537
-0.6130000114440919	65.62200015425678	70.55799999833114
0.40600002765655524	64.78200001120564	82.98000002503402
15.104999895095823	60.31200012564657	70.06800006628033
0.4710000133514407	65.88599990218873	68.92399970054625
17.895999956130982	65.95800011157988	66.9899999141693
15.443000092506406	70.94000007808208	72.11600007057189
21.537999806404112	62.383999966681024	92.40400000333776
8.878999986648568	65.71199986219402	78.28200005769735
66.84300038814541	69.36200003147121	71.5020000267029
614.6559944343563	62.39000001907349	69.09000002473594
116.09399921417236	65.9320002174377	73.16799997806554
48.08100058078764	56.632000035047454	69.87599988698956
7.752999935150146	80.49800035953524	71.9600000357628
73.69400011539462	68.82200000107287	72.7099997663498
36.749999833106976	67.66399995893237	69.70000013068321
59.018000555038455	65.19200019598006	72.12799991413947
10.807999987602232	63.072000011205645	87.43600008487695
14.0169999885559	59.79400002956384	75.8220001366735
-0.48800009727477983	59.906000008583064	76.13199983596805
123.71700002104048	73.27400011539463	65.78200016498569
6.01700011253357	64.81600002646442	76.01800035834302
187.21500008866187	63.423999942541165	102.02399996519087
1.5779999637603772	66.99200019955632	74.41799991369247
137.46800004482267	71.88399981975547	71.05400030612947
65.01899979114535	68.87999978542325	164.42799968481057
25.992999725341793	55.858000099658945	72.76800009727476
5.069000005722043	67.25400000095371	64.5639999783039
44.581999840736366	102.0939994187653	95.43799959897997
1.0420000457763665	63.58599986851216	71.69599999904632
20.154999866485603	105.43800040110945	91.74800000429161
14.31400004386902	64.5460000324249	73.02800001621242
-0.022000031471253484	68.2440002036094	71.88399981498725
11.600999956130979	71.68000010251993	71.10799967765813
6.3780000162124635	65.51800000384449	70.55999999761576
0.2850000858306886	81.21200014114378	67.32800024151805
102.06900034427646	66.52799996793269	70.50399981260296
14.222999787330634	56.13600002765658	69.72200013637546
38.917000064849866	77.69599984168998	83.51600013330588
124.42899960041049	67.49400026798246	67.25399999380112
0.9300000619888311	73.6400001263618	79.62600016593929
1.5700001192092914	62.0959997355938	70.35600028231747
8.477000102996831	66.35199986740953	72.86199997901919
8.201000089645389	94.23399973154068	73.22200000762942
23.561000146865844	60.78199999094011	70.91400018811228
39.36299993038174	65.83599985182288	67.34600025355822
11.039000039100646	59.22799985289571	71.99199978828433
90.62200059890739	62.262000138759596	75.03199978113179
95.91899914741516	70.69200002476563	72.09000000953671
79.05800069332125	65.14399997994298	76.31200011223557
-0.4650000619888313	60.885999903678865	87.89600024893876
21.983000302314764	71.51599988460539	66.05200003623959
-0.5409999704360973	65.86599998652936	73.86200021266933
11.858000030517584	62.30600008606908	76.89600015521052
18.56600008964539	59.14999995946882	100.35599975109105
1.9060000276565574	68.2140000593661	73.3740000486374
3.818999929428101	62.5580001039803	71.80199990987781
54.52200009346008	64.18399963855748	76.66000036239625
24.915000386238088	63.6380000287295	77.31800005316741
9.587999920845037	60.988000022172905	69.96399980783458
0.485999979972838	92.93400038957583	69.60400018990036
14.447999925613399	62.94000002697114	83.47200003147127
64.41800019264215	63.91400022745134	70.66400008678437
34.67299982070926	69.28400014519691	66.14800020605324
0.29800002098083533	56.26200033843524	75.28199973583229
227.85999949067838	92.99600026249884	70.61399990171192
0.536999888420105	61.910000028610156	77.85599979877473
0.23899999141693096	83.74799991011614	72.75400008201595
1.1809998607635508	63.830000141114006	75.59000016689295
26.32700018882752	64.74800002574919	65.23599989414208
-0.19399999141693142	62.11799988657235	79.67000007152568
1.2050000476837168	73.66000041961671	104.33399976789964
-0.3329999113082894	62.892000007629434	84.21600029706956
79.91399974822993	62.37800013065335	81.89000014781949
-0.13500017642974743	65.77199993371961	70.06600034713743
0.39299996376037477	60.029999866783605	71.79999989464883
1.5130000019073468	84.81399990394706	71.41799994707098
25.859000029563894	68.59199998140336	74.90800019234423
104.37300023317336	71.2779999876022	87.6840004193782
19.968999643325798	59.0120001125335	68.55800011038782
74.20500021934518	67.44000016018751	70.07000013351436
48.19600001335144	70.53599973320956	66.63599995613104
-0.17900002002716126	67.7160000395775	78.05399991035463
33.92999979972838	60.783999973535536	72.28200006008147
97.69499994277946	61.33800017774102	75.9899998664856
0.37399998188018785	66.53799992620937	67.5319998693466
0.2159999084472645	66.36200022220608	81.84000003144145
13.562999973297131	68.3559999069571	70.79600032567983
13.397000107765207	62.04200000673532	95.33800060868265
-0.05499998092651438	62.74399988174433	80.78200006008149
47.98399968147279	60.9980000412464	67.35799996092906
7.437000036239626	74.59799993157387	68.88800004959108
139.97799934387191	62.84800014972691	67.53399992749091
29.226999959945683	68.8380000466108	68.06599992513654
21.794000048637383	65.81799985885617	77.24999988317497
25.84499977111815	64.28400009155277	68.85799999654293
0.4390000581741329	65.53599985241887	85.91400017291303
0.5310000705718985	65.60800008296972	77.04599980637427
0.010999922752380997	60.848000045567744	70.14200020253658
18.201999859809877	66.61999996900553	76.0100000143051
25.06300001144409	65.09200003623963	70.17199989289044
0.29600010871887117	58.77000007927412	64.6840001869202
0.6530000162124625	63.75199998170136	65.22400023102763
1.3599999904632574	68.25599998906253	93.56400079369548
0.37900006771087635	79.6040001273155	86.6359999608994
0.4560000562667849	65.82800005540258	105.33399983763685
12.936000037193308	64.3380000448227	65.69199998378751
0.25399990081787227	66.20600013613705	64.76000026702879
0.16600000381469845	65.31799992278215	70.48400009632107
1.4149999237060555	63.58200013607735	94.15399982124565
0.18500005722045912	71.18400020599364	79.7900001692772
5.946000046730042	70.7020000696182	68.01599983930583
17.053999948501605	67.36600027367474	68.13999984741213
13.077000036239617	65.81600004196162	80.40400002479548
67.66200020313265	77.31000026330355	72.07999989748
66.74999980926509	62.09399996399874	120.70999996185299
166.85399969190368	64.84400007486346	68.74200007438662
13.414999923706052	69.54199974119663	68.13400001525872
0.007999978065489587	58.534000234603916	69.84799973487851
-0.38600003242492575	65.58800022125236	95.89999979496
-0.32599989414215064	67.46399985313408	69.02399996668102
180.76600036144262	64.7860000872612	66.57600014209746
17.66800016880036	84.46399986580008	73.13200026512148
0.7910000276565561	68.86399998486036	71.37599983245127
1.5459999275207525	58.678000065088305	77.83200019836423
-0.24399996757507234	64.68999998688702	68.81999989986417
63.980000209808345	60.47000012218956	94.10600022792813
79.72399995803838	73.53599986195569	73.8920000886917
7.985999917984012	73.79999967336647	70.54400030136107
41.03599977970122	88.30200014039882	69.24400006890293
81.47999992370606	67.71999978661539	96.9879997792839
9.053000092506402	55.80000007867812	77.2740001559257
1.0100000524520858	62.6300000667572	84.40200007438654
-0.6720000648498552	61.142000089883815	68.3040002274513
0.119999961853027	62.92399987220762	70.9099999451637
-0.3690001440048215	99.25999988079072	65.40200006410474
10.78599995136261	59.92400021880862	70.67200006246564
103.73300071477887	60.90200010180471	66.10600009202957
4.943999867439265	109.10199969440693	140.6039994263649
57.17700021266938	71.97799984216692	84.00000057220461
21.943999876976026	65.44800001382828	72.19200016379362
81.989000453949	78.18600027561186	72.62399981454011
0.25800001144409035	61.893999849855945	67.0219999670982
142.29299885749802	71.17000002980238	99.09400020360943
24.148000044822684	64.63599999427795	71.88400010108948
1.4040000391006484	68.38199998214846	78.66799991920583
4.173000001907347	60.21799996852875	67.78200030803681
12.492999958992005	65.25600001424552	68.0800001192092
12.436999936103826	60.82200005218386	69.35200016319754
0.6029999303817761	76.73800009250635	93.09400062084194
6.339000058174139	62.550000195503216	67.10400022506714
99.15900046348567	75.61800021409991	98.1940000939369
136.98299968481064	62.30999991178515	79.82399986267095
5.787999897003174	66.27799985766417	68.94200009584428
0.44900003433227537	66.40399999618532	72.21599987030031
21.195000238418583	59.69400003433227	74.03599995613101
0.8479999351501465	64.23599985718724	67.63800008773802
-0.4170000171661368	57.93599990844724	69.33199997425078
0.38400009155273507	56.175999852418855	90.25600002005704
15.236999855041507	63.34999973103409	72.00000006794922
19.28200025081633	62.65000005960466	77.35199997186668
0.8920000028610227	59.99600003480911	74.59800009056926
29.229000301361094	61.98599996477358	105.59799986362455
92.01299963831903	67.58000006198878	72.91599999383087
-0.23800004005432024	78.50199993386869	77.89400012016297
22.616999917030338	65.372000130713	66.28599982440468
11.156000142097474	62.13800031661989	70.09200022786861
26.07999987602234	65.61600001290441	72.3700001573562
11.827999992370602	58.97400000184776	66.12399980068206
17.245999989509574	64.74399998605253	75.20399976730351
0.08299998283386105	63.34000011146071	92.8800002473593
59.870999994277916	61.02399991154668	64.54000012397765
156.83499902725217	70.36799987912173	81.80200015932321
18.850000233650213	57.59400010585786	66.67599979400632
82.28500055313111	76.90600021123876	76.30800006389609
19.11500025749206	62.52399985313417	74.06199980020523
29.107999892234805	58.50400007680061	72.32400014042851
100.72699955582618	82.41800008475792	70.14799982309347
28.330000004768376	78.47799996420747	82.4240003037453
36.086000251770045	59.432000044584285	86.72800047397617
19.971000146865848	61.99600001573562	81.13399998307227
22.40599967479706	63.9419999293983	74.87800034284584
0.20400001049041724	67.67799984455105	76.73400005340575
184.19399868726723	61.41999966144559	93.7599997258187
19.439999961853015	70.6780004048347	71.49999993085859
76.45500006675726	68.21000007033345	67.24199990987776
0.49399994850158646	75.31199967741966	74.02999996304513
17.870000233650206	68.72800004050136	73.20000021010635
1.4320000267028823	68.07200009822846	74.62199984073642
304.5549975752829	74.74599985480309	93.84199989318853
21.832999563217165	60.11400020807984	71.43600002884862
48.07600027561188	59.748000106215486	73.26800028800956
11.847999916076661	64.44399974867703	67.53799995169052
50.615000071525586	66.06399994730953	72.75999994754794
63.23900000572202	64.83800022423267	69.39799973309042
3.411000118255614	66.03600008755926	66.66999998480082
9.646000008583067	60.56799991130827	161.52600032091152
15.045999917984012	66.37200008869179	69.00200003743174
6.928999881744381	64.96199980735778	70.86399994015696
0.7529999351501468	71.97199995636939	67.26600012779234
0.2250000524520877	63.24399978160858	60.407999990731454
0.10800005912780891	65.45799995541572	69.47600025177
3.407999868392943	117.83399973690501	67.60000010490414
20.390000000000008	61.994000120162966	68.19000003099441
36.69799994468689	59.065999726057	66.1240001690388
15.631999855041501	68.28400001168248	131.01399996116749
287.45899718523026	65.09199988365175	70.77400001764293
40.40600026607513	69.73200017482039	84.10400028705602
32.358000144958474	63.568000075817096	65.07000008583064
138.25899896502492	58.28599981784824	68.8520002043247
1.2600000572204577	64.92599993824956	66.65399997711182
56.59300004959106	63.859999925345114	67.24200021028514
126.95099938392633	65.27800021454686	69.28400010585783
88.46699921488765	70.3600000691413	76.0099999642371
1.6250001001358036	78.26199985146526	72.51600004672999
11.982999958992004	65.99799988806251	65.93800007104873
18.18899992465971	61.473999957144244	69.6020000076295
0.6799999856948853	81.80800001740455	92.4479999947548
0.47500014781951927	68.25000001668926	124.50400086879728
5.555999946594239	63.911999960243776	71.50799980878828
5.529000062942501	63.45799977660184	65.9620001125336
0.5959999322891222	67.16799974441531	71.57400007724762
0.44800008773803623	65.10399987936016	63.3480000162125
52.59999964237215	68.75600001335151	68.81199999809262
53.034999775886554	66.01600021362306	66.88800009489064
0.013999986648560406	61.49200005203484	86.87199992701407
2.55699996948242	67.22799995899204	76.04000002980237
5.621000046730039	67.2200000602007	78.61200015187255
63.55900056362154	62.37599964544178	84.0380006182194
1.0720000934600822	69.85000003814697	77.78999988555908
-0.30399992465972864	64.53399997472762	70.87200011253354
5.707000041007998	64.89600004673004	74.29599994272
16.108999881744392	62.3460000818968	64.4560000604391
34.80400003910064	65.14399984478956	69.96999994635576
1.1439999485015884	65.2319999527931	69.71800006389614
17.304000039100657	73.81999991714946	71.62800018787377
1.1059999084472665	62.14200022280212	101.08199986711143
3.8889999055862425	54.903999979495985	69.44200003504746
0.6190000009536734	69.34799974799155	73.8360001198947
114.71199950933452	63.3759997880459	68.19000008821493
29.12600016593933	79.31800003200765	76.33799993038176
24.423000116348263	63.08800025582314	70.15999999761583
25.341999740600595	66.36200009822844	79.21199990212915
48.94200032234195	65.43399982869623	67.51999979019158
0.1290000295639049	60.1239999437332	81.1120001888275
20.598999710083003	62.73800009846686	66.23200016349551
0.8869999790191646	63.42999986290924	65.34599998086688
1.3860000181198115	84.73800021886834	78.74399998664849
11.753999857902532	66.94799986556173	72.2079998612404
138.0209994983673	55.91599982023236	74.19199997961519
1.28799997329712	68.25400015354153	72.3119999426603
55.24099973678591	62.70399980783464	79.96400021493427
0.9039999485015856	63.51199988245964	70.20400011062618
5.351000070571906	62.17800015330313	76.79399994134903
11.754000225067147	60.76400016397241	64.76599996566766
-0.03600003719329928	61.040000346899085	68.52800014019017
47.50800017356871	61.49399990797039	68.23600002408024
0.1529999637603754	79.81200007319453	66.22800002098077
35.788999891281144	69.01399988532056	69.20399997547267
1.3280000019073475	78.65000019729133	66.30399988353243
4.170000004768373	60.07199997425076	71.45599985495214
59.01199991226198	55.36599979370828	82.72400015354161
28.185999984741223	69.02399991512296	71.70399998188022
95.38099905014043	80.21200050026174	72.62200009822841
0.002000012397765455	64.38800001859661	73.51200011730195
52.02500034332275	61.54799989700315	100.5339999723435
0.8399999904632579	72.4399999147654	109.88000051736825
0.4419999742507942	63.89799982309336	73.38400012731563
31.261999921798694	70.36599991828201	71.64200014352794
0.9269999790191651	72.13200009346004	83.15600057840344
111.64399966239931	75.24400010585774	64.7159998817741
6.055000095367433	63.913999969959235	96.13200002908717
-0.015000100135802172	68.45999981805683	67.50799991071233
0.5759999752044687	62.22399982407685	85.18400034427634
0.18399994373321482	58.46200025558473	67.2179998499155
107.1449994277954	61.203999919891324	72.95799990043038
121.11199988961216	68.15800028085707	75.74999998092645
-0.3759999704360969	66.17199980616567	77.31400014162064
58.74199951171876	61.31599998474123	68.65800002574919
0.3700000429153431	67.21399998188011	57.87600005567073
0.5409999990463248	64.3039999461174	72.91400011777881
17.88500034809113	65.58999972760675	76.4680002886058
10.478000049591063	60.98800000429155	67.78000012457368
36.65100005149839	64.35400002539163	68.46599979400631
83.0889996790886	65.1559999537468	74.44400008395313
11.129000129699714	61.08199984312059	69.33800012335182
0.5289999437332156	66.38999982357024	72.69999992132188
19.931000099182146	98.63999998688693	63.57199995994569
0.4509999990463246	69.60400012046091	73.59200000956653
44.188999814987184	72.48800004124638	67.55199994802487
40.26899953842164	60.21600019216541	70.59400005817415
6.925000066757201	95.21400007054206	86.24000010013576
136.39499982774254	70.64800006389616	68.26400011062624
9.212000093460084	63.59399992227553	68.36800001680855
11.170999875068658	95.05799985647197	67.3979999800026
270.82099759340286	108.68400013402106	80.76400029450657
1.0119999456405646	78.17000021815295	83.50800043821337
0.24299999713897819	63.7959999060631	95.8340000653266
12.546000013351446	63.448000020980786	69.86199977278717
111.63799941539767	59.653999948501536	67.86200012445451
14.708999929428108	64.13799989104272	68.73999993801121
1.5939999961853024	68.23000028133387	95.71799990177158
0.654999985694886	59.987999854087796	63.64999996185304
0.2820000123977665	62.275999789834	68.89999999046327
144.52800018787383	59.29400005131958	65.62800020217887
273.417999420166	62.46600001335146	66.79399989187722
45.03000007152558	65.22199996471409	62.30399993419642
4.152000021934509	74.3619998142123	74.46999992847438
0.5759999370574941	64.41799994468684	68.71800014019011
-0.08999996662139785	61.82000016689299	68.03599976539608
59.57199995517732	65.23799975007772	85.93999990224842
83.60200022220607	59.50000001907353	65.95199988842008
47.50400004386905	78.51599985852828	73.95799989342687
10.913000001907356	65.77999970912931	72.3240000839531
46.07400000095368	67.46999993085862	67.36000000953673
303.32999837875354	62.12399977207181	90.04399994581937
5.969999971389772	60.4060000562668	69.28800014495839
98.9120001406968	57.58000002130866	75.64399979352947
157.18599952220913	62.305999975204465	66.86399999141699
1.1260000848770138	80.08999980449674	67.9759998989105
113.1799993801117	66.14600007295611	63.90599987387655
213.66399998664863	57.58599998116494	70.05800009906288
49.09699999809266	68.98200008392331	71.13400016784665
-0.1999999761581433	61.556000045537985	68.68800027847284
113.65800016403202	67.21799983263008	71.21400009036061
20.072000098228454	66.72399986147875	66.88800011038778
0.24099997520446878	67.44200020313258	78.86200011253366
55.81799940109255	63.15600017666816	76.16199994325636
-0.19199993610382154	59.95600001871584	90.19199997782708
-0.475999965667726	63.88199996948236	114.60800042927268
3.919999995231626	78.02199953198435	71.26200025081631
116.69400008201596	61.67200009107585	70.51199983596804
92.14199992656704	61.46599999785419	96.46000034332259
62.40899940490721	75.23400017023081	96.1999994468688
101.7719995450974	72.00200009226803	76.06399997711183
-0.45300004482269274	61.667999799698585	66.57000002861022
65.11600100040435	54.508000241219996	71.78999993711709
20.54399983406067	62.557999784946375	78.27799994111062
7.82799994945526	69.80999995827669	65.51600003600115
29.19999997138977	62.50399988800291	68.82799982786182
-0.4370000410079949	62.91999986648558	73.14000009894366
69.96800055980685	89.42600040346385	69.59200009226798
0.11700006484985345	66.12200009584423	76.09000000715254
97.86199954986573	60.24200023889545	70.50999991416928
-1.0560000133514402	68.13999985218042	82.73400020435463
15.057000036239629	70.1720000767708	138.03200042724592
1.059000010490417	68.6299998641014	68.46200011491779
0.0010000562667844201	69.6760001254082	67.44200010180471
30.730999875068647	65.91999972939493	68.44600017592317
0.985000014305114	75.6680000901221	82.82400003433224
18.185999841690066	75.3000000500679	80.77999995708458
-0.25500004768371537	63.694000238180166	73.59200020551678
-0.20400006294250364	60.601999880075425	71.94799991846075
35.831000137329085	60.06800006344912	69.80199996948244
50.96299980640409	62.89999986171718	95.18800009444364
-0.2899999523162846	60.34599997520446	66.76600003242491
17.049000167846664	63.13800001978864	86.87000027939678
1.6920000028610211	65.95999998092653	120.26800021052364
92.58999999165535	63.15399984836574	91.6219999498129
3.608000040054321	76.2199999856949	75.86600025176995
383.626996155232	65.39400016307832	86.3879994487763
43.968999834060654	60.93400011539457	68.41600019574167
1.4280000209808354	65.5920000678301	89.85199974536894
16.58800016403197	62.90000022172927	62.508000165522134
0.5419999980926504	64.39999999046327	88.12600028038025
92.99900025367735	70.03400041580198	69.12000004291531
43.138000030517574	61.16599999427796	72.62800028800959
97.32899910449977	75.18399980306614	67.00799988269809
102.7089998722077	57.906000128984466	71.48599995672707
95.04500003814695	58.6259998579323	79.13999989032749
0.37000000953674267	59.634000074863415	105.87399987697597
33.29799956321719	59.755999995917115	73.85999982118605
11.3010000705719	67.33599978253243	94.3820001828671
0.8879999542236316	70.18999969482415	73.3720000743866
117.66100007534018	62.95599996477362	70.08800001174212
132.31999900102616	62.08200001537797	76.35800001144419
0.12199997901916482	63.68200017511844	65.46999984979632
1.7939999866485603	60.883999774455965	76.27799982070925
39.06000009059907	62.9780000209808	83.51400010213253
163.47199965476983	61.75399991422883	77.84599993109698
211.0420001363754	62.09199989199632	72.48399977445601
66.11299994468686	65.17600009560584	103.14799955636254
1.3100000810623158	60.11199990272525	75.03000009059902
1.8039999008178704	77.17600024402134	66.8720002484321
0.5479999923706067	68.26199989229444	95.34599943161012
28.580999755859388	84.07999980300661	65.76000000715253
96.98199960350988	62.314000147581105	76.16000003695495
108.13099954798813	69.21399978518485	79.45399999141691
17.46099995613097	63.75800017237669	68.13200009346008
95.16299999237064	58.43199989169834	71.17400009393687
8.402999939918521	60.18999984502789	66.80400019168853
-0.33999998092651307	61.72000004291531	79.53399993896484
33.34299970626833	73.06399999380108	74.14800004243857
1.4519999456405641	69.70200017213816	72.52799991607665
0.7499999809265124	68.58000012159346	67.23200012922293
5.273000035285946	63.77799983143804	70.4460001277923
65.21299971580507	64.80399986028672	77.0080002975464
22.479000000953683	67.16000000476836	72.5640000486374
-0.5339999771118152	63.46400017261501	69.09999995231625
113.82299964904787	67.57199990749358	100.39000032424929
75.97500034332276	59.93400005042548	78.24200019836428
12.740000042915339	109.69400031223893	68.15000000000002
0.6150000667572031	62.163999980986084	78.19199961662298
0.6550000047683721	67.14600008964537	72.87000029563904
30.169000306129462	62.48399976179	75.63200008422136
1.1970000362396234	94.21399963289493	89.1619998948276
35.33699967861177	66.47400027438991	91.20399972438821
74.85799996852882	63.829999908208855	71.22000026345248
0.04099997520446713	61.54999979376788	81.89799959778782
130.19399944543838	73.82200013875953	108.01199954032889
10.542999911308291	67.32200012683865	73.90400002956395
74.15399986743921	65.14999982058997	79.71000010967254
94.5060001945496	63.45399981975555	67.13000001475218
60.72400024414063	61.474000088721574	62.977999925613375
35.2879999446869	66.07200016498568	99.88599968671798
1.1169999456405642	61.83199992656703	75.91600004583604
1.3130000638961794	65.09199996650219	73.31799983024594
10.733999862670899	65.99600013732916	129.9299994587898
-0.28500003814697344	65.63599997341633	68.21600008010861
23.72899988651277	62.538000054359436	67.77000000238412
27.359999966621412	62.8340000605583	71.0539998173713
0.8090001726150516	61.3200000487268	84.15799984723333
14.867999897003171	64.6260001003742	65.71200024127961
1.082999982833862	62.81799982666965	80.46800033092492
7.7110000228881805	70.61200016573073	72.15600003480907
0.26899996280670185	63.1720001944899	70.09200015544893
28.454000034332275	73.69599999427786	93.41200060844425
31.23200016975404	65.59400015622377	67.46200005054477
0.08799999713897748	82.87799993187184	64.8280000281334
