20.600000143051147
109.18199966430666
161.40799951553348
21.073999958038335
211.6580003261568
24.233999986648556
5.864000129699707
37.89399986267091
7.610000005960465
42.860000028610216
155.45799948692323
50.43999978065492
15.417999944686885
24.31199994087219
57.13600012779235
79.20999979019167
79.70000018119804
108.19199926376345
15.936000032424928
123.34599978446958
13.783999962806705
46.81199995040892
41.88999976158143
476.2619980430606
42.5319997692108
10.890000219345088
73.4799994659424
18.77799992561341
24.018000068664538
86.0300005149841
16.863999834060678
7.75000008583068
56.103999834060694
38.062000045776394
26.412000026702895
120.82599966049193
189.11599872589102
208.03799861669543
63.51200022697448
170.7199995708466
11.317999992370607
41.66400001525881
13.03999983787536
184.68400001525882
59.44000001907347
189.12799964904787
193.62600006103506
35.1079999732971
53.53600014686584
16.620000028610228
44.045999994277956
11.16799998283387
58.54799991607667
11.335999917984012
108.21999988555899
21.455999803543065
105.5000002670289
221.66599898815156
15.85199997901916
31.872000083923332
114.55400015830995
20.60799990653991
51.57399978637693
14.736000061035162
9.49000017166137
22.7359999847412
50.62600019454953
12.887999925613403
1721.901978822945
1629.4139797937844
1769.8939779472335
1698.767978607416
1773.1739780621247
1786.5259781885097
1771.1639784407666
1749.7259783315599
1730.127978575226
1773.5959782981927
1956.5319756126426
1575.6139803481087
1961.383976593012
1758.041978228086
1768.1779782372676
1566.2259805619708
1762.217978867287
1612.1119802242529
1957.9539756965594
1867.3559767675454
1616.8959801614321
1583.9779801511752
1710.723977996412
1728.6919786024055
1666.1839794826562
1779.0039781236705
1619.2639800596255
1571.1579807400708
1970.1319755554234
1487.7399815003587
1810.2159778880991
1789.993978977199
1564.8859805178602
1595.579980138835
11.408000011444095
14.337999782562257
18.55000000953676
48.215999956131
9.262000093460085
30.366000108718875
14.419999847412104
12.000000095367438
39.08799998283388
111.9900000572205
7.781999740600586
127.94799916267395
78.6419998073578
10.390000009536754
80.36600045204162
13.11199993133544
21.548000249862696
310.2659979629519
19.1320001411438
31.523999643325812
99.23799970626828
38.32200016975405
15.33599992752076
7.091999940872192
13.726000041961669
8.433999929428106
74.27999997138973
80.47599976539614
9.557999944686891
111.61000066757197
7.085999927520751
33.34800027847291
40.18000010490416
235.48799983024597
45.76000008583068
117.28799971580503
9.36400004386902
8.944000024795532
58.189999675750755
21.64400003433227
41.46200017929075
11.539999732971197
99.52799982070928
87.90400046348573
46.01800049781801
156.12799864768982
157.08000008583073
129.51600025177004
43.25199959754944
116.73799994468686
54.75000019073487
12.014000062942493
393.9819975757604
105.35599983215339
44.498000020980854
45.27800023078916
20.422000131607046
52.58600003242489
23.776000041961673
144.0359992504121
45.305999717712474
33.55200011253357
68.01399990081786
120.7700002098083
4.34399985313416
39.55600017547605
41.057999858856164
26.588000202178957
57.00000042915348
65.49400006294249
37.268000068664556
16.852000007629385
50.76199976921082
49.557999811172465
6.459999980926512
73.9959994125366
63.668000125884994
17.85799990653991
247.31799828052533
69.5139999675751
44.91800009727478
50.97599952697753
9.427999935150144
311.9859990167617
10.242000036239629
48.77599995613096
18.637999830245974
21.404000062942494
94.19599966049195
62.71399993896488
18.20799994468689
140.44399941444394
165.0739988589287
39.84199999809267
209.05399941444404
79.28799975395202
140.16000014305118
40.29799972534178
56.52000036239625
85.96400013923645
22.167999916076653
53.444000043869025
140.8319991159439
130.15599998474124
16.991999835968027
53.789999990463215
106.82400023460393
20.219999952316286
32.752000255584726
12.740000123977666
7.967999935150148
36.13800048828125
184.9740008544921
57.67000050067901
35.060000123977694
14.024000101089477
7.991999940872195
24.900000076293956
8.663999996185304
31.227999916076655
19.832000083923344
1.719999885559083
20.688000001907355
168.40000022888188
12.088000040054313
9.62799986839294
9.022000026702882
13.918000078201294
32.48599999427797
17.14000010490417
61.286000413894634
58.44600043296817
17.61400002479551
10.781999998092648
36.86599965095521
85.5599999237061
332.139998807907
22.81399967193606
69.75199991226194
18.430000057220454
73.73600059509272
50.1999999332428
266.59399929046634
23.205999851226803
65.30200015068057
108.94799985885616
44.70999994277958
27.99600004196168
88.66799987792973
19.161999893188476
49.11799982070925
49.01000034332277
20.141999902725217
132.5740001296998
60.353999938964854
80.11400037765502
183.3879986763002
97.02600008010869
10.222000293731693
84.11600032806398
50.036000261306754
47.44599973678587
60.16400036811826
20.385999946594232
29.42199975967407
26.908000297546405
12.797999973297115
88.44600039482117
62.552000284194925
118.92400073051456
81.14999999999996
71.40999986648559
142.12799950599674
76.63000012397764
25.324000043869013
35.259999742507944
164.59799968719494
76.85999959945673
11.58599997520447
55.04600004196169
76.36599981307987
111.45600008010861
106.27999967575066
13.68400005340576
19.200000209808355
21.723999814987167
90.24199996948244
113.81399930000308
260.7019986438752
90.72400048255928
52.969999790191636
41.66799991607664
109.05400012016295
99.87799978256223
132.1259994888306
41.43999980926513
9.35599997520447
17.255999975204475
33.019999971389794
122.49600014686588
18.55599998950958
14.826000061035158
60.54999983787539
6.900000104904177
24.540000028610233
23.164000177383432
61.796000165939354
73.02000018119816
12.670000238418577
85.68599907875061
29.75000005722047
35.01600007057188
158.51800023078914
115.13399977684023
9.90199992179871
22.26400001525878
12.576000041961667
77.93200005531317
967.2779893207551
11.552000083923337
10.031999950408947
82.93400025367741
85.71600003242492
1971.963975639346
5.915999946594237
58.91000046730043
104.76999995231633
33.727999973297145
13.46800011634826
55.31200014114378
67.85999977111821
7.228000049591063
10.41399999618532
10.249999856948854
94.63399994850161
203.66599944114697
18.37000001907348
39.601999683380114
136.015999956131
46.82000013351442
132.11399946212762
150.59999931693082
17.45599996566772
13.341999950408933
34.52400032997133
26.162000083923342
27.230000133514398
28.993999929428117
52.130000133514386
243.53999790191648
19.13199984550477
36.51000023841858
77.7099998664856
16.971999969482418
78.78399991035455
144.9719998455047
11.964000139236457
12.76400023460388
29.506000146865837
6.779999818801881
11.624000101089479
13.168000192642205
50.66000040054321
22.10399996757507
39.39400023460388
22.918000097274778
51.624000129699716
21.85200016021729
15.325999908447267
109.86999965190883
35.340000114440905
83.47200040817259
92.0339999103546
26.464000091552734
70.41400066375734
40.87600033760073
17.5560002708435
110.07000015258791
52.01600034713744
18.25199990272523
15.451999940872199
46.93999981880191
26.0140002822876
178.54000015258782
468.45199583053545
147.93799975395208
38.9940000629425
87.54200011253356
14.795999832153317
46.60599992752078
20.48000003814696
104.74800041198733
22.846000061035145
67.29999998092653
23.63399986267088
249.49399971008302
32.66799990653991
8.404000034332265
114.67200022697449
41.49399972438815
6.513999919891356
20.018000078201304
91.38400027275087
30.825999956130968
26.077999982833866
45.09999994277953
6.212000036239627
190.6219982147218
19.577999973297107
23.508000001907355
14.855999956130978
17.0899998474121
33.67800007820131
32.485999641418445
17.093999958038314
5.066000099182123
15.308000049591067
9.654000148773191
134.17999927520748
109.83599959373463
79.5679999637604
10.421999874114983
15.526000204086307
184.97199913978574
177.6599990487099
116.12999955177307
14.086000051498415
117.28999974250802
15.889999914169318
5.213999929428099
5.484000244140623
9.625999965667722
10.833999977111821
18.638000068664542
152.37800102233876
121.24400007247927
214.00199959754954
13.73400000572206
40.90600014686588
13.416000156402587
11.196000089645386
13.140000076293948
4.9879999542236275
24.211999855041515
12.635999889373773
81.11400032997135
127.70199928283691
86.5100007534027
12.33799993515014
10.450000095367429
28.562000255584707
9.198000040054316
15.308000030517578
15.844000244140634
86.04599987983697
171.3559993362427
80.41999970436099
11.69599995613098
14.402000017166143
33.9139999389648
30.28800014495848
72.0459998321533
8.864000043869023
31.35000014305115
49.972000188827494
232.08199987411487
15.01599981307984
17.07600008964538
15.900000019073488
13.288000144958492
27.051999921798703
72.02400010108951
86.33600069046028
20.476000051498403
9.542000055313114
112.68199975967406
55.75199984550474
6.6900000190734845
55.19600042343136
41.781999807357785
109.96599966049195
58.74800006866454
9.342000007629391
25.131999874115007
34.82400006294248
5.9540001296997085
4.746000070571898
7.65000004768371
14.147999763488764
82.7440004444123
21.500000171661387
47.68200030326841
10.75200013160706
67.92599997997281
107.34800050735474
20.54599994659424
11.782000093460084
51.18400007247926
23.68400025367735
14.600000114440917
11.800000200271613
30.206000232696507
85.81599967002865
9.905999965667734
43.20400004386901
9.565999965667727
16.822000013589857
34.8199997520447
14.235999965667716
56.61599981307982
134.99599854469298
21.631999778747552
93.35199933052064
194.09800018310548
6.609999914169313
68.36200043678284
17.385999746322618
61.591999883651695
35.55199964523313
12.369999990463251
340.9819997310639
348.0899968910215
46.74999981880188
90.90600131034849
9.286000013351444
14.65199969291688
32.293999738693245
25.464000082015986
13.951999855041509
46.609999685287484
44.924000272750824
11.213999881744387
111.90400032043455
30.633999786376954
33.42399995803834
28.653999938964837
83.09199955940251
27.246000070571903
185.81000035285948
115.0419997406006
159.5020004844665
15.327999925613398
67.57200045585634
15.089999732971192
114.41999966621404
39.906000041961676
20.961999950408945
17.664000053405765
55.176000442504865
81.63599951744077
