1.1739999485015877
1.7639999485015843
0.05600005149841285
1.9220000171661367
0.7800000762939466
1.2979999637603765
0.7019999790191657
0.05599997520446845
-0.12400001525878891
1.4800000000000002
-2.6619999694824203
2.3199999809265153
0.20799994468689073
0.8939998340606675
1.2019999885559072
1.0840001106262216
1.5860000324249264
1.1399999427795393
1.7899998474121095
1.7380000019073483
-0.46800015449523963
1.158000011444091
-0.6879998779296876
0.3939999580383314
0.6319999504089363
0.3219999027252185
0.570000019073487
-0.6099999904632573
1.7180000114440912
2.5439999771118162
-0.11800009727477984
0.2619999790191656
0.9360000896453858
0.6299998950958253
0.6620000934600816
1.343999919891356
-0.4100000858306883
-1.732000122070315
0.3479999923706055
0.3140000820159925
-1.4500000190734852
1.3379999828338611
2.271999979019164
0.9720001316070548
0.30599994659423724
-0.0020000076293933914
0.07399996757507218
-1.5379999732971201
-0.26600003242492515
-0.5899999904632584
-2.159999923706055
2.765999946594239
0.5160000896453866
1.4060001277923595
0.6600000095367434
-0.7119999599456797
1.0000001335144044
1.177999982833862
-0.17599993705749659
0.4240001296997072
0.41200000762939293
1.8360000514984116
1.3520001125335712
1.341999950408934
-0.10400009155273375
-0.13200014114379757
-0.4080000495910655
-1.0519999313354478
-0.688000001907347
0.5040000820159916
0.10200010299682719
-0.045999956130981644
-0.14400002479553345
0.7220000171661389
0.32999995231628537
-0.49600002288818357
2.0920001125335688
-0.311999998092652
1.9460000514984146
-0.23399994850158784
-0.38599998474121017
1.2940000247955303
-0.9260000228881837
1.130000076293946
1.139999999999998
-0.8079999542236317
1.0599999809265148
0.7999999713897702
0.08199995040893451
-0.7439999866485598
1.5939999866485597
0.5439999198913579
0.2359999942779537
0.19999998092651503
0.8719999504089366
1.3919999504089346
-2.9500001144409183
-1.2559998703002944
0.19599992752075268
1.7360000705718988
1.5300000953674298
-0.6780000686645526
0.4739999961853026
1.3760000896453848
0.53400008201599
-0.0060000228881831605
-0.4239999485015863
1.692000017166136
-0.24800003051757846
0.22600000381469817
-0.23799999237060648
0.12399996757507226
0.9180000972747809
0.40800003051757794
0.16600008010864156
-0.0619999599456777
2.2280000305175767
-0.3419998836517341
-0.29599990844726537
1.2099999618530275
-0.32799980163574244
0.16599999427795423
0.10599996566772359
1.3760000896453861
1.3459999847412112
2.0879999160766602
1.060000057220459
-2.5179999351501445
1.3620001125335697
0.6460000038146984
0.15999994277954002
-0.03000002861022995
1.075999927520751
-0.6359999275207527
1.299999980926515
1.8960000610351562
0.7340000152587892
0.13599986076355078
0.2260000991821274
0.4800000381469724
0.21599994659423916
-0.5400001049041746
0.7940000247955339
0.9760000419616707
0.18999995231628253
1.3640000247955315
-0.16599999427795406
1.0040000820159922
-0.04000002861022953
2.9679999256134035
1.0340000438690176
1.2400000667572018
1.755999975204468
1.256000022888185
-2.3579999732971197
0.47800009727478043
0.37399998664855877
1.1540000438690199
-0.41600004196166995
0.0379999828338632
2.2000000381469715
2.3259999847412125
1.161999988555907
0.21600001335143926
1.8740000152587888
3.054000129699711
1.840000009536745
1.0840001010894758
1.997999935150146
0.7919999694824219
0.4099999523162859
1.2679999542236318
2.034000091552736
0.9720000839233399
0.9340000343322756
1.3080001354217525
-0.5180000305175784
1.0640001773834218
1.1480000114440927
-0.19400002479553172
-2.44600012779236
-0.6199998950958272
2.045999851226805
2.5999999904632567
-0.73800000190735
1.1040000534057601
-0.26600007057189756
2.612000083923342
3.584000015258792
0.3519999647140492
1.4960000991821272
1.6299999523162836
0.5159999465942391
1.609999933242797
0.19200007438659797
0.5739999675750733
0.8540002059936505
1.9799999713897716
0.9220000457763672
0.18599997520446665
1.351999855041506
-0.4019999885559093
-0.10799995422363232
-1.786000003814697
-0.05000000953674196
1.2619999885559094
1.1759999561309806
1.3219999790191668
1.1160000038146978
-2.372000188827515
0.5460000038146974
0.3220000457763655
0.48800004005432185
0.5919999027252212
1.095999956130982
0.3560000896453852
0.2700000572204578
-0.21000017166137702
-0.1020000171661378
-2.0979999732971195
3.2399999427795425
1.7339999008178724
0.7299999809265149
1.4360000610351578
-0.6200001811981206
1.5519999599456777
1.4519999217987039
0.747999973297118
0.05800002098083424
0.5159999942779541
2.015999956130982
-0.5200000095367447
0.08599995613098134
1.1339999771118179
1.0999999618530274
0.9500000953674302
-1.1819999790191644
-0.5539999389648429
0.5580000972747801
0.6139998340606685
0.21599994659423918
0.16800017356872593
1.8459999847412116
0.6039999389648444
0.5200000190734871
0.7959999084472643
1.1659999370574963
-1.4020000648498545
3.746000127792359
-1.1900000000000004
2.382000007629393
-0.5919999217987076
0.7419998931884754
2.3300000572204587
0.40800004959106295
2.5380001068115257
0.14600000381469755
-2.204000062942502
0.8659999370574958
-1.3160000514984145
0.4220000648498543
-0.36199998855590854
0.9940000343322751
0.7239998626708972
0.6579998683929432
0.9500001239776604
0.3620000743865971
-0.07600003242492737
-0.564000072479249
0.4539999866485595
0.1939999485015871
-0.2200000858306893
0.30200002670288245
0.41199993133544743
0.9300001144409177
0.4720000171661362
-2.0140001201629647
-2.3000000476837164
-0.025999917984010242
-1.272000045776366
0.14400002479553056
0.05399995803832943
0.24400006294250653
-0.6860000038146982
0.31800005912780815
-0.8359999084472644
1.0140000534057618
1.97199995994568
-0.6500001239776625
0.13200000762939298
-0.07599987983703538
0.3439999198913556
-0.42399999618530104
2.3220000457763663
1.5980002117156962
3.4000001144409158
-2.2780000019073476
1.1320000457763693
2.03199996948242
0.9719999408721914
0.8079999065399174
0.37400007247924777
0.09199997901916589
2.347999944686889
-0.19399995803832956
-0.6360000610351578
1.6320000362396216
0.8060000801086448
-0.14800004959106489
0.016000013351439083
3.6680000686645515
-0.755999975204467
-0.02599999427795383
0.7199999618530284
2.707999982833862
0.23000010490417522
0.1900000095367419
1.2200000762939447
2.837999963760373
0.0700000095367441
1.0219999790191647
-0.1459999465942395
0.9359999084472641
2.8079999637603765
1.114000129699705
2.1419999790191664
0.41799994468688867
2.1420000457763675
0.7300000667572024
0.18999999046325866
2.4700000572204597
0.9959999084472682
0.5560000419616717
0.33199983596801613
-2.2899999427795414
-0.5960000610351545
1.1099999713897712
-0.8120000171661387
-0.7440000629425069
1.0439999771118156
-0.7579999923706062
0.8760000228881827
-0.3719999027252205
1.22400001525879
1.302000102996824
1.9439999675750734
1.6620000934600847
3.2380000209808357
2.6239999771118154
1.0280000686645518
2.0400000190734873
0.13400008201599092
0.4039999675750747
-0.32399997711181616
0.6219999599456767
0.8819999504089349
1.3580000209808356
2.337999992370607
2.778000078201292
-1.1399999523162843
1.3879999256134021
3.318000040054322
-0.20600008010864265
1.4600000476837176
0.5160001087188705
1.8960000610351582
-1.0979998970031744
1.1520000839233382
1.0220000553131092
-0.7199999237060544
0.6399998855590799
3.8120000934600804
-0.8720000267028813
0.7639998912811267
1.249999904632569
0.5500000762939474
-0.35400001525878894
0.20399991989135813
3.1739999771118184
0.3319999599456789
0.4119999885559084
0.9540000057220471
-0.36400009155273316
1.4560001945495595
1.0899999618530258
0.1900000190734873
0.6939999580383307
0.5060000324249277
0.7460001850128184
-0.23000000000000048
0.38999994277954253
1.42399995803833
0.5379999828338621
-0.7720000076293957
0.7479999637603764
0.3400000286102312
2.5860000133514407
0.8400000953674339
1.2100000190734852
0.1480000114440903
0.01200015068054269
1.070000085830687
1.7640000247955336
2.381999959945676
0.5320000267028798
0.8159999942779538
0.41599995613097984
1.4560000324249265
1.207999935150146
-0.485999965667724
1.4859999847412098
1.843999967575073
1.3719999408721923
0.4519999408721934
-0.7820000267028815
0.9119999504089353
-0.2800000953674319
0.3620000648498531
0.659999904632569
-0.3100000572204588
0.47399994850158655
0.9839998722076401
-1.8299998569488523
0.17400000572204766
1.451999998092653
2.848000097274781
-0.5619999027252209
0.3579999351501473
0.03200001716613674
1.1519999313354479
2.1319999694824237
-0.39399993896484214
0.9599999427795421
-1.4500000095367425
0.5680000305175784
0.23800008773803852
0.2439999103546131
1.086000022888184
3.0499999904632578
-0.12400009155273398
-0.28000003814697116
0.3300000286102314
0.11800004005432228
-0.5219998836517338
2.3899999427795406
0.4459999561309821
0.5160000324249272
0.016000070571900116
1.2039999961853014
0.1980000305175778
0.5319999790191652
0.6100000095367425
2.762000074386597
1.0159999275207503
2.292000145912172
0.49600010871887323
0.8419999027252215
-0.08199996948242265
1.1719999313354477
-0.20400002479553384
0.4919999694824222
0.5979999828338618
-0.024000139236451286
1.8159999847412112
-0.7799998855590817
1.8160000896453874
-0.385999975204468
-1.553999948501587
-2.2020001316070577
-0.07600001335143923
0.6360000228881848
0.3740000343322761
1.2600000095367425
0.9100000858306883
-0.9140000820159921
1.1199998855590847
0.7079998779296884
1.0000000095367418
1.0699999237060558
1.014000005722046
0.502000017166138
1.5600002193450955
0.5220000076293948
1.240000019073485
1.3399999523162824
0.5120000457763665
0.5500001239776614
1.791999950408934
-1.8619999027252188
-0.9720000171661388
-0.5160000228881831
-0.03399991035461505
0.4779999065399172
0.4439999008178707
0.061999969482423534
0.12400012016296509
0.9740000057220467
-2.830000038146972
1.4640000343322757
0.9159999942779551
-0.47199999809264986
1.1960000133514406
2.100000000000002
0.6700000286102289
-2.2220001411437975
0.3159998989105217
0.4159999752044678
0.7640000820159903
1.6999999523162812
-2.0600000286102294
-0.28799999237060575
-0.00800007820129502
-0.9320001125335686
0.9980000877380368
1.6219999790191664
-0.6159998703002942
1.1480000209808336
-0.7800000953674332
1.1779999828338603
-0.37000003814697313
0.31199998855590916
0.34200007438659774
1.347999954223632
0.7060001659393313
1.2120000076293933
1.0999999809265137
0.14599992752075241
0.594000043869017
0.5140000152587907
1.6519998931884787
1.065999965667724
0.8220000267028817
0.13200001716613935
2.046000022888185
-1.198000154495239
0.5819998931884769
2.9160000705718976
0.011999931335450657
1.0880000686645503
1.8960000610351568
-2.238000020980837
1.172000055313111
-0.31600002288818274
1.8620000457763684
0.35799997329711863
1.606000099182129
0.18999992370605648
-0.05999985694885238
1.0279999637603758
0.34400003433227333
1.2940000057220464
1.4140000152587886
0.6959999847412094
0.4679999637603751
-0.8200000858306876
-2.474000082015992
1.50600001335144
1.9420001029968275
1.7060000610351562
0.11199996948242025
0.19400005340576335
1.901999988555907
0.042000112533568126
0.9839999485015871
2.3979998493194583
-0.7439999485015877
1.403999967575073
3.374000005722047
-0.26200008392334023
3.590000000000001
-0.7360000419616686
0.26400002479553325
-1.4759999465942388
0.8140001010894783
-0.8680000019073479
-0.846000146865843
2.2299999046325683
0.6839999771118168
1.762000036239624
0.6400000095367435
2.6800001049041713
0.7619999217987047
-0.483999996185304
0.5180000019073486
-0.11200003623962472
2.700000009536745
-0.04400001525879043
1.9839999008178713
0.2360000991821281
-0.55199995994568
-0.20600002288818403
0.9620000553131103
1.2340001201629658
1.289999952316284
-1.973999948501586
1.454000043869018
0.3940000629425059
0.2579999637603768
1.0839999294281004
-0.668000078201294
-0.032000074386595447
0.49400003433227413
0.5040000343322755
1.0160000705718997
-0.11600005149841432
1.4200000858306892
-1.0959999656677257
-2.612000112533569
-0.4300000953674309
-0.40799993515014793
-1.105999946594237
0.6519999694824214
0.540000038146973
0.31399992942809907
0.2479998874664303
2.3679999732971195
0.4959999084472661
0.7959999275207523
-1.3460000705719
0.13599992752075077
0.8119999408721926
0.8800000095367442
0.030000019073484718
0.04200007438659707
0.661999969482423
0.22799999237060364
1.1119998836517337
0.3340000724792485
1.0400000238418572
0.2679999256134022
1.4080000209808354
0.8940000534057609
0.2459999752044697
-0.3980000877380365
0.38000003814697236
1.7979999828338626
0.03399998664856023
0.011999988555908444
1.0920000457763654
0.19199990272521958
0.16600003242492561
-0.1140000724792466
1.6459999942779533
0.8060000324249249
0.28199998855590847
1.4260000038146985
2.271999921798705
0.030000009536743987
0.18999996185302745
0.419999990463257
0.5280000877380356
1.3080000495910626
1.543999977111818
0.9880000972747791
0.5060000610351568
-0.10599988937377824
0.7059999275207524
-2.126000099182129
-1.8920001125335686
1.3959998989105205
1.4599999046325691
0.30200006484985303
0.31199988365173525
0.8240001010894786
0.6480000686645511
-0.03199984550476128
0.44799995422363237
1.9880000972747802
1.1499999332427977
-0.0720001316070548
0.19599993705749497
0.7060000133514392
1.0020001125335678
0.5039999771118163
1.1899998664855966
0.4859999275207503
0.266000175476073
-1.488000087738039
0.39199989318847606
1.287999897003173
0.12200001716613662
2.05000005722046
-0.1840001010894769
1.2140000343322752
1.1000000667572019
1.5440001010894784
1.0439999008178713
0.8780000114440916
1.656000051498415
0.9839999389648448
1.3459998893737777
0.670000028610229
1.516000089645385
-2.7300000095367443
0.6259999847412109
1.297999944686891
0.09600001335144168
0.8900000095367437
-0.5719999790191651
-0.6639999485015877
0.14599987030029407
1.7000000953674317
-0.23400004386901732
0.6180000686645505
0.01599989891052357
1.2359999847412106
-0.2780001068115215
1.4300000381469744
0.05000006675720326
2.0180000305175776
-0.12599993705749626
1.3699999904632576
1.4359999656677243
0.4859999942779534
0.5280000972747796
0.5660000324249289
0.06400001525878908
0.589999990463258
-0.3200000953674313
-1.3280001354217523
1.0879999351501497
1.2720000457763663
2.0220000553131103
0.6339999485015886
1.0000000286102289
0.048000030517577244
0.5879999065399176
0.9839999198913565
-0.7840001201629646
1.1579999446868907
1.483999948501588
1.1980000591278086
-0.020000019073487932
2.468000068664548
0.7860000419616711
1.5180000114440924
2.014000120162962
2.246000022888183
1.3780000686645502
0.8420000267028805
0.47199998855590913
0.3500000476837173
2.923999977111819
1.2540001106262213
-0.4999999618530266
0.2880000495910639
-0.4059999752044697
-0.21799996376037528
0.871999979019164
2.140000047683715
1.4160000610351575
1.056000061035155
2.99399998664856
-0.5419999980926524
2.69600001335144
-1.3560000038146984
2.6359999895095854
0.5080000305175784
0.5520000267028812
-2.118000078201295
0.9340000152587874
1.1740001773834225
0.8339999580383309
-1.2019999980926503
1.4759999942779547
-1.534000043869017
-0.20199998855590848
0.8959999465942392
-0.011999931335448084
-2.726000022888182
0.783999948501588
1.12800000190735
1.649999933242798
3.8460000038146958
0.9099999046325665
1.5879999732971193
0.1279999542236331
0.019999942779542552
-0.17799988746643133
-0.1280000686645489
1.5480000209808338
-1.2400000381469742
-0.7239999866485595
-0.5640000057220453
0.48199986457824573
-0.3119999790191658
0.2919999408721927
1.0979999923706072
-0.7460000228881845
0.3840000438690205
0.7260000038146959
0.6340000152587882
0.6920000076293931
0.3660000991821295
0.5059999656677244
1.128000040054322
-1.1680001068115236
-0.9599999523162859
0.5300000572204594
1.4000000190734856
3.1640000629425034
1.1519998550415034
1.496000070571899
1.8559998989105213
1.1460000991821302
0.8780000114440921
0.42800000190734716
1.890000009536742
1.1879999828338632
-0.2519999885559067
-0.21400012969970594
0.9659999752044665
0.2460000228881823
1.584000005722045
0.825999994277954
0.6959999847412122
0.35200003623962234
0.5660000038146973
1.7460000610351558
0.946000146865846
-0.6599999237060561
1.0540000438690198
-0.8259999752044666
0.013999996185303603
-1.5780000019073506
0.9520001316070574
1.0399999809265148
0.913999929428099
0.5979999446868909
2.3520000457763652
1.9320000171661393
-1.9579999542236337
0.19199999809265225
2.1500000190734867
0.14600000381469835
0.24399998664856046
0.19000008583068928
-0.6360000038146961
0.8740000534057614
-0.11199993133544872
0.13200002670287922
0.25999995231628326
1.2260000228881829
0.8000000190734875
-1.5040000724792462
-0.27199995040893427
-0.09800006866455034
-0.014000043869018451
2.4339999389648423
-0.11400004386901767
0.18800006866454907
0.5540000438690182
0.818000040054323
-2.490000190734863
0.6440001010894765
1.1300001430511464
2.108000049591065
-0.6020000457763688
-0.27400007247924907
1.1800001049041762
0.03599994659423842
0.9279999923706047
-0.1520000553131112
-0.8399999427795403
0.21800002098083335
-0.2880001258850099
0.8020000648498548
0.45199993133544897
0.009999942779542078
-0.4360000038146981
0.22199980735778843
0.11799993515014812
0.19200001716613754
0.34200019836425594
0.3880000400543208
1.9880000686645531
0.8339999771118178
0.216000022888183
-0.07000008583068677
0.25999999046325695
0.7839999294281008
0.9539999485015885
-0.15800004005432255
0.05399994850158863
-0.04400002479553156
0.06400004386901778
0.21000001907348764
0.959999990463255
1.0819999504089353
1.6300001525878869
-0.6479999923706041
2.461999959945678
-0.36600002288818484
0.3300001335144042
0.7919999980926531
0.8919999790191664
0.13000013351440443
0.9580000495910651
0.8620000076293929
1.820000085830689
1.6699999141693118
1.9640000438690166
1.3800000286102283
1.8460000228881823
1.5080001068115234
1.4780000495910623
0.32200004577636865
0.41199989318847613
0.2999999809265122
0.001999969482421258
-0.5400000286102278
3.3500001430511483
2.924000110626222
1.1860001182556148
2.2619999217987052
0.06999998092651397
1.5780000209808378
1.9240001296997067
0.3059999656677256
1.2639998245239246
-0.05400002479553061
0.9779999637603755
0.4879999351501449
0.8980001258850089
1.0260001087188728
0.5280000114440918
0.2559999465942367
0.5619998645782461
1.0979999446868889
0.1399999332427967
-1.0159999656677243
2.5799999713897694
1.4059998512268077
0.9500000381469739
1.048000068664551
0.0679998493194587
1.413999967575074
0.4159999370574956
0.7820000457763661
-2.075999965667725
-0.9000000000000005
2.0320000743865956
0.7540000152587909
0.698000059127806
0.33399999618530285
1.6760000038146974
0.5199999904632555
1.3659999942779544
1.0660000133514393
2.50999997138977
0.8259998607635509
-0.9599999904632561
1.1120000743865983
1.7740000152587894
1.3199999237060585
2.4879999446868877
-1.020000009536743
-2.5480001163482666
-0.3040000629425059
-0.009999895095825004
1.3659998798370345
2.8200001525878875
-0.7520001125335709
2.8400000953674307
0.3080000591278088
1.148000059127809
0.641999998092651
0.4420000171661377
-0.18400010108947734
1.380000066757201
0.8359999942779526
0.4180000400543224
1.798000154495237
1.5840000629425066
-2.538000049591067
0.7239999771118175
-0.4179999160766619
1.1519999790191646
0.31600008964538473
0.558000049591063
0.001999988555908723
1.4519999694824237
0.2099999427795423
-0.6000000286102309
1.6880001735687251
-0.9600000000000003
0.5439999485015861
2.500000038146973
0.648000164031983
2.4140000534057617
-0.4560000610351569
1.5940000438690185
-0.003999996185302248
0.8820000457763674
1.0860000038146982
2.5120000267028817
0.6419999122619638
0.2980000400543217
-0.7299999904632583
1.1739999771118175
1.1740000343322756
-0.659999952316282
-0.9419999599456785
0.34599994659423805
-0.1699999523162855
0.6999999427795424
0.4779999923706051
-0.562000017166137
0.11400002479553319
-0.16000002861022994
0.3019999504089345
-0.27400004386901844
-0.17599999427795485
1.1279999256134028
0.0660000276565569
-0.05600004196166948
-0.2139999771118158
2.1860000133514412
-0.44600001335144007
-0.4340000915527355
1.1739999580383316
-0.27600010871887143
0.8020000648498529
0.24199995994567775
0.6519999694824202
2.485999965667723
0.489999961853026
1.1999999999999997
0.6579999923706066
1.29000002861023
2.905999984741211
0.8620000362396221
-0.14999999999999888
-0.33000001907348747
2.29999997138977
0.3580000495910636
0.9439998722076416
0.8020000457763679
1.1900000858306903
0.27999999046325724
-1.5240001392364506
-2.079999942779542
3.2480000305175762
0.18800007820129444
1.8559999465942356
0.25399992942809957
0.41800010681152217
1.6940000915527345
0.5239999675750733
1.8240000343322742
0.2099999618530263
4.178000030517576
2.747999963760375
3.5780001735687237
1.129999923706054
-0.4240000057220455
3.1159999370574956
-0.8060000991821291
1.087999992370604
0.7580000400543224
2.061999950408938
-0.6559999179840088
0.6100000095367436
-0.09000002861022784
1.9360001564025866
0.3639999580383307
-1.7960001087188695
0.984000062942505
0.7780000782012935
0.42400001525878966
2.0160000133514417
1.5279999923706065
2.6299998855590827
-0.9699999332427979
0.8540000057220446
-0.5640000057220472
1.0780000114440922
0.6820000457763679
-0.24600002288818304
0.6999999809265138
-0.525999908447267
0.7420000934600843
0.8900000762939442
-1.0320000648498524
0.43999995231628486
0.8419998836517331
1.481999959945679
-1.578000011444093
-0.4979999637603749
0.9619999313354484
-0.5800000572204588
0.6380000114440934
-0.07600000381469892
0.993999967575071
0.9900000095367464
0.2899999427795416
1.0660000038146955
3.5119999885559086
-0.6019998264312728
1.0499999713897716
-0.037999992370606354
0.6680000019073482
0.07199999809265027
1.6720000457763682
-2.601999940872192
1.1479998588562015
0.39800005912780895
0.5780000305175785
-1.0040000534057634
-0.3280000019073478
1.0259999942779547
0.6219999790191667
0.360000066757202
0.3840000438690181
0.14799997329711995
0.7380000019073475
-0.6500000190734866
0.07999998092651385
0.44399999618530156
-0.17199996948242177
1.7639999961853015
0.2759999847412111
0.5200000762939444
1.362000112533569
0.3440000343322741
-1.0319999980926513
0.28400003433227566
0.8440001773834234
0.42599994659423984
3.2420000648498557
-0.9240000820159903
-0.17399992942810086
1.401999998092653
0.45999994277954126
1.408000068664551
-1.2380001163482661
-2.055999898910524
-0.7780000019073471
1.193999986648559
1.386000032424928
1.2020000267028819
-0.24599987030029422
1.6900000762939442
-0.8779998588562002
2.3359998798370363
1.3160001277923565
-0.08799997329711876
-0.42200002670288067
1.2480001163482672
-1.3020000267028788
2.402000141143799
1.161999855041503
-0.01200011253356818
0.9020000171661353
1.438000116348269
1.9039999580383307
0.8999999237060542
-0.29799995422363246
0.04600005149841335
1.1339999961853042
1.1480000114440907
-1.3179999732971173
0.34200009346008503
-0.3459998798370366
0.5019999790191647
0.39000002861022925
-2.744000167846677
0.585999946594238
0.9000000381469737
2.2219999885559094
0.4639998245239252
-0.5379998874664313
0.0820000839233399
2.4520001316070563
1.10599994659424
1.0379999542236311
0.10200010299682456
1.417999897003175
0.02600002288818193
0.8020000362396257
-0.1740000534057603
0.33400002479553254
-0.4659999179840078
0.625999898910521
0.868000011444092
2.445999956130984
1.477999935150148
0.34400015830993785
0.04200003623962485
0.5160000228881838
0.912000074386596
-0.6940000438690204
2.5460000228881854
-1.2019998550415028
0.3940000915527355
-1.6859999370574945
0.10799996376037731
0.8180000495910658
0.3159999847412107
1.9059999752044698
1.4360000228881853
0.06799987792968587
-0.11800003051757965
0.8260001087188705
0.5659998607635489
0.2979999446868893
0.14000013351440305
0.43999991416931145
1.6260000133514403
-1.3020000076293963
0.08999988555908274
-0.03599997520446624
-0.19999994277953934
-0.36600002288818545
0.6959999656677265
-0.15999994277954002
1.4740000152587893
2.25400010108948
1.815999965667725
0.3219999885559066
1.1199999237060543
0.4839998435974138
-0.12999989509582532
0.6459999275207534
0.6060000228881822
0.18400002479553276
1.4720000553131103
1.2000000286102315
0.31199991226196216
1.9920000076293933
-0.02199994087219307
-1.465999984741209
-0.4220000076293929
0.37600010871887124
-0.5299999427795403
0.6120000171661383
-2.062000017166135
1.6739999675750712
3.545999994277956
0.9799998474121077
1.9560000038146965
0.7899999523162853
0.2600000381469729
-0.45800005912780767
0.7880000305175776
0.30800006866455154
0.5139999675750738
1.8759999656677264
-1.0359999847412122
-0.7519998836517323
0.0499999046325698
2.4220000553131107
-0.040000057220458296
0.4900000953674305
1.2080000877380377
2.8379999542236343
0.2660000705718985
1.2519998931884753
-1.3700001525878922
-1.3500001621246323
1.731999988555907
0.5000000000000006
-1.3119999313354502
0.3259999370574944
0.18800001144409295
-0.203999977111815
0.7820000934600839
0.5480000305175794
-0.00599996566772506
0.598000020980835
-0.21600008010864294
0.888000078201295
2.405999965667725
0.09799987792968816
0.0960001659393317
1.362000131607055
-0.284000034332276
-1.9339999675750714
0.9880000400543214
0.8359999561309823
-0.32599998474121106
3.217999935150146
0.09400004386901882
1.1200000000000014
2.413999958038331
3.102000083923339
-0.5780001258850112
0.4020001125335697
1.0459999752044682
-0.26999995231628404
0.3859999942779534
0.4079999828338606
0.8680000305175796
0.60799997329712
2.8639999198913593
0.5779999828338631
0.9160000228881826
1.6160001182556134
1.5159999847412093
0.08399989128112897
0.4839999389648447
0.08000001907348676
0.18400000572204592
1.1239999961853016
0.016000099182127504
0.7580000019073473
0.8879999065399184
0.964000005722048
0.016000061035154816
0.5179999256134016
0.010000076293944742
0.963999919891358
0.7180000782012939
1.391999969482423
-0.31999997138977027
-0.15399994850158694
0.062000102996824444
1.240000047683716
1.3300000190734855
1.1339999771118179
1.8619999694824227
1.430000038146974
1.0840000820159916
0.8020000267028811
0.9300000667572011
1.0339999961853037
-0.18800004005432241
-1.2979999065399166
1.4099999618530286
-0.3380001354217524
0.7180000305175783
1.1679998970031744
-0.5540000724792494
-0.6420000362396248
0.7559999275207507
0.3759998989105228
0.8640000343322758
0.31799995422363264
-1.3980000209808356
0.5600000953674333
1.1960000133514384
1.5699999427795397
2.173999900817869
1.3079999256134045
-0.3299999046325689
3.142000122070311
0.5659999752044687
1.6300000381469737
0.829999933242799
1.045999975204469
-0.184000005722047
1.9779999637603767
1.0580001068115248
1.7119999313354517
1.3080000019073494
0.9860001087188713
-0.5000000762939456
0.8920000362396253
0.13800006866455222
-1.0700001144409166
-0.01599989891052258
-0.15200000762939564
0.2699998855590835
0.7600001621246333
-0.3380001544952383
0.40599990844726536
0.4640000915527356
0.4779998779296876
1.5660000896453858
-0.24199994564056215
0.9719999885559081
0.5499999999999993
-0.0979999923706056
0.8399999523162857
-0.5459999752044667
-2.230000047683717
-0.6460000419616699
-0.8979998207092293
0.3680000209808353
0.06799997329712061
-0.22600001335144135
0.04599998474120977
0.5119999694824218
1.1239999961853022
-0.7260000991821279
0.05399994850158789
0.7760000038146956
0.1839999961853026
2.778000030517581
-0.5360000133514388
1.286000041961672
0.49400010108947917
-0.025999879837036416
0.08399991989135652
0.5839999961853035
0.7439999103546144
0.7240000247955312
2.156000089645386
0.08600000381469818
0.3160000610351576
-0.3640000057220467
0.11000002861023109
1.721999969482421
0.3620000076293937
-0.9260000705718989
0.7400000953674323
1.0060000419616713
2.6640000343322736
0.608000078201295
1.3580001449584955
1.4340000915527331
1.077999849319459
-1.1980000209808352
-0.25999993324279796
0.27400004386901927
0.7700001144409181
2.9520000648498534
0.21799996376037614
0.9079999542236334
0.2679998683929449
1.0420000362396233
0.290000057220458
1.6280000209808356
1.0499999523162837
1.5299999904632562
1.5179999446868917
0.6200000572204601
-1.1100001335144047
-0.6339999103546134
1.168000049591066
-0.515999898910522
1.3140000629425055
-0.4320000839233391
0.5200000858306886
1.1819999313354503
1.2520000171661374
0.08000006675720372
1.12399998664856
0.9159998989105222
0.09800013542175375
0.4119998741149915
-0.444000101089479
-0.3639999198913584
0.6960000133514423
0.2960000801086436
-0.33400006294250467
2.2939999771118162
2.593999977111815
0.5379998493194565
1.934000072479248
0.7540000343322751
0.7640000724792491
0.42800012588501
0.09799996376037767
-0.6100000095367425
0.18199997901916368
0.7360000514984125
1.5039999771118169
0.4579999446868901
0.19199990272521886
0.2740000343322741
2.1219999790191624
-0.5019999217987072
0.48999984741210995
0.4520000839233397
0.3060000991821294
1.776000080108643
-0.5280000591278059
0.14800000190735038
0.48599998474120987
0.37200003623962313
-0.31199992179870517
1.5979999256134036
0.014000053405763291
0.0219999980926529
0.6280000591278067
0.3900000190734855
2.33199996948242
-0.29400000572204754
0.8860000705719006
-0.06199991226196165
-1.286000061035155
-0.6839999771118175
0.9900000190734861
0.6320000553131097
-0.22600000381469704
-0.6079999637603766
-1.7319999504089354
-0.2920000171661381
1.7740001106262204
0.06199986457824784
0.8480000686645492
-0.15200002670288082
-0.6339999294281015
-0.9020000839233399
0.11199995040893553
0.02400004386901764
1.3579998874664312
2.114000062942506
-0.15800008773803606
0.5280001068115228
0.3979999828338627
0.9180001163482693
0.8880000209808344
1.4739999198913578
0.2619999694824209
0.9239999771118155
-0.08999993324279648
1.231999845504762
-0.2439999771118179
0.3119999599456781
0.6119999122619624
1.2739999485015856
-0.37199995040893385
-1.4720000553131112
2.0639999389648436
0.8640000247955315
1.4599999141693119
0.3919999790191659
0.7100000381469743
0.9620000076293954
0.8819999504089382
3.5720000457763654
4.0100000667572
-0.4539999198913575
0.6400000381469709
1.906000118255615
0.9439999580383293
-2.109999895095827
0.14799988746642895
-1.2060000705719032
-0.21000005722045942
0.48999984741210906
-0.49399995803833047
1.0439999485015878
1.0000000858306868
0.2100000190734872
0.38600005149841243
2.02800000190735
1.1280000782012929
1.345999994277956
0.7719999885559086
3.455999975204469
0.9440000724792476
0.05600007057189801
1.1219998455047628
1.50799998283386
0.1739999389648437
0.7179998683929427
2.9840000057220455
0.757999982833862
-0.11999999046325621
-0.3919999027252212
0.4939999961853033
1.8019999122619639
1.1540000152587875
-0.05200000762939526
-0.13799998283386236
0.5079999637603756
1.824000005722047
0.0020000362396243275
3.13200002670288
0.32400001525878785
2.6539999389648457
-1.0979998970031726
1.128000011444095
0.9539999389648451
-0.6199999332428
-0.6499999141693111
-0.6300000095367443
-0.23599999427795298
0.646000032424926
0.19600001335144188
0.04000009536743271
1.1819998931884756
0.197999982833862
0.2180000877380379
0.025999946594237364
0.8359999656677253
-2.31400007247925
-0.038000030517579046
0.8159999179840093
-1.0160000514984124
-0.3040000343322761
-1.6820000743865975
-0.2740000057220469
-0.3299999523162848
1.7459999752044673
-1.5040000057220462
0.7140000820159909
0.51799994468689
0.5800000190734852
1.0380000209808347
0.6199999237060541
2.4020000076293964
2.3259999084472676
0.14599993705749473
0.05199991226196435
1.3740000343322767
-0.31200000762939367
0.3380000972747807
-0.8919998836517339
1.886000080108645
0.4719999408721937
0.28999999046325753
1.9179999732971174
-2.072000036239625
0.8599998569488534
-0.41999994277954183
0.49600000381469606
0.2499999999999997
2.150000085830689
-2.108000078201294
0.09199995994567917
0.44599997520446877
-0.07600001335143963
0.3779999446868882
0.0940000057220453
-0.3279999542236333
2.5100001239776604
1.7380000591278078
0.6000000667572027
1.5519998645782453
0.24000000953674244
0.8280000400543214
0.6319999885559079
2.2759999847412082
-1.8500001144409195
0.7380000305175767
0.5380000591278065
0.838000068664551
3.007999954223631
1.5280000114440941
0.7119999694824207
0.5439999389648446
-0.35800004959106557
0.8739999294280995
4.167999944686887
0.28800003051757933
1.4820000934600839
1.7919999980926515
0.3299999237060538
-0.6759999084472664
-0.22199997901916424
0.8800000476837164
-0.778000144958497
-0.46200008392334113
-1.041999988555906
0.39600001335144164
2.2020000743865973
0.8160000038146964
-0.026000080108642243
1.0839999580383295
-0.4839999675750738
0.8459999561309826
-0.8680000686645525
-1.8780000114440938
1.848000040054324
2.558000049591063
0.8479998588562024
0.174000072479249
0.8920000743865982
1.6879998970031738
-3.548000011444092
0.07200000762939385
-0.20200012207031232
0.016000089645386406
1.8900000381469721
0.3339999294281009
1.2760000324249259
0.5380000591278068
0.02799992561340507
1.3379999828338633
2.906000089645388
-0.1220000457763676
1.204000034332275
0.7559999942779542
0.17200007438659784
-0.06799987792968679
-2.0699999427795426
-0.3180000114440913
-6.675720152626158e-08
0.4040000057220462
1.730000000000001
0.6560000896453877
1.7340000152587873
1.6520000171661389
0.09400010108947708
-1.9820000267028806
0.6519999217987043
1.3399999237060543
0.7380000209808338
0.8279999542236348
1.328000011444092
1.9779999446868908
-0.660000114440917
0.762000055313111
-0.33599998474121057
2.202000074386596
0.6320001792907728
1.9279999732971178
1.5000000953674317
2.2560000514984138
0.8779999923706043
2.6380000400543193
0.3820000553131087
-0.14800002098083542
2.3700001525878873
2.9740000057220426
2.5600000572204595
0.2659998703002944
0.9460001087188724
-0.5239999198913594
2.205999965667726
0.4659999656677246
-0.3140000724792484
-1.413999872207642
0.854000101089476
1.7040000343322752
1.7840001487731927
-1.482000093460082
1.0559999847412098
0.5520000743865962
-1.6160000514984132
0.7960001277923566
2.525999832153319
-2.0740000534057597
-0.0979999732971188
0.7919998836517332
-0.5939999294281021
-0.0660000133514402
0.8720000553131092
0.3980000114440922
0.6439999389648422
2.879999990463258
0.35199990272521997
-2.0500000572204558
-0.5200000572204606
0.2280000877380387
0.5720000743865983
-0.1579999923706053
0.3240001201629653
0.543999996185304
-0.10200010299682583
0.270000028610229
0.26399999618530157
0.181999921798706
-1.5300000381469734
2.596000051498412
-0.5560000610351555
1.4379999637603744
2.587999954223636
0.5579999351501469
0.8720000553131089
1.4539999866485585
-0.06599996566772368
0.8560000991821286
2.561999940872194
0.4379998970031751
0.03400000572204707
0.7679998779296873
2.0000000762939467
2.7260000705719025
3.1319999980926503
-2.223999853134156
2.624000015258788
0.12600001335144181
-2.4140000152587886
1.3099999713897712
2.2540000438690204
0.5099998569488519
0.795999984741211
0.3480000495910643
0.5299999809265137
0.15400009155273325
-0.5559999752044689
0.5500000190734877
0.4920001029968276
0.2979999923706061
1.0600001335144043
0.8319999885559074
3.500000009536744
0.9660000419616683
0.29400008201599215
-0.8140000343322769
3.814697379788019e-08
-1.1519999790191635
-0.4020000553131117
1.2980000782012944
-0.068000078201294
1.3300000953674327
0.9960000133514392
-0.779999876022338
0.3060000038146981
0.6519999599456774
-0.2679999923706051
2.117999992370603
1.7299999904632568
-1.9239999961853025
1.1160000610351561
0.8519999790191662
2.0640000152587894
0.8139999389648438
0.9419999408721912
-1.1159999752044658
1.054000024795534
-0.3799999046325696
0.963999958038328
0.2840001010894774
1.414000158309938
1.9519999885559083
1.3520000743865965
2.518000087738038
0.7620001411437984
0.8539999580383315
0.55799997329712
0.7060001087188728
0.4760000896453845
0.1300000858306883
1.3860000610351566
0.7819999313354485
1.31800006866455
-0.02399994850158816
1.8819999694824225
2.050000000000001
0.007999944686889181
-0.043999900817869565
0.8079999256134034
1.5039998722076402
0.9960000038147
0.38399988174438654
-0.2219999885559089
0.4979999542236311
1.0119999599456804
-1.7899999809265121
0.6619999313354511
1.0320000171661383
0.816000061035156
0.34999991416930987
0.1680000019073501
0.3040000629425039
-1.3100000381469712
-1.04199996948242
0.3340000057220469
1.6400000286102285
-0.16400000572204684
1.5179999923706071
3.886000108718873
-0.07800004005432196
1.0119999122619614
0.5759999942779546
-1.0400000190734873
0.26800003051757804
-1.3460000419616722
0.37800004005432103
-0.06799991607666092
1.10600004196167
1.0339999675750748
0.6539999389648429
0.1360001087188726
0.11400003433227418
-0.8560000324249266
0.8240001201629641
0.37399993896484285
1.5360000038146948
-1.0420000839233392
0.10600007057190097
-0.07399993896484405
0.1419999122619612
1.7899999237060542
1.2859999942779528
0.7920000267028804
1.783999958038331
-1.7840000629425055
-1.2179999637603776
0.6740000057220463
1.7400000095367447
0.4380000686645513
0.3779999732971182
0.3619999694824227
1.1700000667572
0.23199992179870643
0.49599995613098263
-1.0919998455047604
-0.7620001125335689
4.1339999961853025
2.4540000247955325
0.5140000343322748
0.5840000438690205
0.8380000972747788
1.1559999847412121
0.7740001106262218
-0.8020001316070555
0.4399999523162835
-0.8059999942779534
0.11599998474121131
1.3480000782012946
0.5359998798370379
0.05200002670288148
0.24000004768371613
0.23199998855590806
0.9959999752044695
1.339999961853028
-0.12000007629394654
1.1119999790191653
-0.8839999389648451
1.3920000648498523
0.0339999771118159
2.4920000076293967
3.2280000209808355
0.36600001335144045
0.030000019073487767
0.9140000152587912
0.5519999694824235
0.08600002288818331
0.8800001335144049
2.052000093460082
0.39000008583068835
-0.22400008201599036
1.2259999561309802
-0.25200003623962414
1.827999973297117
1.1279998970031746
0.6519999885559085
-0.1699999904632554
1.9679999065399165
1.4599999809265127
0.34999991416931014
1.7440000915527352
1.3880000686645524
-0.7639999866485606
0.9759999942779557
-1.1000000095367424
-1.8779998540878309
0.29800002098083533
0.45799994468689104
0.05600004196167029
0.7479999923706054
0.11200001716613675
-1.6859999465942392
-0.6999999809265118
0.6900001716613754
-1.4659999847412097
0.8419999885559069
-0.07800017356872577
-0.997999973297118
0.3220000743865983
1.7300000286102275
-0.9660000705718977
0.44000009536743334
0.7720000743865972
1.9740000057220464
-0.07399997711181676
-0.1439998817443863
1.581999988555907
0.08800006866454935
-0.16000000000000092
0.672000093460084
-0.12000001907348729
2.2580000591278067
0.6140001392364517
1.5259999656677257
0.054000005722046676
2.021999883651733
0.03799998283386054
0.7719999980926529
0.0580000305175779
1.0200000190734866
0.7299999809265119
1.2959998703002924
-2.7719999885559043
0.42999996185302586
1.8019999599456809
0.24999997138977084
0.8699999618530287
-0.5920000267028827
0.04600003242492527
0.45200005531311177
2.781999979019167
1.7640000343322757
1.5680000209808336
1.6839999389648428
-1.3740000057220452
0.9519999980926531
0.5900001049041731
0.6519999504089345
0.05200006484985276
1.1519999694824237
2.8160000133514402
-1.0099999332427967
0.2720000839233392
1.3559999561309803
-0.0699999618530282
-0.06399994850158615
0.37400000572204656
1.1900000762939449
3.2359999942779534
3.022000055313109
0.8100000858306882
0.2819999885559087
-1.7459999370574935
0.5299999713897707
1.1459999179840075
0.5219998836517327
-0.7339999961853007
0.8079999923706063
-0.5099999618530277
1.4679999732971178
0.8980000114440907
-1.4960000991821292
0.5779998970031744
0.025999879837036062
0.5160000228881846
-1.4379998493194566
-0.35199993133545027
2.545999898910526
-0.36200003623962235
1.5220000457763687
-0.18599993705749598
0.9479998779296861
2.5440000534057594
0.8839999866485576
0.2700000476837157
-0.21800000190734994
-0.004000024795532034
0.04400000572204774
-0.44600007057189944
0.06400006294250392
1.3339998722076425
1.9119999217987056
-0.4860000419616688
0.9060000896453855
0.03800007820129436
3.405999984741211
0.2919999599456774
2.8479998970031724
2.037999992370604
-0.3900000476837152
-1.1299999713897702
-0.3520001220703135
2.1440001201629633
0.07600006103515788
1.241999959945679
-0.024000072479248277
-0.0639999675750719
-0.3299999332427966
0.6639999961853034
2.7379999923706073
1.0479998970031736
0.7000000095367419
0.38400002479553
0.7520000457763664
1.6439999389648459
0.4940000820159922
-0.07399997711181469
1.0140000247955332
0.3820000362396237
1.5340000152587894
0.23999988555908086
1.272000083923342
3.7660000705719026
-0.5000000286102306
-0.37200006484985315
1.9619999122619647
-0.36999991416931133
-0.8280001163482679
-0.5620000457763659
1.8720000743865979
-0.11200011253356877
0.160000047683716
1.3480000114440913
0.4919999074935911
-0.6420000648498526
-0.11400017738342115
0.8699999237060547
0.7340001487731938
-0.5619997978210464
-0.5559999561309822
-2.2839999961853015
1.6219999885559089
1.955999908447266
0.9400001621246328
2.5540000247955312
1.342000036239623
2.0919999980926507
-1.1020001316070567
0.07600007057189766
-0.16000000953674176
-0.8500000572204577
0.31800000190734734
0.6919999885559085
2.062000102996825
1.482000055313112
-0.6899999523162852
0.7680000495910638
0.42000009536743116
-0.6340000724792482
1.7480000972747807
1.390000066757199
-0.09799996376037594
1.0580000972747816
1.6120000362396234
-0.46800009727477926
1.1219999504089344
2.593999977111818
-0.2980000877380375
1.4260000801086428
0.3500000190734856
0.8640000438690176
0.6680000209808346
1.2100000000000009
-0.36199997901916653
-0.1639999771118174
1.1359998893737773
2.1580000209808357
0.3900000286102306
-0.3419999217987078
1.2660000038146941
1.7259999465942386
-0.2579999923706065
0.5379999923706056
-0.12999997138976915
1.6160000419616682
1.087999935150147
1.1100000476837162
0.012000017166135975
0.052000026702880765
1.6540000343322745
-0.6340001201629628
-0.41800005912780674
0.48599999427795465
0.4859999752044665
1.1359998703002925
1.6319999885559058
0.6140000629425052
