9.89000020980836	70.00599999427796	83.16799969792369
3.28600002288818	102.50800060987467	71.50600021436806
19.251999988555927	61.37600012898443	64.07999980449675
10.223999958038322	63.72600015163425	63.71400007486345
18.694000101089497	56.20600002676247	61.822000033855446
11.18199986934663	59.79400003388521	76.49399995088574
15.465999946594248	77.86799964606756	66.41599987506864
2.3420001792907685	54.71400004073978	59.81400008201596
2.7220000267028817	65.94400012567642	66.56000036239627
16.12400013923644	68.00399999454612	66.35200007438662
1.2120000076293906	72.16000000715249	63.27400019168854
24.661999902725192	64.03800017833714	84.84199972629551
75.17200008869173	63.71599993035199	67.84799993753441
2.0579999160766604	82.07599971532808	64.1119999599457
17.489999856948852	66.8119995450974	69.61399982079855
41.586000137329094	70.54999992489812	63.06600013256076
2.3880000305175813	74.58799989223478	72.36599977999914
-0.261999902725219	59.88800015091891	68.53600003004071
2.7499998950958275	64.24200003385543	82.7540001282095
8.955999784469613	72.41200011730191	77.67799969792364
39.16999983787533	65.6279999768733	66.69600004434585
53.9100001955032	69.64799963667983	67.6320001327991
27.59999958038329	59.193999959230446	71.54800010204319
37.267999854087805	59.85000002384188	78.93000015765433
3.385999851226809	60.1079999685288	128.68400001958005
3.729999971389771	64.82399989992383	82.99600013732902
32.117999410629295	57.16199987918137	100.89000018596646
0.35600011825561306	58.17800012677912	75.65399972438809
31.60400034904482	88.86799993768328	75.70999968290329
19.200000066757184	66.6200001597404	64.55999990373853
-1.020000143051145	66.12599986672402	64.30200023412705
5.770000219345089	59.03199988126761	71.70599997669457
10.043999929428102	59.09000014662743	74.29399997234343
-0.622000083923343	61.84199995219708	63.15200004383923
13.246000003814697	57.129999961853066	65.08999987840657
169.2099991405012	74.98000027656553	88.22800052002071
5.408000116348262	65.10599993139502	59.81599989056587
67.75800005912774	59.910000081062286	67.84000014901159
0.7980000877380359	72.88800010204311	66.91199977040289
21.946000080108636	60.485999803543066	62.01399993032214
13.237999792098995	93.0419998055697	62.76600014686587
65.50000014781955	68.67400010108948	77.62400014519687
26.38599993705749	64.45200008273123	67.6419999480247
31.39599982261655	93.6539999827743	66.19600007414812
16.477999858856197	62.111999899148955	65.82199982225895
3.1039998817443886	83.98000025749207	77.46800021648401
7.8980002355575545	65.42199969649313	65.12799991965294
19.978000268936167	62.47200019076463	79.51400002121922
59.94399994850156	66.50799991607657	73.0099998001754
94.22599989891043	69.20999997138979	67.26399996578687
0.4159998989105194	78.69999986886965	81.81599976167088
7.714000048637379	82.3159997805953	81.4440003871917
-0.7760000276565564	61.00800009071827	71.81799990698686
10.301999912261955	62.37200011968608	66.73999999999995
11.419999999999986	114.40599942252035	68.87799982935188
26.53600007057191	106.00600031018249	70.13800002813333
6.893999862670896	81.04400010108952	86.07799974679955
3.0099999618530253	67.11200021743777	80.81800013750791
87.65000001907349	72.84399983689175	78.6620000457764
2.830000171661376	57.45199991747739	151.6459992063045
20.54000000000004	59.246000001430545	86.7340002566576
7.676000041961674	52.67400011777884	64.6640001559257
96.95600036621096	58.67199997663502	66.69600003391498
26.55600000381471	60.15799989938735	62.69199990034107
-0.15200009346008092	71.13800012901415	62.51400008976462
20.008000183105494	64.96800014108416	101.45199973344798
4.178000049591062	69.32000000715252	68.45400010496378
7.283999843597411	62.5360002195835	67.10399976849554
-0.6579996395111105	61.78000014439225	67.33999994993212
2.0859999942779566	59.34599991500378	81.85599962413319
10.894000043869017	57.217999961376144	96.5219996257126
20.904000034332253	58.58799972772601	118.69999996900546
82.3039995443821	59.02799993544821	66.11800028800965
59.8340005016327	73.58599960207935	159.20800002053372
2.9319999122619684	75.33799994945532	74.65599998265502
13.902000303268432	68.52799961328502	78.75000025555487
9.239999847412115	61.216000012457414	87.87600003451116
11.086000089645363	56.231999957561506	68.52000024795522
0.5980001544952389	77.5919996243715	71.79600006580348
-1.2360000038146957	64.4580000388622	67.8339999771118
2.7360000228881836	58.06999998524783	68.07399998962879
3.0559999752044686	68.68200035572052	73.04200018450614
-0.5079998207092297	72.42199993163351	141.2259997284412
1.5439999198913565	72.25199992820616	73.84000013709064
10.995999908447276	63.89199981033798	61.97399997711177
0.883999853134155	61.941999996155474	63.36800020217903
28.37399991989139	60.45600015401838	64.07800010204318
2.4379998588562013	81.49200002491463	62.66799998044968
13.97400003433227	79.36000015884635	120.11799984142193
1.132000074386595	63.20999998629095	65.33400012969972
126.54599953651423	62.489999971389736	66.92800013542177
5.87199981689453	71.2380000758171	72.98799997329716
15.770000104904168	89.64000025331971	64.18999964714044
2.6540000152587817	54.56600012823944	74.12799982368944
49.77199962615968	68.69599986433977	63.75400008976461
1.9580000495910648	60.348000019788735	88.0420000588894
210.42999955177314	72.12199966907501	65.05799997806545
23.838000173568712	60.98999985575674	66.30399995803835
4.678000135421753	72.39599986374373	92.51200048923499
0.6999999523162866	65.57799983128905	95.36200003102422
-3.4099997806549056	92.6399995058775	66.02999998092649
2.571999912261962	64.51799971342089	63.469999849796274
1.3500000572204593	74.53200020954012	61.906000061035115
22.6480002117157	59.445999834537474	68.86799987554552
72.22399992942802	58.60599982619285	76.64799999386071
33.92400020122531	79.09399985089888	67.98599987506864
18.827999715805053	67.9680001997948	104.15599926233288
3.5439999771118122	65.22599994689226	65.66599979877466
44.244000043869065	60.35399986743927	66.59000005006783
0.6660000801086425	80.33999984622007	85.71000045120715
0.5300001335144011	89.46599995017053	75.53799994945525
8.063999977111822	58.09800005629659	79.40000008583058
8.500000133514408	62.75199995189905	68.14400002241135
-1.0759999370574955	63.91000007271765	73.32800028800963
5.7739998626709	69.35599996477363	88.21399976253512
185.89199977397908	64.94399995207789	65.38799999803301
19.912000207901006	67.2419999814034	84.66600033193819
3.1859998798370377	61.71999983310699	68.09800012111667
3.2820000553131092	68.87600003480905	71.78999994039532
-1.1939999485015862	61.80799975007769	63.780000282079016
27.956000084876987	59.76799991369244	63.08600005865093
11.15799974441529	68.14799989700319	67.5400001645088
-0.12000003814697156	99.6920002678037	72.92800002813328
2.350000028610228	62.114000133275994	90.82599970236417
1.993999824523925	65.30800015255808	66.44399983882907
24.53199978828431	63.356000170707745	72.96400004625325
33.378000202178896	58.62200018286707	64.85000013053413
1.2539998722076442	66.32400003999464	61.80799998521804
-0.5240002059936507	61.597999873161314	94.56200003862382
1.8880001544952414	65.81400007009505	74.54599972367285
0.22600022315978976	89.52999962866318	66.65999988377087
-0.9479999732971168	64.59600000262262	76.12599977493282
2.806000165939328	59.62199986457824	106.94399980425837
2.9599997901916524	58.91799987912176	73.58000013649463
1.3240000534057654	62.294000048637415	70.10199986934664
27.190000309944153	60.200000057220535	75.56200005292884
6.494000129699711	62.6460001397133	68.41400014638901
1.2739999961853066	63.678000243902176	68.77200018882749
27.404000272750853	73.52399971008303	80.4859997618198
2.632000055313108	119.3599993281066	66.70400017976758
15.817999792099013	70.77600038960577	66.22799999043346
0.2739999961853015	58.53600000619887	61.47400023579597
65.3300002193451	62.636000008434046	66.40400035664439
1.1839999580383254	79.1880003136396	57.87600004956129
3.2040000438690237	65.90999979972841	70.30199983775613
1.0220001697540302	63.653999913930846	72.9060002803802
-0.35599994659423717	70.55000009119512	61.54000004097815
8.38200004577637	72.0600002795458	65.18399984419342
3.052000064849854	86.87199997469779	74.30399973452097
2.551999988555903	61.92399989366527	87.81200036168097
2.3480000495910582	79.35199995100507	75.23999978452918
19.874000196456894	63.99000008463861	67.43199981093406
1.382000036239625	69.61000033468007	76.46599991545082
5.266000137329097	72.17400027275082	87.34400029659271
10.427999801635734	68.45999987959858	69.79599985972047
5.277999782562251	54.43199991822239	62.8340001296997
14.894000043869012	59.67400020092722	66.42999994874005
28.879999980926506	79.28599975705158	75.00400029182424
7.949999661445635	62.55000002026559	72.9879999768735
4.104000101089475	58.376000013351494	89.15200015664095
32.9560001754761	76.33999989747998	64.73200004875665
13.040000257492068	71.50599993929266	73.13800015330312
2.5200000476837183	58.81800009131429	71.76800010681151
32.623999729156516	60.11399992704395	64.7940002632141
46.99799980640409	63.02200014591216	68.20399994909765
17.253999757766717	60.83399981975557	66.15200000524517
72.96199979305273	60.60800016522405	69.69199985980984
0.06000007629394146	69.18999994993213	77.0059997653961
-0.4599999523162845	60.99399971574545	72.21800013303762
3.906000080108641	60.532000034451436	68.54999988228076
3.0859998416900645	76.68399993658063	72.87600033998493
-0.24000014305114714	64.91800022840505	83.00799992114312
5.556000204086304	66.18199972718955	62.80999998867511
-1.4779999637603767	77.82000021219262	62.08999983787535
48.11999930381773	64.0359997361898	69.41800021409992
0.8240000152587912	58.72599988892672	64.53600008964533
9.734000053405781	64.76799994185568	65.22800000905985
40.77999989986421	69.41199997425075	91.14600018262873
38.22400021553038	60.17400005340572	66.00200030326842
26.082000083923308	62.86200010538103	73.52800014019017
11.495999832153315	58.47200027942655	64.7580001604557
202.83599913120284	60.464000182151764	75.74199970364569
1.53400004386902	70.97200025036923	78.57199985742571
9.63400004386901	61.668000271320366	70.64600026130677
28.973999710083035	79.06799969434732	93.4039997452497
-1.273999795913698	65.09999997615814	77.60600020691751
3.3840000820159903	69.28399992465974	69.7260002799332
29.333999872207634	63.57200007021421	68.80799985766404
2.09199993610382	64.28399993538858	97.66600063323978
14.325999870300299	59.92399981662632	76.67600010111921
75.82199913978587	64.08599990412596	73.94400021076207
29.008000049591082	74.16199925869698	63.75800005912774
32.07599970340728	63.61600024029608	65.30799985885619
40.22800013542177	58.08200001925225	85.5420001578331
22.004000082015995	60.160000141561	68.83600026011459
36.18199979782104	74.00399971067908	71.7499998164177
46.31599976539612	66.37400022625921	68.22400015592578
16.729999885559064	60.224000074863426	68.7679999876022
16.3520000934601	74.23200015470391	72.87600024461744
0.5400000190734846	70.12400008320812	62.06600004315376
-0.5660003376007076	63.022000102996884	67.95399997234338
2.40200000762939	64.67400006055836	69.93199999809265
0.6219999599456788	59.18600014209752	74.99599988937378
4.572000045776367	70.34200016543271	73.35800025701525
34.107999992370594	59.19600003004072	68.54800016283998
239.74999948501585	62.254000157862855	65.22200010418888
-0.01600007057190189	65.42600001692767	61.86200007438659
8.819999942779528	60.79200005650524	63.441999862194045
7.355999965667725	64.60599951028823	70.93600001335138
23.38999983787534	59.175999793410284	70.13600019320843
12.700000047683732	77.70800065278998	60.63199979066847
5.387999811172484	74.38599988937375	79.07200001120569
15.60200013160706	60.673999993801075	73.54599974274635
17.119999990463256	68.75199987173076	65.02400000572203
1.896000223159786	62.561999922990815	68.0879998636245
103.92600029468532	65.41199985697868	65.38399999260899
27.414000334739693	58.246000034809114	108.63800077110523
40.01799995422363	74.61599969387048	112.71400009766212
0.0839999771118144	63.23000008344659	78.54400009974832
0.2679999732971187	60.18599983215337	62.33400012493131
187.46599953770635	60.87200011253361	65.85999995231627
42.71399991989138	61.050000146627454	68.83800004482273
93.73199961304663	61.12999990701673	75.53400005221361
26.60600014686584	110.06399964392187	213.63399869799622
42.720000085830684	79.77999998480087	84.40999954342847
0.8899998569488502	59.145999812185686	63.673999914228894
85.65599975585945	62.707999969422836	77.04800001859664
31.33799952507018	54.63800003528596	66.71999996185302
10.853999900817872	59.46600019931796	80.72999989390375
7.252000131607046	62.9800000485778	65.5540001583099
6.090000095367426	70.8660001386702	87.24199979305263
36.886000342369094	58.114000172615036	76.58800002381204
0.602000226974489	71.76800010204317	67.2579996466636
1.8719999313354512	57.88999995231632	88.05400026321406
32.70799980163578	58.962000114917785	69.92199979066845
44.34000021457674	68.14000004291542	71.67999991565947
16.848000059127806	63.748000236600696	72.0199998903274
4.128000001907346	67.63600002765654	84.51400017023077
3.624000120162962	76.80000018835054	79.74999951988462
16.308000345230102	65.64800005197517	66.05400037288665
15.087999973297126	68.7739999079704	62.82199988365176
12.018000078201297	68.61000012397767	126.54599956989291
24.031999988555903	82.31599991083138	62.69600006103518
18.156000251770013	67.40399997711178	63.728000034540905
-1.6600000095367407	73.65600000187763	72.20599960327162
-3.936000270843507	83.87600028455252	61.69399979114541
1.4059998798370343	56.38600001037122	65.33200007915495
1.4039999866485602	91.11400005549191	73.51600010454648
1.0440002441406273	60.71999977469443	65.10000008940696
0.8320000362396268	56.816000190377295	65.09199997335674
8.577999877929692	76.15400026082987	72.70000006869438
10.399999895095839	61.51800020337106	67.78599973559379
0.4079999828338601	71.02400002300728	60.92600003242494
2.1780000972747806	63.809999806881	61.603999995291225
36.27199944019315	61.49400027155877	68.76200004905459
41.93399997711186	64.21600004196169	66.3559999847412
11.645999736785884	74.6899999821186	61.99799996376032
25.407999820709247	70.45199990510943	67.37599990308281
36.306000103950495	59.634000096321095	64.83799994468684
1.0079999732971174	112.16399954617013	93.01799985289563
0.6339998531341585	69.46200030565258	91.87399983793492
18.38200028896332	58.61600004792218	64.5200001686811
21.421999883651697	61.55399986386296	64.33199992343785
4.960000114440916	88.19400055289262	90.47000006079683
-17.700000200271607	70.47799993276598	90.09999985218049
15.343999977111825	75.11199997842303	71.6460001119971
69.4640003371239	58.861999902725245	64.59000011920926
5.758000049591064	60.756000158786755	68.00200025558463
53.072000207900885	95.92199939548969	68.9100000762939
4.798000059127803	70.08399983167648	67.45600017786023
19.292000293731697	62.849999934434884	71.44799996018403
57.18799942970283	68.41200006067749	77.6299996709824
83.61000010490417	66.96800033882258	72.62599965095522
1.1860000801086406	76.21599982157349	71.17799989223484
28.89399991035463	57.942000029087104	67.84199991226194
18.251999645233155	59.43199996709825	95.45199982881552
12.559999971389775	67.94999999165532	64.53400009155274
2.715999956130985	70.4880000197887	80.5899999070167
-0.579999923706052	79.56400014162053	67.48200007438662
1.5940000057220458	151.6279990516604	64.79800015017388
11.36800024986266	90.2719999790192	65.13400001049037
13.368000297546375	86.02800015449525	66.87799995690584
47.38400043964381	64.46800015449523	66.4600000190735
4.286000070571902	64.69599980205295	65.07999990150338
11.198000030517571	78.0159999501705	62.48799996450543
44.496000041961686	67.98200009107597	64.17000018119815
37.558000125885	65.08399995684624	60.99800020620222
64.48599977493286	92.45200013637546	69.83600059866907
4.899999923706049	59.74200019076468	75.31799998760228
2.672000122070312	59.71599992752079	65.45000021934506
157.68000022888182	62.50200018197302	71.40799990296361
-4.620000133514403	95.96200030803676	74.77799962282177
20.78799980163573	75.45600060701365	67.58199999153618
26.718000049591062	63.67399988844984	62.17600001573555
75.43999949932105	68.03999973863363	61.46599998950962
84.1539999914169	63.7060000176728	72.39600017786022
27.773999948501594	73.16600022077554	68.58200021266936
8.991999845504763	65.06599996447561	68.44399980902666
55.559999980926555	74.65799948722113	69.0700000309944
1.431999969482421	65.59399992465971	72.25799986839296
17.424000043869015	71.19000003904108	69.46600006818768
11.728000087738044	65.63400006890299	99.98399961233132
26.120000305175804	57.616000069081785	64.93000020265576
3.3320001697540316	68.84200006484977	88.16399997323747
8.287999954223633	63.97599999025466	66.20600004911417
102.01800044059763	58.516000051498416	65.33799996182323
0.04800001144408894	62.822000072002425	80.90799990296362
45.86400016784668	71.27000055477036	72.78400009542706
31.126000270843516	71.5060000759362	70.52399998664852
64.7919998073577	61.695999867916136	68.56400002479549
35.55000037193298	73.20599999666204	97.40000036910169
-18.44000019073485	69.12199998855594	67.04799996703863
-0.06200002670288026	70.05400012701757	70.83800009250639
1.5540000534057623	70.88600041389466	73.96799968183039
31.590000524520903	67.01800026297565	64.90199987351893
14.100000286102302	60.78799992561342	82.96000010192388
3.850000123977661	64.0560000810027	99.40999983906745
4.358000135421753	63.575999763011886	68.86200002253055
2.5059998703002933	66.37799984768034	82.72600013196465
205.82599987745283	83.93000005394214	81.33800001621252
26.924000139236455	65.12200019121171	64.19600014030922
-33.05200000286102	62.4520000836253	68.14400007799266
21.582000069618235	58.99000007152554	68.07800020813943
6.228000011444089	64.07199984207755	76.88799996376036
0.993999967575074	59.8899997031688	112.84199977159503
1.368000049591062	74.66199967861176	78.79599992156028
0.05199991226196347	74.71800016462797	96.09399984568351
6.866000242233277	114.13400016158825	62.91000022411347
1.0040002346038817	65.0420000204444	71.74399977207183
67.53199962139124	67.37400006771094	69.32800011992451
65.8139998102188	76.12600016266092	90.1439991855621
5.981999893188471	66.02400006771084	77.26399976968763
25.25999995231631	62.24600001588468	66.55199991464613
-0.604000186920165	65.60200012832881	84.03400015830994
2.372000055313115	60.35999995946884	67.5940000665187
135.26600028038035	64.76200003623958	72.49799996614446
-0.25400011062622263	69.81200013279917	157.15399892806994
61.16600042343138	67.05399951338767	75.12400024414063
-1.561999778747558	66.35199997901915	66.60199999049313
33.45200006246568	72.30399991467588	67.08800009727477
67.95799922943111	71.99599962428215	88.78199972629554
3.2080001258850124	79.0119998246431	66.71400037646292
27.570000028610217	111.86600030377494	81.69400019824495
-3.64800008773803	209.87799933493147	171.5159996007382
7.818000106811529	67.41399996832013	80.90199990510949
1.1159999465942363	74.24000016629692	66.8440000681579
0.5600000190734901	81.41199994087218	107.89599959254261
0.796000041961668	60.00199980676175	62.31799999237056
0.4779999065399171	71.8059997117519	61.097999905645864
97.91800040245055	69.52000014305115	67.68399974822995
-0.5140000057220473	68.0860000252724	64.3339999866485
26.3760000038147	72.99800021976229	72.33000018835074
16.62399970054627	82.13800001204007	64.1000003409385
3.6140000820159903	80.9919999378919	66.94600028991701
10.845999946594217	61.56599989742042	67.60999996721748
3.8119998931884793	70.34199994087218	94.67200011014944
99.48999983787522	74.17600005298853	67.80000013351443
9.501999883651735	76.68399958461525	87.92399997204542
36.140000185966485	59.4579999637603	79.25799971818924
16.79999993324279	66.29399990409607	83.38399999499329
0.24200012207031185	72.74799976110458	72.1040003299713
38.644000015258854	72.28000000834463	66.61999990463251
14.108000154495237	56.813999968171075	65.65200009346007
119.99200003385549	76.83600007534025	71.03000006377694
60.32800036430357	59.70800003468996	67.93999994277951
1.524000034332279	61.756000227928155	81.8919998276235
0.00799996376037769	61.279999988079055	67.0739999723434
1.888000125885008	71.3780000609159	69.52200011014934
18.352000026702875	64.72600006103517	76.49399977386003
21.062000141143816	65.64799994945523	74.16399984538555
0.7799998950958226	61.70399986267092	82.14200050830839
10.505999851226793	60.45000002652403	63.99599993228905
12.524000110626227	71.88200000762941	65.82200005769725
7.106000070571906	62.95599983096123	68.01200003147126
-0.8040000343322722	60.65200006306166	63.83400005817412
83.83000023841855	62.76199993282554	69.33000008344649
107.32000025749201	67.55599978014827	65.61000016212465
2.166000061035157	62.586000037193294	70.08400007635352
3.3139999771118176	71.41400012493129	65.00599993109698
16.037999849319473	62.50000005409121	68.80400035381308
35.31000019073487	69.1099999526143	71.63999979972846
51.36599990844731	62.29799999833103	69.42800033330927
2.552000064849856	68.92799996972084	67.90999983310702
5.285999889373781	85.0919999201596	91.18000020653011
7.147999897003179	65.64199987828734	84.14199995696553
5.815999841690056	73.46599971294401	65.26599987745286
-0.24400012969970986	66.01600012302394	70.93600014686587
27.04800013542175	63.543999999463516	73.36000017762188
51.29799949645994	73.77600008130072	72.88999997213486
4.485999717712399	67.81000014364717	68.817999958992
4.182000064849843	72.33399985313413	69.29000005960465
0.6940001392364503	72.44600042849775	66.02399995326995
-3.1600001144409133	63.83200009465217	87.27800038576117
24.689999961853058	73.74799978017802	64.92000019937753
26.782000322341865	70.33200001001347	97.2359998595714
13.735999784469604	61.3400000685453	64.30999985098838
81.73799967765817	77.80000023216013	69.31399978160856
19.997999620437632	96.10000043988232	65.60200002580878
-0.6900000667572045	60.43199968338011	65.71400011062626
14.477999916076662	66.2220000821352	68.25000012874602
52.34000022172924	69.4060001532734	72.36000037670136
-1.2260001564025855	77.4959998989105	77.81399977684016
5.464000158309936	65.73200017124411	70.7880000019073
10.134000072479243	66.43200022459028	73.65200007736682
17.79400012016296	76.21200034260752	67.09000003278254
-0.36399996757507347	86.82799970746039	134.5299996770918
51.25600045681001	62.36000006556517	72.32800013422961
-0.917999982833865	59.22400018215175	63.00599983215329
14.665999870300302	61.89199974253778	67.2240000677108
50.949999904632506	71.73799993157387	70.99800016283986
12.289999914169316	61.684000023007414	102.48600038453934
-3.2299998664855956	65.11400009155271	71.45000006675717
-1.461999950408934	68.70399990826844	101.4740001189709
5.41200001716613	72.72199972540135	70.39999983742831
4.714000186920169	65.92999979197978	67.39200018405909
69.96400017738347	74.96599974036221	70.02400000572209
31.859999799728353	65.82199994742864	66.55599990844718
10.56200008392335	65.98199993371968	68.09000004813079
23.023999795913692	64.43399996072053	83.05599961757662
114.03599965095515	68.31399978637694	72.93799997806549
61.15200013160699	80.68600008010866	69.51799990892403
2.3820002269744918	61.88600008010865	67.17400004625324
5.697999811172488	70.61999970316879	66.38999988079067
31.14199984550473	69.64200009822844	67.3079997587204
23.443999843597435	80.98200025856502	86.09999974086867
5.596000003814694	70.90800003647804	66.55599987745283
2.0279999923706042	70.51799999475479	78.94799975872034
-4.484000225067134	79.84000009924172	68.98000011801717
-0.855999860763549	77.55399989843364	77.42199969887734
-2.2839999961853015	59.82800017476084	80.21399979591364
50.77000000953672	63.47000017166134	74.29999968051911
205.99599959135062	63.68399979159238	72.86599985599526
11.016000041961684	76.77399994432919	64.21799989700311
135.7960000085831	64.69799983263012	68.0279998382926
1.7500000476837134	74.68399979591369	87.79400000691425
31.37600022315978	88.1920001046359	72.7760000297427
42.155999865531946	64.56000019311905	98.57200010612607
61.93000010490412	65.32199986219405	65.40199979782109
418.37999760627747	73.9159998685121	65.55600002288813
1.0659999465942422	69.47199992537494	77.74200004935261
23.566000108718857	66.1439999893308	69.31800014972679
0.5219999313354446	56.89199990749358	64.2360000896454
24.626000003814703	64.32599984049796	70.07600025296207
95.7599997806549	59.963999980092055	78.61800011754042
44.92599976062774	102.13999967530359	65.9279999732971
2.5520002079009996	84.6300000250339	93.29399995282296
63.764000372886635	63.161999992132166	65.72799986362459
314.2379999595884	62.65399984896183	72.15800019741054
-1.8639998149871813	70.97400022625918	68.12200000286099
74.26599966049187	60.28600000768902	79.10000042617315
19.754000282287606	66.74000032186504	69.61000021576882
85.0199998569489	65.47400010228154	72.12799993991845
4.350000085830688	73.2940000033378	69.75400014400485
42.49199976444246	58.65400003075606	103.69400017410516
-2.204000053405767	63.69200010299676	79.35800009965901
3.7440000247955343	67.21999973773953	63.527999901771594
392.64599907875083	67.62800003409382	63.586000168323515
7.4659999084472695	69.8360003447532	66.3800001108646
1.6100000476837184	59.72799998760224	69.87399995565407
43.27000044822691	67.51399983972304	68.08399988889688
10.602000217437736	65.47200011968616	66.89200001239774
1.0120001602172852	61.27199995636937	76.10999964237216
-1.037999963760374	62.5239999651909	67.84799986839292
-0.47999990463256864	71.5400001081825	68.05399991035459
3.2999998855590844	73.42400010585779	66.47599995851509
23.36199983596803	68.27399991512299	88.39400040626522
1.3240000438690203	79.28999984264374	73.69399990886451
1.5279999351501432	64.10399988412856	68.99999989032744
0.5280001544952359	72.3359996344149	74.47999980330461
2.552000160217284	68.45000026822083	66.6939999823272
115.23400030136108	67.03400008201598	64.8079999160766
13.617999982833858	65.40600002259018	67.25999992370608
61.237999978065496	67.0080004259944	66.40399996161464
84.24400173664098	60.3039999985695	62.501999983787535
18.157999954223627	65.4040000009536	71.94399957299224
11.420000123977664	77.09799934864043	82.96600004434582
12.561999902725221	65.4760000035167	68.01400000929834
10.915999755859366	63.07599997401238	63.831999965906185
-0.9959999847412148	73.89400015950208	63.7219998532534
1.5720000362396231	63.1920002996921	66.53199976325033
25.60200051307677	60.95799998193976	64.33799999862906
1.3300000381469705	61.10400013804434	64.51799983263017
5.944000110626223	62.82600010275839	78.70600014969705
16.465999813079833	72.75799990832799	63.9319999885559
47.90399970054625	66.64199996948246	96.62999972403057
3.021999797821046	61.02800025045871	63.778000098466876
20.817999877929704	68.01000012919302	70.2640000200271
3.1460001134872413	59.050000234842344	60.58200003623963
45.56600006103506	75.11399985119692	75.90399982452386
42.14399996757506	60.61599976181983	66.99599997520444
17.328000087738033	64.16800010681148	71.69400022983557
2.4919999408721907	63.53399985790256	91.3619998979569
65.46799946784972	69.86599987983703	87.10800017058854
41.955999555587766	66.48999987602224	63.656000007837946
2.3400000667572	71.88199969053262	73.93399981617925
59.16400002002714	86.86599928081031	65.59399998664858
2.8600001621246354	63.65600008010865	95.1459998685121
1.5720000457763694	80.84999977409836	79.98199993133548
44.035999994277944	67.74000016599892	69.15199989795687
-0.991999931335452	64.46399990916257	65.05400006532669
26.53599998474123	60.080000130534174	61.12600016593937
244.59000100612622	73.60800007745623	64.1879998159409
113.11800001144401	66.46800013989208	111.19599962159997
-1.4759999752044668	70.15200019657605	64.87199991226194
3.984000005722049	64.76799994751813	74.74000005722048
-1.3779999923706052	60.95800005078315	64.567999933362
65.02200000762943	91.0179993849992	82.35199954271323
1.9999999809265148	85.57800023078914	87.1059997606277
2.634000062942503	64.33600009769201	93.88599975466727
42.345999503135666	57.32999993681908	66.22600013494488
5.507999868392943	90.49999964475623	79.23799984216686
3.5040000724792444	75.84599990606299	67.92800000190735
13.578000192642222	59.22599996924397	69.96599999666213
2.8780000877380387	72.75799992322919	67.08399998664856
15.218000049591067	75.22400015652173	73.70399976372713
2.1339999771118148	66.79200036823751	99.96799970149998
1.2199999237060564	87.16199950262902	108.29200047850622
83.05400012969974	60.34600002527235	82.15799988538016
2.1839998722076426	65.25800003707401	106.7659999060631
-3.5980000281333915	36.231999841481404	38.56999993443489
19.15599998474122	65.96400027036665	67.51599977895623
-1.3059998226165748	58.85400010675188	77.35999999046325
0.29599998474121025	63.87799986273047	67.20799999475477
14.881999902725214	83.5520003753901	65.0860001468658
19.7799998474121	69.1980002355575	79.78800001859663
12.115999631881724	67.50200034990903	67.28200010895725
35.00599996566774	62.285999895334236	72.1699998921156
39.66600007057192	73.95200017452245	67.38000005245206
28.702000188827505	63.34799996256824	68.34399993538858
50.99800021171569	88.5359997686743	81.94999976217746
5.688000249862672	66.20799974739556	70.29599970340735
29.10399977684021	74.627999856919	64.04000001430516
16.79599981307985	65.08999991700054	72.27200016021725
143.0120000410081	61.11600017160176	67.41199991703034
28.56800021171572	69.90600018501274	66.80400006771096
97.3899995803832	62.628000146895666	60.778000097274756
-0.023999948501587695	65.65400003850455	76.27199999734746
121.57399942636496	57.93200010567898	74.34800038814544
5.13200016975403	70.8380001087487	72.17000019788739
176.3780006718638	63.43200039640073	72.16600023344157
17.072000055313104	65.89400003671652	64.93600015878674
170.27600025177014	64.71800002917645	64.40000001907345
0.6920001602172864	74.62599981576201	64.12000041484823
6.25399996757507	66.35400015354158	128.9319997310638
36.18999999046327	58.203999843597444	74.06400011450049
3.7200001811981167	62.48199998810888	75.41200031995774
92.79999992370612	91.76199935793875	205.5859991331398
1.1259999752044634	66.66199991822239	70.47599999189374
2.1220000267028802	71.50199987500905	72.58200010776517
-2.238000173568723	63.566000312268734	72.17600006341935
20.716000280380243	74.4900000965594	62.46399998188019
11.618000040054323	58.79800015687942	67.04799985408783
-0.5060000896453842	75.06999964237207	68.00399994850156
22.240000286102322	60.01799997776745	70.4999999856949
1.8919999885559047	60.67599999427794	64.01000013470644
30.95400013923641	91.88999993115671	66.35599984645842
3.109999904632573	86.19399996399878	76.96999975204474
48.12400030612945	57.67400028884406	67.6799999797344
29.33399977684019	65.1880003142357	69.30400000810619
29.22199967384339	61.72999956727029	66.33200002431875
-0.6519999313354489	61.427999929487676	70.9619999361038
34.39199966430669	76.24799998044963	66.352000131011
1.4860000419616708	65.6239999294281	113.59600028038018
0.6119999885559096	71.4039997959137	107.94200021445761
39.7079999017716	79.37600062012673	72.29800004005436
3.214000205993649	70.18600011169909	68.67999994754797
2.058000087738036	61.28400016024705	79.76200016975409
16.250000123977664	71.13599972486502	73.3180003005266
32.781999902725204	71.71999987438316	69.18200007200247
63.85600004196164	65.8780001103878	68.41799989700317
1.6820001983642596	105.0219995516539	105.74199985027316
43.781999912261924	61.43399982929227	69.73799972087157
1.7059999084472663	62.150000023841834	73.35399997279042
13.148000020980826	65.11400031745434	77.48399973869324
20.28599999904634	73.43400008440017	64.7420000477135
1.6539999866485582	61.23399988651276	85.68599985003462
2.0380001163482633	78.81599998086689	80.57999995142212
1.500000104904175	65.54199985504151	67.7539998665452
2.4840002250671365	62.32400000095367	77.28600005030624
116.75599948585048	61.810000011920955	73.86399985611442
21.68000008583069	61.58599984169005	84.65000002622601
3.9059999275207513	73.9779996147752	69.26999980926513
6.780000209808352	64.70200011670592	67.22400006383656
1.3859999656677229	64.40799982443451	87.04999974638235
13.226000032424922	78.61799997925756	83.27200008869173
45.780000286102336	64.79400029659273	73.47199990272514
-0.8159999942779547	62.40400010347362	70.07000011205668
146.48199976444258	59.24600019693378	67.86400019705293
-19.67000016689299	66.44599990367887	75.56800007060171
1.8680000972747792	62.85600000381474	69.84799998521797
1.6320002651214622	72.07200009226794	61.9380001354217
27.65800016403198	75.45999988913535	66.30999980449677
2.5259999752044653	58.295999984741215	67.1700000762939
7.063999938964853	69.11400009870525	68.63800004720683
150.77800027847283	61.85400009334089	91.66399986669417
28.94799992084508	70.17000032901758	50.97999993592499
2.5440001010894773	71.83800000116229	82.0119994616508
4.191999750137331	65.23400030851359	74.57599996283645
2.813999986648558	70.6620000553131	72.0539999198913
0.5160000896453851	60.48800010934474	72.86999995946876
0.5099997901916469	86.88200046539308	70.66000006437298
4.983999919891358	67.13000021934508	67.12399996086958
40.08800012588497	58.862000050544744	65.57600011110304
19.369999818801883	62.13400003537534	66.2160003590584
40.0520003271103	59.09800006270408	89.57999969840048
17.001999921798717	70.44000009775161	70.3620002949238
5.868000059127813	62.755999999046296	63.63400002598762
21.22999987602235	55.500000085830685	97.37400009006275
5.816000061035158	72.30800009250636	85.81999988988049
-2.30599986076355	65.65200004652137	64.26200044155125
82.05800054550171	71.6420000565052	99.14399974822996
1.1300002098083473	68.68200009107588	77.45999993324278
44.347999830246025	64.03199994564058	63.601999960392696
154.73799962043745	62.188000000268175	68.19399988651277
29.20199990272522	63.66000001430511	68.41799992799753
1.8939999580383313	67.39999994516376	82.25599999666217
0.12799995422363145	66.39400003388519	78.93000013738876
51.78400034904487	58.86200000286104	77.67799973249434
1.258000011444092	72.08800021558996	72.67600002527234
10.221999864578237	63.42599993109701	64.18999996662141
0.7380001449584992	81.77199980571864	68.6960002478957
42.835999994277955	83.54200006723401	67.53600008964537
30.319999971389812	79.61599979609254	69.37200013250104
22.30800002098081	65.03199989154938	64.25599997997284
4.723999958038331	59.57800009012221	81.49800033450126
12.665999917984005	73.80800013542168	81.17000007748604
39.56000005722046	56.124000078141655	63.404000367522265
-0.5439997100830111	58.333999924957766	89.07000036716455
2.9259999656677302	97.75000047817828	113.86200028181068
7.156000261306773	71.09000001788134	73.28600027561193
17.269999809265137	65.71800001025198	106.50199918031706
12.05600003242495	63.12800008177755	69.16200017452233
88.72199985980994	74.37800004750483	66.54000028133395
27.590000076293933	62.28400008201606	69.30200010821223
98.12799976825706	65.4720002663135	72.71400018066169
8.651999921798696	67.19199992418284	63.91000017642978
-13.20599989891053	66.00599986210459	69.67800019502639
2.182000083923338	71.65999989986418	72.31600012779226
20.295999746322614	61.33200007408857	68.66400004148481
86.2800002729892	75.22999975740915	86.91000027835359
87.09799935340881	58.04199986815448	66.37599992275233
54.348000140190116	64.49199997484686	68.8920000982285
102.89000057220453	69.52800019264222	76.33199999630449
199.94199962541452	72.22599992275238	66.54999991655347
26.658000078201283	73.27799995183936	106.60600023105748
0.9920000743865961	72.8979998171329	73.81200020790105
4.328000097274782	62.814000138640395	71.90799989700317
6.419999990463251	66.46800009369844	73.73999974012365
8.967999868392962	92.65799968004225	65.94799990296362
4.7659998035430915	69.71000049635768	91.68399978458883
-0.0020000171661376798	59.26399996757511	89.3360003972053
49.530000219345105	62.13600015163419	66.50800010681154
16.958000211715746	63.72800022125243	63.11799996852874
173.74000039473174	71.07600002527238	110.07600005120035
71.57999975204471	63.487999813258604	63.68999989569182
-0.8799999713897737	70.67399974867698	76.58399984404434
2.1960001087188723	68.07399995803831	73.28999998331068
2.246000280380247	149.171999465823	113.7699999503791
63.40399963378904	72.54800019428126	69.04200004220014
44.62799948692325	92.37600014314059	73.78400010079143
91.90999952316285	69.64599992066617	77.84800004482265
49.2019999170303	63.780000136196584	73.34799994230279
0.10599994659423462	64.17400011539458	68.74799982756372
19.6539999103546	65.38200016289949	69.20000004053117
58.049999771118124	62.78800004482266	86.81000023126607
3.35399996757507	204.87799872070556	101.50999975442888
6.567999868392932	64.7460000169277	66.7099999174476
15.10600012779235	68.6319999575615	66.8520001554489
75.10600056648252	70.13199995636937	67.57000006198881
29.969999828338615	65.49800015732643	71.68600009441371
10.785999908447282	75.80000009655946	74.23800006747251
15.317999858856204	71.03599980533123	68.10600008964538
192.78599997282026	67.13599996089935	66.12799982070928
4.559999923706053	58.91600000381469	65.75000005364416
8.580000166893017	60.987999914884554	72.57199976488947
2.994000062942505	69.0759998083114	78.48200036764146
5.436000022888178	61.094000089168574	85.40999937653538
40.240000104904155	66.17999984741208	63.95200006246565
4.823999929428099	67.50600022077559	68.96999988362184
1.658000116348269	68.6340001285076	74.38800033211706
44.9699998664856	59.94600009322166	65.7019998931885
0.2619999599456791	62.36199975743884	82.23200029939404
23.040000352859497	59.519999966621405	77.96799987986678
0.9580001544952367	57.437999928593605	76.44799994468687
0.011999902725221494	67.20399985983968	71.14400002717973
0.6979998016357423	65.2020001029968	66.49600003436204
23.169999904632572	61.2440000419318	64.45799988269808
-0.5519999313354467	66.78000017791979	90.8959999400377
105.37199998855587	65.14000000968568	72.05599995568393
190.37600082397464	69.83000014469029	63.70599996566776
60.80000029087074	66.36599988281732	68.25999984979626
-2.592000064849854	68.25799981474866	64.7039998936653
-1.6580000114440905	61.95800009489063	57.29599998041982
-1.2060000324249278	76.83599990010254	65.10199988365173
4.762000341415401	99.9740003728866	76.97800018787369
41.01400004386903	68.42599977731702	87.3280000141263
2.698000078201292	65.07199984788896	63.74000005602841
16.504000024795538	60.72999995350836	66.54200001716609
48.03400012969971	74.43600040674202	68.1660000944137
27.670000276565556	116.45999943718323	65.5439999103546
14.058000073432922	100.95600009903302	101.49000006079677
2.47599998474121	61.75200000762935	68.24600000381469
-1.480000095367432	101.33599976614123	109.23799970909961
-1.0379999160766606	73.58200039386743	74.16199999570838
0.5760002326965326	62.216000142395515	70.78999990463251
51.91200022697448	63.24000002384183	89.11799996137621
209.73199783325188	67.9479999387264	69.74799990177155
156.04799964904774	64.10199989199639	78.29199991062276
41.29800015449524	76.88800030231472	83.95799971818916
1.9200001621246356	77.21999974966053	63.85400019451978
36.85199937343597	59.690000066161126	66.91799993813035
1.0140000152587887	64.03200002431866	68.17400016307825
37.73800031661983	67.11599974870683	63.87600008010867
-0.5500002002716048	72.05799991995089	65.28200001478189
5.691999950408942	66.67800002098083	65.63200004786252
23.631999998092688	59.010000145435285	63.68599996566776
13.156000013351434	73.12399981498719	68.98399988889699
14.007999925613403	61.96200036168107	102.87600018307566
26.148000364303595	67.24800030350681	115.92799983739846
39.2000004196167	67.5479999375343	69.08400012016301
-2.1359999370574916	86.8319997063279	75.0740000200272
1.6120001316070596	70.59399990454314	89.95799974322318
28.569999923706064	58.99400007724764	82.35400009334084
2.3579998397827153	88.7780002951622	71.96599992275239
76.34599946022038	60.6760000889003	77.33599991440771
50.76400025367736	61.30199987605215	62.32000017404557
425.9759979152677	67.03600006997587	64.02000001430513
44.254000053405754	60.50999991655352	67.39000012040137
62.78599988937376	61.37000014543524	62.50400004863736
199.3899993944169	152.43199988365174	198.90599951028787
14.479999980926504	63.20000017404555	76.72199958324431
264.3879982423781	66.57200028896328	69.42200006678698
104.45200024843223	65.6880001688003	72.10200016081329
1.7079998779296894	70.08199968457224	69.32200010731809
56.99800001621247	74.5000000333786	94.85399991273881
117.45799978256227	64.60400009632114	70.57999991178514
195.99399880886082	64.5859998321533	69.50600007235998
20.45400004386902	65.14599999904637	67.96200008273127
43.015999979972904	61.56799973726275	82.9159996445477
1.8060000991821332	75.02599987268452	80.10999997138984
-0.5679998493194587	56.72200000286102	75.39399991989121
85.34800008773801	66.4719998908043	79.70400015354151
33.55599990844726	68.71999976932996	70.05599996447562
1.3300000476837137	59.53399996995928	80.1959998315572
50.01199969291686	62.66000008583067	66.03399993777272
1.7719999504089385	69.54399970129133	65.60799993336195
442.19999805927256	69.25000028252596	62.73000001907346
6.679999866485591	72.42800001382824	65.33600017428395
34.31199990272523	67.90600017547602	65.02399998307227
7.658000020980842	75.12399983286848	73.81800008654591
1.3380000114440889	64.02000022649761	68.50399990692739
0.2879999637603768	58.70400006771082	76.14600010484452
-0.9600001335144044	67.71999985665086	69.13999998509883
18.772000036239636	87.55600003525618	65.54399993509054
48.027999944686854	68.2399999487399	85.37400019496668
25.1899999809265	63.50399959802626	72.86400018215188
279.24799846649154	62.076000007390945	74.03999992132191
4.162000141143804	74.55800030708298	99.63399985790245
16.357999801635742	63.206000100523276	66.3840001344681
1.819999952316282	61.79200016140941	139.95600027561193
15.903999872207642	62.526000164300186	71.85000031113624
9.871999955177316	63.46400019049643	70.35599990367885
53.53000020980834	66.2980000901222	74.58199977159504
13.057999973297123	59.085999842286085	73.53400009840729
67.82800028800962	71.50000021040444	70.3820001731812
0.5859998130798368	68.6500000715256	72.7099998688697
14.314000225067138	59.62200003623962	65.90000026702882
1.877999963760374	79.85600025892262	70.78199981883171
2.6879999828338637	63.880000056028315	76.62200001239776
21.45000001907347	61.04399986743926	77.63800014495847
4.822000017166135	83.0839998325706	67.12000019162888
3.604000072479243	65.77599974781269	86.03799961924561
6.83000011444092	91.16400009274476	76.61399991750713
2.2760000514984147	66.80999980539087	73.0800000762939
8.850000038146971	66.88600004911423	79.03399989366524
-1.47199988365173	63.918000135421785	62.111999994516275
17.42000024795532	60.01199990272522	66.21399988651281
559.1299967718126	64.66000019431114	68.95400001287462
47.14800001144411	70.12399974107741	68.00399988651272
84.80999916553486	75.1520003466308	61.772000107765166
11.497999992370602	74.84199995800849	64.15800007045266
77.96799983501438	78.11600017070762	142.9040002083779
0.23000012397765948	61.99000003576277	72.92200009495023
1.2680000495910686	92.65799971044055	69.70000020265574
55.009999957084645	60.648000002354344	75.07999988198281
37.388000040054344	68.49200033009053	77.62999988555916
123.70800066471091	61.77999986410141	78.13000034451484
21.684000234603904	77.56600000739097	91.27599983379238
3.206000022888185	61.840000119656324	83.92400004267685
7.34200018882752	70.99999967098236	78.55600037574766
0.7799999713897717	68.50599984645837	69.03200005292891
62.37600028991697	60.745999897718406	77.6799999809265
31.422000160217276	70.49600028753278	71.26399996519082
1.4559999561309804	67.7040001821518	68.11999999046328
0.0219997406005888	63.277999937534354	103.70400028437362
7.901999931335439	60.49799984633921	66.71999993801117
1.3739999961853038	65.65399958848948	64.60000002145765
3.5800001049041716	68.11199997022744	72.69800007343288
1.86199984550476	61.774000010490454	66.02199974015359
-0.726000232696535	63.467999870777106	67.43999987602228
18.470000028610205	62.149999766349815	82.6659998464584
87.22799926757801	68.98599996238944	71.82199990034103
-1.4080001735687249	61.29399988025427	65.31000000655645
-0.21799983978271548	59.583999898731676	89.1959998275339
77.30000008583059	60.44200024172665	70.2219999980927
5.369999914169314	65.04799994185568	63.86399994373325
-1.605999994277958	64.03400024890895	85.35599972054366
67.0179996442795	90.20199999690058	70.97599971771244
34.51799989700324	62.33400000333781	73.84800013065328
-3.5280000877380355	59.40199985146517	75.65800027608861
14.725999631881711	66.4459998202324	78.76599972248073
18.82999998092651	59.199999908208824	67.74400016784662
0.9260001754760742	65.81800032556052	69.11399997830382
3.813999795913702	70.12800022006029	72.95600008845325
15.702000284194948	62.81800004243847	65.55200018882753
16.546000270843518	72.24999971613289	60.48400003910061
162.44000026226036	64.64200018405914	71.2399998092651
199.09599913597097	62.23000000894066	68.14800013303756
1.1440000247955282	56.898000001460346	67.001999797821
77.88600030899048	66.21599990844724	69.39800003528593
2.994000034332275	119.19200036913158	76.31800007343294
0.8179999446868857	74.04000013262038	75.11199980974196
50.52799967765802	71.48000001668927	67.98400029182433
27.643999786376963	68.19800014376645	68.66600019216537
3.578000011444091	63.194000000953665	71.11200012683862
7.761999926567073	62.37400010228154	67.80999988555905
120.28399981021869	57.57000008821489	74.20800009727482
135.1020005512238	64.08399981677532	68.28599998623126
345.7139973163608	75.33799965679643	64.97600027561191
-5.523999586105351	63.7880000691116	71.5499999856949
55.26200020790106	63.87799992382523	68.21400001049047
12.228000130653365	47.579999692142	49.326000096052866
46.33600021362305	64.12799977660174	64.41999988079067
108.48399907588949	75.32999977827077	64.83800010487433
363.7059974360465	68.87199985384939	64.31600021749729
143.0260004091264	71.00600007623427	67.01400019168852
12.695999755859384	85.87400000289075	67.98599992394452
5.3920000362396205	65.42599974155428	121.5520003056526
1.508000116348267	63.10599994301787	74.53799989670516
54.701999826431305	72.91399964451787	66.21399994373323
158.86399930238727	71.73599986076344	73.53400004386899
2.2379998493194577	65.36599985361102	68.38399979948994
89.920000667572	68.41999969899658	74.12399984344839
3.173999967575076	62.42799982130525	69.76800011873246
26.180000038146932	61.83800014019013	91.82400007873778
20.333999900817872	67.59600004911414	66.41200014829629
36.20200041770934	68.42000007629395	68.99200013205413
2.924000244140626	61.96400012642153	65.76199994921687
3.370000143051147	76.1479997050763	72.54600002288818
3.805999965667728	63.333999789953204	75.82599974870689
15.623999991416953	61.884000005722	70.70800001382827
-1.6739999580383313	66.4860000979901	67.74799990072844
37.04999993324278	67.62000010848047	115.21800036668778
29.629999876022346	59.54199978113171	68.87799992084506
64.88800052642823	72.72399985790243	78.7680003714561
2.6419999694824243	74.00200016260153	72.2760000896454
6.250000009536749	70.3399998393655	81.59599992275244
374.52199796676643	78.84800021767617	93.06400009155278
29.16800005912781	145.64799999818212	88.33600028157232
43.08000026702882	87.19000021815303	77.60000026464459
4.102000045776366	123.90400029852992	70.38200004577642
1.7439997863769514	81.52599975734945	67.79799994900819
26.026000194549557	62.65799997478717	68.55600020408632
2.4740000438690193	58.58199987918139	54.19199999332425
3.314000148773192	96.27200015544892	86.6199999929965
2.543999972343443	32.886000064462436	35.17799997121093
10.79400031089783	75.32800030976532	85.0600002264978
39.93200033187868	91.40599964380264	71.81799999237064
4.956000146865842	66.05399987637996	74.2380003234744
1.375999965667724	69.33999991893769	62.80799977779388
17.410000076293965	74.00799998283392	70.4780001813173
-3.685999984741208	65.24999975204466	90.32200008153924
113.6819994831084	65.88399990558631	71.48999983787537
3.056000232696535	80.15199988737697	81.25600047945974
1.099999942779538	62.17799971580504	78.73999978542321
9.32400000572205	64.76599983215331	68.53200016021727
0.9160001373290977	70.98600038528443	79.89200005367404
-1.1159999370574971	69.7039999580383	77.00199973583224
10.447999897003179	115.55600002154708	67.10599987342951
0.2940001487731956	67.5259999752045	89.68600035667411
194.39399869248265	69.05799981832499	78.6819998379051
9.374000015258783	85.83600033834581	63.475999979972876
0.6539999294281019	58.920000152587924	68.77000008165835
0.3040000247955297	62.84599995374681	71.74799986600867
95.57799915790555	65.66600037336349	67.51600018739697
18.394000062942474	59.869999890327435	71.173999902606
-0.14799999237060343	79.82399999558918	77.9339999255538
-0.2799999427795435	67.9579998648166	81.30599987506858
15.698000059127793	63.73000011518601	65.15200007319444
202.11799956917767	66.7180000734329	72.84600009918213
30.12400010108948	60.2879998314381	66.48999989509586
58.33600039482114	89.34600102782248	123.19000034958118
-0.6999999237060549	56.774000129699715	74.12400021314623
0.7979999828338645	70.11400016784667	70.60199979066843
0.715999956130984	80.29999957323075	70.31199984312055
70.91999956846229	68.64400009393685	68.32799984246499
1.0219998550415017	88.04799976244577	68.22199987411491
6.732000236511228	137.29999912798397	114.88800101876255
33.803999834060704	63.448000063896195	81.22800002098086
0.5979998397827135	64.36999999999996	75.07999989986413
27.346000213623025	73.66399974673978	82.44599990844722
2.972000007629396	65.71000005602838	91.39999989032731
2.044000101089476	70.95799990057942	60.86999988168478
12.45600012779234	74.12399986386299	112.44400022774929
13.672000007629398	75.07999999880776	75.5339998906851
23.838000097274794	74.654000134468	72.60400023341178
138.44999980926522	71.32799985885623	88.61200007632378
148.8780003261566	61.31399998754263	89.27399994850164
0.9620002460479768	110.28999928548939	79.14399993270632
48.436000070571865	70.09200013160708	69.88600018218158
32.27799993515015	66.05199991703032	63.5040000391006
12.672000036239623	62.62800003916026	72.76800009876493
44.84200016498571	65.37800008654594	78.9359998941422
6.5159999752044655	70.0160000491142	67.94199990034095
128.87799983978263	80.49599980860951	62.26000021457669
-4.243999986648562	67.3759999799728	67.57199985027314
60.29799973487852	64.98400020241733	66.62200002431871
1.9659999370574959	88.09999949574471	71.76199959516529
235.31799993753413	64.85000000953676	69.94800005197526
71.55000020980836	61.01399980485439	76.40800027415165
68.1240003585816	68.93400006294247	83.457999958992
1.1380000877380374	75.49200026527053	69.32799988985059
37.61000011920926	66.27199991732839	65.94199999928475
1.5780001163482658	64.40000002145766	64.58600006580352
4.368000001907349	65.34999997735014	66.5219998759031
28.32200011253359	60.54600002527234	69.88399993464347
57.901999595165286	105.2079993915558	70.88999984294178
-0.19199990272521866	61.61400018930436	92.14800032928584
55.09199988842011	128.28599992036823	93.53000003099443
110.17999881744394	64.51400016024706	65.73800012350085
22.88999986648558	73.91800006866443	84.57000017642977
26.775999984741198	62.51399979710574	66.56800024986262
-0.11399999618530003	63.37400008678439	79.21999978065492
4.823999834060667	64.23400012493133	69.32200003147118
1.2860002803802484	69.0520000064373	59.7340001058578
0.6519998645782459	71.04000021651385	67.75000015616426
26.586000013351427	62.38800009965896	68.16399999231102
2.95200001716614	62.76799988269804	83.06600000381465
-1.1779998493194586	54.50799980729815	63.41000000596045
11.938000025749195	56.63199994444849	58.459999819994
14.727999897003164	71.74599975943566	82.01200046941638
11.81	66.4100001096725	68.93600013375284
48.54200008392335	68.43799969583752	65.51399998307228
77.20799957275393	63.32199966713784	79.94000011846425
-19.054000043869024	72.14599987506864	65.81600002616644
2.22799971580505	67.65400009155276	78.15800000667568
42.93600034236906	66.45200018107893	110.42400042176233
0.4179999399185155	59.95199984595177	74.0680000610649
100.06200027048588	93.70799982965005	66.02599982306357
28.468000116348268	65.31000012397764	67.36000000357618
2.595999994277955	78.0940000724793	75.34200016260134
3.220000114440915	67.51200000360616	63.06000002741816
-0.4240000629425022	66.2599998885393	71.24600030899043
0.5040001869201636	61.15199973970648	67.34199984401468
69.9060001707077	71.69599989414212	106.10799919605259
7.192000246047976	68.88799992978574	66.54600019037719
30.29400025367736	95.35400002479555	74.25200028061865
25.95400006294253	79.71399974822994	72.06000018596659
4.537999982833864	65.93199974119655	81.05199986845257
50.156000804901126	64.10200014963742	77.03400027364488
6.118000211715703	64.98200013011686	70.70600024104117
2.349999761581422	68.33799984812737	77.04800000995388
1.626000175476073	60.787999889850575	67.17600008919834
107.12200031280521	62.05800021022558	69.64399978399278
16.501999833583824	62.63400000214573	75.26200010120868
1.276000204086308	68.49400002121926	67.84799996852871
3.5000000572204595	78.08800015091889	66.35600034177305
96.85999978065496	68.95599981963638	73.62800010085101
3.9599999618530295	65.36000019192691	68.94800031661987
15.957999820709219	66.43999983906743	79.71799996376049
-0.27000013351440244	66.77200075745586	79.59800004959104
344.885998454094	80.11600030422203	68.37999996662137
7.597999916076663	68.59800015449524	64.91600002795458
10.563999910354621	101.198000293821	67.45600029230121
1.4580001258850066	67.67200008153917	96.72800022929911
9.663999805450443	68.53199990063904	73.76200012490155
1.0980000400543186	63.21400002390139	83.38400006771094
142.04199913978567	58.10600009396672	77.08200011491772
263.0399991321563	85.47599995613092	80.53600002765651
1.8799999237060523	79.26200000062578	62.05199999332423
50.139999743550966	68.27799979805945	98.12799992561338
3.438000164031983	74.53400043547155	105.52200015783313
26.446000022888203	60.28000000625848	74.05200023412704
1.0599998855590853	59.465999790430075	69.70799996852875
0.5080000495910679	63.490000153779995	77.26600031614305
13.604000091552715	63.98799985647198	73.71799990415565
3.4080000591278052	67.14599986493592	69.86000047206876
0.919999904632569	70.25999987229706	65.60800011232496
3.1199999713897717	63.326000292301174	66.09600006103517
59.16000016212461	62.94599999904627	70.10999987885356
261.38799981117234	64.86399996951222	77.55800019979486
-2.0980001068115253	68.2480001349747	70.19399989366535
