2.1899999618530264	70.21800022006028	76.42999988704914
34.16200023651123	114.98200011506671	70.90800017029044
171.64199980497364	66.92599995687604	67.62599999427795
44.25800066471098	64.96400020003318	70.31400012969968
52.21000022888178	91.07800016880034	86.55200003236529
124.06399974822993	70.28799980163572	66.99200009822842
58.24000001907347	69.35399956896904	88.77799972534184
48.42399956226348	61.89999988436695	62.57199997067455
3.371999797821046	72.0440000340342	77.53000009775158
0.8199999046325657	67.4459999537468	70.66800006151202
1.2039999103546124	72.55400013804432	75.78399998784073
41.8600000286103	59.155999995470076	72.11800017088648
24.625999870300287	90.09000017970811	78.56999984025951
49.78199977874749	64.88599998071794	144.95799949407572
-46.75400048255918	57.69200005844236	70.88999987289306
128.59399921894078	59.435999884009355	67.57400011062622
368.57399787902824	85.51399973705412	105.57199957847592
2.9060000038146963	64.46200015991921	74.04799979373811
1.107999963760377	62.82199996307492	79.79000030517571
425.0559974855184	65.03199980497364	66.30999986886981
-0.094000043869019	77.75000007629394	72.65599986553188
69.3180008125305	66.97800000667566	65.38799995183945
132.22999961376195	75.04199954986571	68.8259999990463
39.447999820709214	77.69599990248672	63.84199992656704
-0.8999997949600247	59.04000023007393	68.03799996852875
151.27399861574156	60.919999744892095	62.06200008153914
2.576000099182127	67.16999988943337	69.36200014308096
26.286000051498398	67.62600003123282	70.30799982011321
39.77400019645695	83.160000051856	69.82800014019014
126.40599949881434	69.71800000786777	68.62200012207028
215.23000028610218	67.39000000759955	101.2620003120602
0.6000001335144007	64.02400023579597	62.60200006008146
0.5579998970031769	62.48199984550479	66.7999999766052
78.76199999809265	72.85400017142298	72.53399973869321
-1.0100000095367412	61.58600017935037	73.33400015190249
390.9339990329741	65.20199978485702	74.28600006937977
17.235999946594255	60.17799976453186	68.03400010406972
54.171999931335456	60.93399997979405	66.94399979352943
3.2760000419616753	72.94999987751241	70.77400006324054
110.9139994621276	90.79799990653996	69.40000004291532
49.10799972534183	66.83799998283385	61.434000147283086
85.72399996757512	85.83399967670442	73.44400008678436
1.1919998264312763	68.27799996376045	74.68599999427794
0.15199997901916296	61.81799975514415	140.94999913036816
25.309999990463254	71.03599985063076	69.17800008416174
5.894000043869021	62.155999962538466	74.14599987983713
3.1079999303817774	61.84800014927987	66.22999979108566
58.5540001273155	62.571999789774445	66.33600020349019
0.10000024795532252	68.03399993658067	71.26999993562696
5.632000150680541	68.84599978446958	83.25999965429298
19.708000078201277	67.78199998497966	65.723999992609
2.118000078201297	83.68800023078914	85.95800052896149
27.459999251365694	68.5519999241829	66.42799987867477
0.9380001068115238	60.304000260829845	68.55600001692774
-0.7800001049041775	70.47800012588496	72.47399994850153
241.62600008964537	64.97199999615549	62.52399974584578
-0.19200022697448996	64.92200005054461	66.57000007629395
120.88600054264064	63.65399998307224	71.48799974441523
27.001999931335444	66.78000033378605	63.488000087738
42.72199993133545	66.07399967908863	65.54600023850799
165.70599985599472	68.97999994754794	73.6559998811781
147.46000079214576	68.6999997937679	67.27200002551079
198.0179993450645	60.762000021934476	68.8440002012253
4.255999908447267	60.24999983608726	67.84999995946883
74.5660000514984	60.90800010681154	62.27400004148479
34.34199999809267	64.30600021868935	65.37400002479554
25.536000108718873	64.98400012731551	68.9619999909401
307.28399913787865	65.79400001049041	89.06799999535089
36.24400007247925	59.19200031965967	66.3240000939369
1.5440000534057616	60.29800004005435	67.90000028848647
34.065999889373764	62.016000185012814	75.1620002526044
24.26000016212464	61.30799983978269	61.71600004106759
2.2000000762939473	66.1199998164177	71.55999997854235
276.2839986896515	98.27199883222578	67.53599998712545
-5.773999805450446	69.78399990379802	86.8500000590086
10.025999879837043	55.94599984079599	74.79000025749198
19.923999609947217	58.44200020074846	78.08200000286102
25.434000062942513	62.400000241100784	80.38400011062615
526.441998157502	62.73000008910898	76.12800002008672
1.0399999427795437	110.64200024724006	68.14199988842012
12.274000034332275	65.81000026226044	66.58199991792436
16.333999891281128	64.40600007057186	71.4520001196861
0.294000062942508	69.3320003628731	63.22400009632111
6.664000110626216	63.22999970406294	70.54600009918205
1.670000305175784	67.70799987196924	101.06600027322771
146.35799975395165	63.22000000715254	76.4399994814396
95.63599996566772	64.36199982166289	75.77000030279159
41.50599984169008	63.14799994945527	62.11000001117581
24.622000150680538	74.60200022339825	78.73000025391576
1.9719999599456763	65.74599961280822	70.21399987697603
26.59999961853027	62.71400004148483	66.0120003862679
2.0799998760223373	65.71600030228494	78.09400005340584
103.27799991130827	59.59000001668931	65.79999980449674
94.32600035667416	62.049999849796265	67.60800011873245
-1.1499998950958221	72.15999985724683	79.46800007104872
44.77400021553038	73.49400018215175	70.93599959850317
10.316000032424919	66.3319999366999	70.9960001376271
33.89999997138976	62.2999999678135	65.68999981477856
-1.8760000324249284	63.1920000255108	69.63800014972686
81.07200025558471	70.60200040221223	63.53999979779126
196.86000031203073	73.30600006341935	64.64200016021725
-3.0859999275207532	82.00800005793566	68.09600001096723
109.48400008201605	62.06399990558625	79.44000015065073
2.236000251770021	62.83599994719029	72.5180000734329
1.6440002250671366	68.73199995160101	63.19399999499318
49.64799994468686	64.47400002121927	67.80199998497964
32.98799998283383	65.56800034523009	70.08000021457673
3.004000158309941	63.18599973633885	61.887999745607345
133.83399915933614	63.64400013133882	71.78599995017046
4.582000322341919	61.92599992275232	67.37400012969977
-0.23399994850158878	71.65000015452499	62.75799976527691
46.26599987983706	65.40599978595972	77.46199988052248
45.70800035953524	61.86600003883246	69.97999997615815
1.4419997501373318	74.16199947237969	59.78600000381465
92.03000028610225	69.50200016096234	66.56199991524225
71.92199985980987	59.852000005245216	69.00000015020368
-2.080000133514405	83.17599965393542	70.58400042891499
84.71600002288815	64.94200003623962	71.98000006675719
1.6080001831054729	82.96200032994146	72.40399995327007
3.5700000476837186	74.36800000593077	63.37199991226192
0.5800001049041716	74.95399953663345	62.82800006389611
-1.1000000953674354	56.99800003111365	73.7640000820159
55.74199993133552	80.81199990183116	73.69200010895723
0.6600000476837165	63.7119999828935	62.23200019001958
2.5640000152587854	69.9919998818636	94.1019999074936
1.861999816894534	68.70400010466575	68.44400009393688
235.22799873352065	83.56399997115129	102.70400053069001
249.6999982547759	66.54400003254416	76.68400007486338
21.448000173568722	61.99200020790102	65.77600020766262
20.9839999961853	62.58799999237058	71.43599996954207
36.809999952316275	60.327999764680825	69.56400001049042
-0.8959999752044703	98.30799993470308	68.22799985170366
2.9640000057220437	71.5239999298751	98.08799925893548
22.75400003910065	59.91599996566774	66.65800003111359
7.448000221252435	64.26000018149612	72.0320000839233
45.15599972724911	64.49799984693519	70.10600003004073
28.280000143051147	67.42399999141692	65.28799973964693
12.580000133514407	68.58400007486343	80.91600007623433
36.64800007343291	63.67799998328084	66.74800025150178
16.42599991798401	65.29600033387537	72.85800027251236
1.759999752044677	92.82399973779913	101.56800015971059
18.47599997520446	61.53600008368493	69.96399999141696
4.230000057220454	73.7199998357892	71.40600005224354
217.21799906969076	61.459999867677695	70.54600013017655
5.811999969482425	61.321999967098236	69.69599999666208
1.012000055313111	73.93200000405307	68.08199982285498
3.2959999942779565	68.05399987459184	72.33000012695791
68.76199995040896	65.66000006675719	72.1639997720718
0.7640001010894775	68.67999982833862	71.2019999226927
103.1579997444153	62.56799997806552	77.22000008761879
252.95399875044805	97.35799980163571	68.37799998760227
87.84999999523168	61.692000031471295	67.93199995756149
1.0079997348785434	69.28000041842456	66.4639998579025
-0.6560000228881865	68.01999991357329	77.17400012612345
0.9559999370574996	72.36199980735778	80.11400022149087
0.07999996185302657	99.5939994867146	102.98199949860572
0.9380000591278096	61.34999992728234	65.42599969774487
13.492000102996816	68.3059997570514	73.9880003690719
0.37400017738342556	76.75400001332164	67.9620000189542
2929.841963815677	50.457999348789464	43.494000069052
2543.1479735255216	62.038000717759154	70.29199929744007
2593.183968424201	43.94799938127395	50.189999452829355
2733.317966089242	54.28599953368306	58.861999461352845
2654.7339674889927	50.20000061511994	44.818000289201734
2862.095964772706	56.066000637263095	86.4180006110668
2719.4199668002075	46.676000233590614	45.96600039392708
3.128000011444092	56.877999825477616	60.48999992653726
511.0259959650036	71.23800014495849	71.8020001542569
2.815999879837033	70.78199963808063	78.52399966120721
8.330000019073474	64.33599987417458	68.07999980926509
0.5660000228881868	86.78200017690658	77.65600007534023
2075.777978434569	47.66199993342163	84.90399964213368
29.453999886512744	65.3780001986027	72.38199997901917
201.07199985504164	61.73799992799755	66.81399999260897
0.9319999217987098	60.28600010201335	75.92399985671032
2768.4699655413806	52.5340003362298	82.70799998283388
189.82199945449833	65.14400027230383	66.98799975872036
2195.40197799682	44.57399928212162	76.61799948155877
54.04200024127962	75.9859999614953	78.84400043725964
1873.119979424481	58.53400050520897	90.38599932506682
4.220000305175783	67.39200020030135	72.4480000114441
41.248000297546376	70.2539997398853	69.68000006541611
5.394000186920166	64.54599998295312	67.52400024175638
-0.29600014686584214	68.47400007247927	63.419999988079056
2212.2559789276197	56.28799969390038	98.30199932858349
9.203999576568608	61.64600010275844	69.12800001919274
22.363999934196464	74.73400009036067	76.20799961045381
76.81999998092655	91.7340005803108	75.49999980092043
0.7419998168945309	65.01800004079934	65.33400033190846
52.82399990081791	63.67800032615664	68.12200006112461
0.005999908447267157	64.81800036430357	83.47799998760215
128.99199991226197	69.54199984073642	62.313999981880194
159.6079995317758	62.150000121593465	89.48599977731693
-0.8800000476837174	58.48400014638903	99.07799989476797
84.812001209259	74.96599991410969	61.96199998378753
1.7539999580383254	61.860000042915345	65.74799992799755
39.908000116348276	77.16800002545119	74.02799991890784
17.6879999923706	62.04999987065789	67.81800003677607
66.61399986267094	67.11000015914439	68.4000001430511
3.848000221252445	56.72200015217064	68.47400020644072
17.084000253677363	71.47399996042243	68.49000019669532
47.825999288558954	98.14999931603666	65.45199985027315
72.73799954175942	69.5220002639294	63.09400000333787
34.12999960899353	63.676000034809164	74.5479996186494
4.708000040054316	65.97999995231632	64.76599994063376
3.6119998931884774	69.7959997820854	80.93600004553791
113.21599936485295	65.64199992418277	61.167999989986406
73.2039992904663	99.59599949419498	71.77600005716076
9.118000068664557	65.28199979305265	66.46600002944467
25.18000020980834	70.64000002861015	66.08599991261957
0.8039998531341535	101.7560005950927	76.96799973487843
51.16999994277952	62.135999986380305	69.04599987864492
115.5519995498657	76.33800019398326	67.03199989318846
246.755999941826	65.21199977159498	83.10599981784827
0.8499997234344462	68.887999984622	88.56199977561828
34.45600021362304	61.815999756604434	75.74000010997055
161.22800127029404	65.58399997889991	66.78400001436472
4.078000154495237	73.81199984073638	76.9779999220371
1.01200004577637	121.31400036692627	61.630000090599076
4.8939999866485655	77.50000020891429	73.52599997758861
2.045999813079836	60.0240001502633	95.82999933838846
10.687999925613399	65.52000000238424	66.74999989151951
102.28399964571001	63.0280000758171	65.77800005346533
14.470000057220457	135.96999942928568	63.59600007414816
3.4460000801086372	67.3979999056459	73.4839999437332
0.7219999694824191	71.74399998724454	68.65199994087217
441.587997922897	116.42400057435029	124.65599989920854
4.584000110626222	63.89400027871125	86.22200039848677
0.08999987602234236	69.15799977064128	65.66400005102153
23.17599988937379	61.38599979698659	70.97200023651122
0.11399997711181546	68.54000004410739	72.51000014543528
33.545999884605365	63.08999976634983	65.6260000666976
3.1260001564025877	73.9219999271632	66.6959999649226
4.712000045776369	73.79200006067741	63.6820002603531
871.4939967775342	111.39800050556654	160.92199934869993
39.46399935722346	61.37400012835862	64.83000009268522
146.0559995651246	65.21000016212467	70.89799985915408
155.01600057005868	68.50000009059904	74.77399994760748
-1.7399998760223407	61.281999852657336	63.86799988269801
0.5620001697540246	95.28599948316814	68.42600007772445
65.13199955940247	58.82999981403348	88.20800006404522
11.932000064849849	90.96599964022634	124.33600006818777
3.5119998073577894	62.33800014734268	70.1400000315904
0.439999914169315	63.11199981689451	96.5939995485544
135.164000310898	63.005999822616566	71.47200019180777
3029.813963623066	50.8900003437698	67.68799992233515
27.283999805450474	61.166000094413775	63.536000018119815
0.6860000419616725	67.98799992799763	67.81199997663497
37.2519999408722	70.02199991226189	64.40600004196165
17.989999957084652	58.09800006076694	67.48800028681754
17.144000020027136	65.8339999985695	80.4580000557005
0.24800002098083776	61.31799991294742	92.25600000396376
117.55200082302096	63.665999905467	71.54999993324282
64.79399961471556	62.433999749422064	68.74200007915496
18.798000059127833	77.30199977636335	86.5839999127388
2.1559998703002936	67.33199983969332	72.77400018766518
220.42199974536913	68.0319998455048	64.41800000384447
40.60200015068059	65.56199984505768	61.91600000858304
4.011999883651729	75.5600001621246	71.71199975192552
14.841999788284312	83.48400003448131	67.48200002014637
80.57600014686588	62.44999991655349	89.7640002468229
95.49399986267092	68.37600001990798	68.68999990940094
1.1119998836517364	71.23600033283226	67.61799999833104
0.7400000190734869	107.79400052934879	71.57199974536898
176.1559997940061	76.27399984002102	65.76799994468682
209.41799919128422	68.16200023368002	62.56800001382828
101.21199903964991	68.36200014352802	65.78599998950959
28.632000060081474	82.09200019240376	69.66800005435947
0.09199989318847732	71.86799975231284	81.90999998316167
97.99599975585949	74.01199992656707	80.10000019133086
-0.4039999771118139	66.31799999833109	92.3520000886917
20.268000049591095	72.87000003814698	74.3319999837876
74.46599942207341	64.92199995994568	67.83399995326994
473.90799936771396	59.20000006631013	74.8340001317859
0.0679999160766613	70.7220000964403	63.62999997138981
13.359999895095843	74.99199970945716	80.07600016236302
0.9459999752044713	55.898000012636196	68.07800013974308
41.70600010871889	65.40199977636333	72.88399966478347
12.500000190734866	70.95400005102152	77.87599959254258
21.01399987220764	81.24999970853327	73.13000006675723
102.55799948692331	88.71799962013948	109.23800091177216
258.8400001645091	67.4400001579523	68.71799987077713
4.088000020980834	75.54600004434589	67.62599982738492
2.3619999313354465	81.99399991750724	84.31599995136249
84.58199996948248	62.227999780178074	74.93000028133392
1.812000312805177	69.95600013762711	84.79800024390227
174.59200035572042	69.63000001564617	71.43399993419654
228.4759994983671	58.37000001102685	64.91999992847437
47.77599980354309	64.99799993365998	65.19199975967405
-3.904000034332277	63.3599998927116	80.67600009739402
2.8339999580383237	66.92800011396407	65.77000003978608
60.16399993896489	61.16200029850002	76.53399996027345
59.67800000190737	73.0299996146559	70.32799988269808
60.99200006008151	73.10200015842914	71.52400018692012
-1.389999685287479	69.86999988079069	65.2840000420809
2.885999898910526	64.38600014358761	67.92600008010865
13.669999942779548	67.7660002112388	71.53800019502637
71.1499997973442	67.85399994373307	68.39000012636184
110.97999965667726	68.69599997803569	65.7259999465942
0.2479999160766587	77.34799995318052	71.50599986255172
3.362000036239624	71.65400018662217	80.87599961355323
-1.2840001392364506	79.3460000142456	66.70399997234345
1.5040000247955294	57.64199999094007	77.36000040233131
110.26199910163882	65.90599992036817	66.61400012493131
9.147999677658087	64.59000019550328	67.0739999008179
16.968000116348254	63.2979999917746	69.89600004672995
-2.3380000591278076	64.20200003296138	83.88199990808965
24.25599997520443	62.039999999403946	69.51199997305869
25.255999774932867	65.60599992126228	69.79599983334532
36.31800010681148	66.06600038170812	77.46799991250039
2.408000078201297	65.15400000289085	65.7859997677803
130.64200007438657	65.49600006759165	65.96399999096987
58.78600037097928	104.60400017797946	66.40400004386905
11.800000038146978	58.48800016701217	67.40199997842312
0.07199975013732571	60.93999998569484	71.11999986380344
1.3540001583099395	73.06799991130826	57.21399994671343
4.1340000820159934	68.19600014209742	68.65400035381319
12.4840002632141	60.15600005269049	89.45200016498552
492.0399965047835	64.79599995732306	69.22399998188021
60.878000009059875	68.67600006103511	71.10400015354145
-1.0139999198913543	67.28199992418283	68.94000003159042
13.435999841690053	59.84399987459182	64.83000002384182
30.05600006103518	67.49399993896488	70.37600010395047
1.474000101089476	63.82200005263092	66.53199984073636
82.46800024032605	60.5839997625351	99.09799966290592
251.697999843359	114.85800047755238	71.87399992823596
17.058000288009644	55.32999987751242	71.98399957180025
138.1119999313355	64.21800003170966	79.5920004296302
2.1120000171661384	69.41799982815981	63.53400031685827
42.90400011062622	58.08999985337254	65.37200013637549
112.59599925994877	62.55400027751924	79.61799960255617
43.537999916076664	62.051999978721184	71.42200007438653
15.484000024795526	60.90599973678588	66.87200003921983
35.8940001964569	60.32200001329186	65.4939998531342
5.185999860763547	66.42800009012223	68.80799993991853
325.5840007114408	58.91400004982952	103.34999963283542
192.62999841451634	70.70199952363964	72.29600018501274
68.66000045776367	68.98400021702057	68.4919998125731
26.313999958038337	62.84599982023239	83.7700004172325
-5.8759997606277485	68.08399982139474	78.2220002229512
1.904000244140626	63.169999631643265	66.12800023555755
122.09799995422371	59.425999898910575	74.33399975061403
39.52800021171571	65.99200000643727	79.68199949085707
127.5179995536803	63.47399997353552	67.13999983310698
1.4520000171661354	70.1400001239776	70.57199991405011
51.417999677658095	64.56200031131506	66.3680000646413
1.920000038146974	59.31599987030031	83.78399996355165
2.772000160217285	74.83000054672357	67.83200002312661
2.9039998817443893	75.78000009104602	84.70999995231625
0.7679996490478513	62.70599978327751	73.74799997329713
10.618000011444078	58.687999992072605	64.37800002813336
10.542000093460066	66.47400029301647	68.55200000524513
215.58199945449834	63.29400014400479	66.84000012397765
34.19399971008298	57.70800005197528	67.72000005036595
64.6639995908737	64.34199968338011	81.33999968111515
183.28399986267104	66.69600016593932	68.5999999999999
109.53000121593469	63.057999857813066	69.54000026226053
-2.9920001220703116	68.80999987855559	73.00799990653987
22.314000082015987	65.39800039768222	75.43400003910052
2.8320001792907723	68.47400000214573	68.21399986267083
86.89600021362298	61.06399982184174	85.1779998713732
76.19200010299686	62.207999979257586	78.62000003963708
47.76599995613099	73.84599987387647	68.4560001325607
31.657999939918525	64.75800015553833	110.07600013136866
59.27600033283237	68.10399987176056	82.39799993515011
221.29999897956867	66.2919998450577	67.64599998950955
21.318000097274773	73.91600000619889	67.16600029945373
2.3620000839233377	69.24399990797039	66.92400009393693
161.09400001525864	75.33600001126531	64.17799998581405
4.699999923706056	62.46399994790558	64.44599994182583
43.25399984359739	66.80199996590609	68.72600003913047
2.5239998531341516	64.56200014114374	91.36399973109354
-0.28000006675720235	67.16599990367888	94.60599983856096
6.10399996757508	105.94399954795838	74.2599998787045
41.38399981021884	56.69799977183346	76.03400000572205
93.47199907302843	97.14000007301576	73.8040000605583
0.2780001544952381	63.763999863415926	80.6000002032519
79.48400018692017	63.26400007665159	76.51599980264903
17.075999717712396	65.57800009965895	63.92000006198878
151.54000027656565	61.89800019264221	78.25400029897683
-0.18400011062622146	64.53199988365171	64.1319999948144
2.305999917984006	72.85800007387996	96.41799947381018
1.8640001487731963	66.6559998288751	68.39199983716016
2.4100000476837162	83.44600055962803	77.62200000226495
1.6700001525878918	71.18599990114573	97.97999998658901
19.029999885559082	110.9839996761084	76.74599994927648
3.7360000514984124	61.89200025320052	63.07600004553791
3.402000036239626	68.39200007200238	91.28999960660944
54.21400028705593	64.45800003498792	68.25200001001359
1.960000162124631	69.79800000667565	198.64999906152485
-2.5220000171661363	62.82000002086169	69.84199986457828
1.33599992752075	62.41600007966164	70.52199979543687
62.450000085830695	60.03200005650517	80.51999992668631
17.43599998474121	59.90800010919571	65.94600026845936
-0.5499996089935331	80.47200024902824	104.97199983000755
6.4319999694824235	79.16000016808506	66.90999993324274
7.283999853134149	77.75599996805182	98.6199994710089
105.37000056266788	82.53800030142074	74.03599999785415
99.01800019264229	68.58000023245808	72.44400004476307
40.31799994468688	68.55199999928475	69.44600011706348
248.14599758625045	63.43200003698468	70.99800007820129
62.02600078582762	76.04399991512302	76.64199988707901
195.25999941825842	69.0120001327992	66.68200000762938
4.331999893188472	59.191999981999395	73.52199999332429
203.62399896144862	70.90799992367627	70.38600004792212
1.7379998874664273	80.8080000832677	71.03199984163045
88.20800015449524	72.27199977755544	72.69399994656443
74.6680002975464	63.44799993515013	64.59200007736682
8.900000038146974	59.04600010305639	79.73399992093435
6.168000116348263	69.79399970531455	68.62400005891917
33.709999904632575	73.83200014352792	66.04000008970499
52.350000019073434	69.5919997417926	73.41200008869163
128.179999267459	61.52800009012223	63.559999895095764
146.5379995983839	70.85399981826542	74.61199983119961
38.24400019645692	60.07200000882153	68.4020000839233
21.318000020980836	113.41999990850692	70.65799999833108
299.92399905204775	69.30400021672246	93.40599983453745
21.92199992179872	62.15599992692472	75.09800009727479
98.70999943256376	60.856000080108615	64.13000001668928
28.76799993515018	58.02399982690811	63.31000022649762
8.624000082016009	70.54600023865706	73.55200005054465
3.9580002212524446	62.8100000905991	66.7059999644756
67.08400005340582	69.83600007414812	71.2159997797012
8.012000017166132	71.38599996566776	78.48200003623965
39.16600028991702	66.4479999521375	64.67000003173949
22.53600004196169	66.41399990797038	82.25200018554926
27.244000148773218	81.05200012683873	65.05800003767013
82.38999976634976	62.29399983823303	69.41800011634827
122.61200016975411	70.55399991154668	66.29000004053114
164.51799958229057	59.515999815464056	81.78399977058181
1.213999958038334	62.38400000095366	69.16999975055452
-7.92200002670288	72.25800022527567	86.62599995329974
131.76399970054626	70.16599985599512	64.79799995422356
62.76599988460541	68.56799981862306	87.95400066614158
-0.1620001220703143	83.27799978554255	70.50600003451112
41.60800040245057	65.22999978661532	71.23800006866455
64.76000010490415	66.17999986648562	67.9200001192093
1.640000028610228	78.4879999995232	66.4340001761913
10.613999948501583	69.49999984860419	123.7540001776815
141.42199901580796	68.31199995994571	65.8699999308586
4.885999927520751	63.34399994999173	111.69799997359513
162.56600106239318	63.172000095248215	76.17999989598988
14.675999698638913	64.42399994611733	69.18599997043604
67.143999967575	59.89600021257997	68.03599994659423
33.15600007057192	61.00600018799309	73.42800011038774
54.026000032424946	64.22400007247921	82.56599978849289
0.9620000171661384	76.87999990940096	92.47000026702872
42.624000225067135	58.02999998569488	65.78000001072876
1.0680001163482675	75.08199966505173	131.26200016736973
310.4259996880591	61.62400000274181	68.5920002651215
165.69399979591378	92.8799999995531	69.29800015449527
1.1919998931884779	81.65599974602459	73.8500001764298
29.986000146865823	52.99600003391505	68.386000085473
12.535999975204472	73.19799999475484	76.91600029945371
3.7420001220703174	61.653999820947654	69.05800029069182
-0.052000112533571716	69.83400018811224	63.021999983787474
-13.634000110626207	72.53999963045119	63.84399982929229
41.58999987602232	65.71400012493129	64.9280001926422
4.803999977111823	67.33400019407273	63.260000216215865
10.41800004959107	60.4260001248121	75.1599998927117
2.5079999923706	73.48200008630754	68.20199987173072
44.460000209808335	64.31399995714428	70.59200016260138
2351.9479758405614	48.45199998125432	43.42400002092121
113.07799962997436	61.73599995091556	61.16200004339218
3.0279999446868935	140.38399929195646	67.06399995982645
6.401999979019169	75.14999990552661	106.69599972680206
34.9059998703003	68.76799980640408	68.94199982285497
80.69000014305105	73.3139998288453	68.24799998477104
2.4639999961853047	69.34200017690657	78.19000025153166
73.36000033378603	69.30199995636939	67.92599990844727
346.99400130987163	60.128000212609784	74.64400007009505
43.51599993705749	119.84600032567984	82.6499998414516
0.9660000419616731	63.31200008153919	65.41600021198396
0.3160003185272191	70.17599991768598	94.59199996590623
4.219999856948854	59.877999953329535	68.41800008773801
21.948000030517576	69.93599988579749	72.19200004532932
46.71000030994416	61.97799997985364	68.25000010013582
3.531999797821049	90.69400000631816	85.27800014972686
183.1880005645752	78.41999974489212	103.17600009620188
0.5740000820159893	74.97200049877173	69.13199991822242
3.740000095367431	67.20600014686588	88.925999751985
5.9380000686645555	64.45799988433714	64.28800000429152
31.263999814987216	72.57399974197152	68.29999994516366
0.9019999408721948	60.673999967575064	74.18400011762974
5.9400000095367425	64.2480002225935	71.66599978208535
13.506000022888186	58.73200006484986	61.524000029563894
0.9479998493194568	63.01599996685986	68.12600016713142
106.94200062990183	78.03200040414926	65.81799994707103
21.533999919891347	65.34599998474125	60.9879999577999
9.66799987792968	68.61999992609026	69.15199979305277
3943.725951881391	65.59399893164637	55.26800049155955
-0.09599983215332077	64.08199996128681	71.5260000383854
0.7380000114440913	81.90799972891806	94.79200002670277
3940.683952407833	52.7499999645352	51.01199952691799
8.688000116348265	67.16000026226044	71.17799954324963
84.73599948883054	65.03800005197525	65.81399991512303
3.2319999504089356	65.43800019681454	113.3919991965592
-4.992000226974489	223.63399863898752	144.34400061830894
49.14599982738492	95.33799977824101	73.89600000619886
0.7459998607635497	71.04999974727627	76.85599985495209
2.9700000476837185	66.09800013303756	69.21000003695481
0.43800008773803645	58.36199968099591	69.03199995994572
2.4880000209808313	90.42199965000145	75.71200021982193
16.77000009536742	62.11599980831146	70.04000003263357
3.2940000534057607	67.17600012063981	65.90599974393847
160.85200001716592	97.3800003916026	88.59999984771008
57.755999860763545	82.88800054907789	78.4239997327327
140.9919994449615	67.67400010108946	73.00600001335148
-0.2500000762939474	70.85799988090987	72.14399995863431
207.27600004911426	64.56800018906591	63.688000164031976
-0.01999988555908253	68.71199998140331	68.19999997138974
12.517999830245962	67.87600025177005	74.19800014108415
19.12999966621401	60.43199993610383	73.77400000929822
73.1160003662109	68.21599998980756	68.59600014686582
5.017999906539918	74.11800011694429	78.45599972963333
311.8779996013642	64.7759998512268	76.04599991798405
61.58200018882747	65.03799978315824	71.11600017547612
1.6819999027252228	64.0980000388623	64.66399999007591
16.929999761581442	61.725999971926164	75.12800034999846
2.564000053405758	71.78799948886044	75.71000022053717
-0.0340002822875992	71.43800019443042	68.65199974060049
24.064000101089498	63.42600032642483	70.86200013399122
5.260000233650209	70.54200028657903	73.99200026154516
24.22999997138976	80.18600022643798	71.7239998868108
7.747999801635738	59.477999863177565	64.43999983623624
11.77599980354309	69.92200035482645	73.83399991780517
116.1019997024536	57.11800010204314	70.9439998960495
0.9679998493194576	75.17400007724761	73.57199995428319
0.09200016021728388	59.66599999234082	61.459999990463274
87.35600014030942	65.87199988365171	68.87200013637543
47.76999995231627	62.48200002670284	65.57999999999993
-1.128000116348271	60.78999986410143	67.26199988126756
239.77599903345106	59.28600010097023	67.78999999403949
0.18799994468688647	74.88799972459678	80.02000031530854
2.329999828338623	67.62199995338916	68.58799995422363
0.3019998741149922	66.8259999620914	78.72399973273282
2.869999923706051	67.15200025081636	74.60000012278553
14.399999980926522	60.71600005000825	70.01000008583061
-21.392000188827502	65.54600017428393	83.4680000513792
77.72600016593933	73.74599965855481	82.79400009155268
13.501999988555896	74.6320004168153	70.0739998356998
96.51800006866445	75.19400004565709	72.66600001901386
-2.7259998798370404	62.20799998044966	63.75199995383616
26.111999721527123	63.57200027227403	69.84000006437299
50.46200016498569	68.28599963188168	71.80200028538707
14.737999916076644	80.35999988317486	72.41999971210961
356.2820024776457	71.24800028443342	83.2600000110269
1.5980000400543182	75.58999973654748	67.11800002574921
204.60999914169327	63.77800027579068	69.62199978351596
177.88999907493587	69.19200040608638	78.41000029325481
73.32599978446962	64.85600000381469	65.96000005722046
6.0700000190734835	70.51000000715257	70.73400006860497
4.268000078201291	58.690000181198116	73.03999994873999
10.129999961853036	83.36799971297387	69.72000012218943
0.46599986076354905	65.69000008106234	76.34799972891801
73.67000059127795	70.07799982413648	76.58600005105136
0.0879998874664281	68.20799989134069	63.05199998378756
19.858000144958496	59.32399999856948	69.75200010776516
3.6260000133514403	72.72199986696239	79.45799982309333
20.503999738693206	67.79200017333036	70.99200025200852
3045.837962169643	53.91400013267993	73.15799960494043
5.292000055313113	61.24999985456469	62.4779998889565
4.396000204086304	70.82999977588655	76.87600036621089
20.59999993324279	65.12400013968342	72.77200015112759
0.8619999504089367	74.33399969577783	82.94599958896636
177.09799917221073	75.931999861002	73.90400002241131
7.220000066757206	62.514000102877596	72.05600007534024
174.4939987564087	80.73800031185147	81.61000012516975
-1.6819999885559103	59.89200010299684	64.41200000762942
2.2459999275207556	63.609999933540806	105.63400014013058
18.747999591827398	61.52200007140639	104.58799974977961
88.61599946022021	70.17800003916018	75.18800017356874
344.9639990377427	61.87599996089937	68.66000000953674
31.115999755859374	61.67799985229968	78.24000010967254
1.4160000896453862	71.04799996852876	65.27199998736378
29.57400000572202	63.79000000000001	72.45800001621247
84.12399991989136	68.89600012779236	69.03000005766745
79.22800028681756	100.0899998372794	66.86600008964535
2.3040001583099365	80.8160002215206	69.59800010100007
61.058000011444115	81.68600006818764	61.08599993139505
1.6599999809265107	76.22800035446882	75.74599995613096
-0.5280000591278076	61.93799994826314	75.563999993801
0.5499998474121125	71.59400007486342	95.88200055792927
1.3300000953674347	64.08599996507165	72.3780000124871
1.3760000228881863	129.26600006520744	65.56800027966496
-2.6399999809265156	64.62400006890294	76.6300000496208
96.45399985313415	64.91600009962919	70.21400005698202
0.17600021362305024	63.14800022125243	60.66800014019011
0.36399998664855926	65.24999991178504	72.26600005775688
460.9379985713962	70.1339998358488	77.04200041055684
404.5699983930587	72.04199999123809	72.26599983096123
147.44400055408465	62.917999939918495	80.79000012397766
42.95200023651124	69.38800019994372	67.61800001323223
2827.8099698138394	50.67799899160858	62.93600009858605
128.16000013113032	66.41200016528366	73.63999993324273
0.7380000400543233	61.42400005817412	73.18600006341931
-2.829999876022338	69.25799996852876	70.06000001430513
83.47600029945376	69.17200006783008	74.84200032114974
578.4019964408874	70.30599995136262	68.07199993640184
2.945999994277956	62.55600002050398	65.26999989390373
-4.0580000782012915	59.78600007534022	69.87200004220006
161.88600061416628	64.80800023734567	64.61999991387121
46.853999671936	96.25200065255156	75.79799995541572
-1.0859998035430898	67.53199986547226	65.40200007110836
4.856000089645392	63.88599995136258	66.81799999237056
15.213999986648554	88.39999994993197	66.70400015711785
5.578000202178957	67.96000026702885	90.77600039571526
175.25800079345728	64.21999992012977	70.21800010442738
123.77000124216084	97.05199957907189	77.49800003916026
22.487999877929695	93.50000031307343	72.1160001945495
68.59999923706046	73.09600001811977	76.56000016927717
12.778000001907337	63.16599972128861	66.49000010073189
51.97800027847288	74.91999993562695	70.46199969142675
29.50200014114377	66.40600001573569	69.57199996814128
37.61200017929077	61.20199989318848	61.14800005435946
48.200000143051135	82.7700006248057	73.59799971103655
5.381999969482402	67.93800024986264	62.61400018572811
36.470000376701336	64.9119999706746	82.80800008773798
5.874000053405774	61.17400007247921	73.67999996066096
-0.7099999999999991	56.87000000119211	76.6139999294281
-0.5279999732971177	64.87000008583072	78.04399966418742
52.91000020980835	97.08000021457669	65.97600021123881
2.7320000171661363	79.36999949693676	64.78999993607401
-2.188000087738038	66.77599997431044	65.78399995401499
-2.343999862670903	106.06799954682582	69.44599990487096
1.3359998512268079	62.37799994349484	67.9720001626015
1.0260000705718986	73.92199986577026	82.29200017452244
152.42000034332287	78.07200009211894	74.66200013399128
42.881999316215584	70.76599982112646	68.98999991416933
2.4580001068115194	59.134000049233464	93.10999972611663
251.55199965476984	84.94800062179566	64.94600005507468
10.603999996185335	63.864000108838	84.303999799788
2.456000337600705	73.11600004196167	66.32600004911419
51.49399951219561	69.08199985980986	70.00799985945221
0.07799978256225791	59.20399992942813	70.58999995708461
138.83199974060068	65.28599980115888	68.15399985074991
-0.7600001716613761	69.52800023555754	104.87800044462088
15.935999946594244	80.62199980184435	69.37599993228913
240.9099987632036	69.2779997590184	80.35399997711183
34.476000108718885	66.70799970865251	72.92600006163127
1.0140000724792513	67.45799970626828	94.96400049179779
0.10600004196167016	63.77599977850907	81.76199994370336
133.6699997788665	64.9739999294281	71.38400017142297
-1.6740001010894756	65.67600006759166	83.90400032818309
234.67199884414683	74.26399987190963	158.24600063860413
20.684000282287617	77.47600020468234	102.27600013911731
21.891999950408938	63.08200022578241	73.4480001556873
2084.481978262222	49.207999618053464	67.40200043410066
-0.10800009727477755	68.04600016057482	67.88199975490576
101.61999998092641	67.58600001096724	67.54399984359739
29.041999759674066	69.06599965989585	69.06000016689295
17.366000108718875	61.5479998397827	64.1219998788834
-0.7739999961853007	65.24799964308738	56.7080001819134
9.385999956130977	58.803999969959264	91.49000001430512
-0.015999889373777623	57.704000003337846	72.01800010323518
69.36999979019161	65.0880001296103	72.93799982845779
2204.505977468482	47.59799985438588	66.54400002568961
36.8359998416901	58.50600001454352	67.57199985504148
148.9740000581741	61.478000228405	79.65799997165792
27.08200023651122	62.56000030279163	78.51999984383586
1.5500000572204564	63.28199977695935	94.76400005578995
3.8720001697540294	65.35599998474119	63.334000174999225
1.1579999828338583	64.55599989891051	81.95599988698972
139.5839996433258	64.2320000958443	67.48600015237923
2.0640000247955346	89.43800018846987	69.28999969482419
0.4319999027252181	63.78799997523431	67.97600002720954
305.47199929356526	73.95199966669091	67.1960002064705
89.60399978160869	70.83799998715521	67.83999982357025
21.658000116348266	64.1579999101162	69.34199982643126
35.48600001335145	79.83000019162884	66.867999895662
-0.26600010871886953	64.27799982547756	79.9299999281764
1.2599999904632584	71.12799994945526	78.52200016498564
526.3979964399339	99.06399973511692	77.31599995136251
2.0440001869201634	59.00399993658064	69.8619996845722
0.9380002117157	70.77599989563224	54.18799996048212
165.66599842548374	80.41600005954507	64.80200007677085
379.661999750137	135.92600041300057	196.66999944239862
29.093999986648544	64.84399992227553	89.15600021272893
36.49399995803833	62.86000030636789	60.51200003623965
23.51399996757506	70.86999979794021	72.58599987030027
196.32599931716916	62.745999958515114	70.07800007224085
142.00600037574765	61.61599998712541	64.82000002384184
-0.17600008010864504	75.82999989941715	78.76400014877319
115.76399995803837	55.81600001215934	82.02399996280673
26.552000322341907	66.1599999082088	113.9980000726879
0.49000009536743383	58.12200009226792	71.88400003433226
-0.9720001411437957	60.129999952316325	62.887999993562666
4.999999971389772	68.30400020003326	66.7399999499321
42.64600007534029	61.5079998493194	71.36200002670283
185.70999887466428	64.19999990522865	65.73200005054464
45.10199966430663	63.83399995565412	67.62399987220765
33.84200024127959	61.97999996900563	66.90000028133396
118.78400016784674	59.15800008833407	69.36399990603329
2.293999929428101	64.67400006413459	63.95400018498299
1.3439999198913553	63.26999978423118	63.86999995321032
-0.9080000972747814	70.7100000512599	57.429999909400955
0.5879999160766575	67.56399968385696	76.75199995875353
8.613999977111797	74.71400021880858	67.14200000286102
42.77599984169009	81.70999986365439	64.14999985218047
89.6839993143081	64.8939997863769	64.91399986505502
313.1259992361069	63.53800003528594	72.20800009965899
1.2960000705719028	60.26000003695488	69.79800004929307
1.5520000362396202	82.53799997091284	67.05600002139806
7.664000053405762	64.61799994349481	71.22800006538633
8.90199991226197	67.12999985337252	73.58799996376041
-0.7859999752044701	68.1159997677803	129.78599962651725
3.7100000667572077	62.46599988460543	69.391999913454
0.9600000190734842	65.25200013041494	73.0019998204708
2.249999847412108	76.5960002341867	65.49999996781347
22.453999872207635	69.88799992322922	67.50200012683865
83.98599986076358	64.82399977579712	68.15600001811978
73.15999969482426	66.26999998986722	62.68200034081939
6.287999916076658	63.66800016760828	68.2139998358488
42.31999993324283	72.95399993896487	73.72399991512295
22.495999794006334	68.34200021386145	65.82799988985055
26.671999931335442	77.8940001142025	70.2459997360408
68.33400018215178	64.19600006386636	64.39800024986272
-0.4519997119903601	68.71000014424321	66.56000014662746
35.05599982261655	96.4100001716615	99.49199971675874
27.78799992561342	73.51599999621513	64.5100001001358
26.6260001373291	67.3220003604888	72.3820001268387
3.4859998989105225	125.03999983087203	95.1520000910758
111.42399965375671	53.98399997934699	65.66200020432467
2.4860001182556126	78.99799997925761	67.95600008249276
12.264000082015993	65.57400010153648	72.41600006580347
3095.317961692813	55.315999601483355	63.1279998879135
2716.293966328349	61.18200020313263	97.34600038617857
2720.805966529848	47.24800039634114	47.31799972280858
2.904000139236452	60.96999997377396	70.7019999170303
2943.1759677791756	51.38200047969817	94.2079984092712
2879.097966467748	55.48200051486493	97.32599970296022
3431.039965438857	56.7980002295971	59.02599975392222
1.116000051498413	59.790000024288865	67.94800005868082
2618.105967690942	47.17200003132226	49.80399969100953
2602.0739672649006	49.57600107550618	47.89799996942279
1.3660000133514396	66.23800027608875	89.40000039935109
240.06999748229967	56.731999968290324	69.07000009536743
150.19800003528607	62.87599997639657	61.9459999525547
13.261999607086196	62.92600005030634	63.391999878883375
0.7239999675750721	64.15200020313262	69.88999986171729
214.56400076866126	64.56399977445601	76.69799973249437
87.07999940872186	72.4200000894069	66.02799991369247
232.90599934577938	65.82599990844722	66.21400002479551
196.24799884796144	63.583999927490915	72.97999991416927
197.08199929237367	62.3160000737012	81.79599979519844
3.9279998207092306	72.99999975800499	68.6439999246597
60.90999979972841	71.53200019657616	72.1240000534058
60.554000387191856	58.27199991792443	62.35399997681381
39.52399973869322	76.42400027871138	89.13600053027277
3.786000280380246	62.733999820947616	87.53199994504452
1.691999912261964	67.55599984645848	74.91200047731398
14.820000019073463	64.95600022077556	70.29800006985668
11.835999965667712	73.03600023031234	65.87999982595444
3.524000186920172	64.1019999414682	70.75199987292288
70.31600000381466	65.63999994516377	92.3219998724758
10.515999994277962	59.78999974131581	72.17200007915493
189.58399932861326	64.67600054979323	66.2320000234246
0.14199993133545094	63.06200028896335	71.88200001835817
140.6139995098114	83.48599987775093	80.28600030004975
-0.417999839782715	61.91200030773884	65.08599997043612
38.3039998912811	99.12599974125622	74.06000030040735
2196.0139779698784	55.58399932205678	93.79400024980309
2.331999959945678	60.69000003099438	68.18800010755662
1.0559999561309845	67.17000009179121	67.14600021839144
4.63999988555908	69.87000011324882	80.30600025996559
4.9459999847412135	65.45000003457072	62.10399979591368
36.104000186920125	69.62199983537195	68.07199986696239
0.4460002708435072	73.3659999588132	71.29999991863963
-1.7040000057220424	64.53399985700844	66.91200011849398
67.99800031661985	71.35599990129468	73.07399986028675
206.9859995985033	95.50799990832807	107.1939996337891
215.16399877309811	67.46799993991849	66.8179999542236
3.1760001850128208	85.32399977356194	88.89199996411791
113.13200014591214	65.61400004506109	112.62200001776208
-1.979999961853027	65.3060002565384	74.88199990749355
0.5900002193450954	60.19199982464317	68.0979999521374
196.40199984550486	103.25599989965555	67.50399988651273
39.10400023460382	70.04599997997286	68.21600018024448
1.2319999980926544	68.4679998922348	73.09399978458876
122.89999966621404	80.76600040763614	66.95400013446806
69.15799996376035	69.70600012898453	71.21399995282289
41.8540000343323	71.23599994301796	68.14200021415944
0.48599977493286406	61.46200003951787	62.45600003242489
22.25600021362304	57.125999923944434	71.95800023362041
0.44399994850158564	145.26399990260603	185.96799893259993
41.6040002536773	58.83799999356269	71.52000029176477
121.69799957275386	60.886000017225754	67.78200010538103
4.893999776840204	64.78800027638675	80.96999984905123
2.406000185012818	70.65999987795941	65.50799990504977
66.6060003566741	82.41800013780595	80.8080001717806
79.149999961853	65.84600024461747	82.32800003051761
2.9860000991821267	79.1860003626346	65.90800004944205
2.410000104904175	79.18199969768519	53.598000094890565
5.546000175476083	57.20000007867817	72.73200017213823
25.311999588012696	61.174000032395085	69.95799994423976
2.23800007820129	72.92000013232234	72.52199958324434
498.8759984302519	68.68600019931796	78.03399970412246
-0.10399987220764281	68.76800013303749	88.6759999208152
1.4899999141693083	70.6420002627373	70.9659998846053
91.56600015640262	64.0880000472069	64.79799998044972
-0.18399994850158585	69.59199991673239	77.87399989604954
16.458000097274766	91.14600041732184	78.14199950993056
0.017999963760374285	81.15999989509588	80.68000021278861
5.449999933242797	67.54800029039383	76.48000021457678
-0.10200008869170818	69.09199993148454	75.29999958515164
2.0920000457763646	70.76199974656107	74.31000003814695
73.70800014495853	61.248000040054315	64.0980000415445
104.90399990081796	67.63200003623957	60.78200009346011
25.864000177383435	61.218000297546396	72.21399981856348
368.841999988556	135.80599983870982	106.93199969440705
10.941999959945687	63.756000105142526	61.786000086814134
560.707997961044	64.2479998290539	69.69799983978265
0.0980000782012954	67.64000008910885	70.5359999132156
95.8580011034011	66.32200008869178	70.98799984455108
2.183999929428106	75.06999998092641	63.88399981975551
1.3860000419616698	66.96999982297416	62.98399984836581
85.96799998283375	62.22400017142295	73.70000021338463
12.4199997138977	64.23600017935034	62.69999988079064
65.24399949073792	65.07000018149611	74.69599999547005
198.9260000710189	62.43600013256071	65.87200009822838
4.76200003623962	69.30000001966954	68.01999995946885
121.70600030899044	72.04000030100335	69.072000002861
3576.323956031787	58.24800082206724	80.46000015884636
1.4239999866485638	75.9959997546672	60.5360001397133
61.991999759674044	68.75799993038179	61.48399988889691
96.982000579834	61.21999997884033	71.25200001075856
2035.9319767189006	54.42600017115474	87.70599956780674
-0.12199957847595083	69.5159999030828	67.59999998807905
-0.13200004577636568	61.94200015068056	105.80400054931629
41.255999794006314	64.23599989891052	71.88399986267082
76.53400021553038	87.01999993085855	66.4600002467632
1.3600000000000005	60.55200023174284	79.91200000360598
4.134000129699702	59.98399988174433	63.14800012797114
2.6539999008178725	71.91999995470043	64.07799990177162
-2.3000000095367406	66.24600014686582	63.12999986588952
3.0880002021789545	76.90399996042255	98.24599979102614
139.39400061607367	71.75199969291685	73.2779998958111
101.15799981117257	80.58000053673979	61.85399974942208
2.130000000000004	63.14999964356426	66.35200000286095
210.93199917793274	73.47000015854829	72.61800007820128
0.08399993896484496	62.220000145435385	70.35200003504747
7.070000114440924	73.7379999262095	61.097999968528754
109.57800018310536	72.1499999563396	71.48799987792972
17.83599985122681	61.13600030302997	69.86199999570843
-0.1480000686645533	76.74599954009058	68.56799974888561
74.20199967384336	74.74799971967933	69.35399977445601
0.41800033569336037	65.93399984836581	78.45800012946121
4.455999879837034	79.84999982163323	88.2580000877379
-0.035999794006347986	66.96599948823453	100.88400001227868
9.563999795913698	63.14600014373657	62.69200004100796
93.55000058174137	77.07599998474117	130.29599999636415
196.5739993429184	76.97800037145615	69.1859998071193
83.07800026893602	66.45999997615812	72.99199999004604
0.022000102996824082	80.765999931097	61.60399977207181
22.097999830245982	63.91199990779158	66.85599993988872
3.895999965667723	62.91600008249279	81.37800030231469
44.21200028419493	83.28599993616345	95.81399978876114
16.85200003623963	60.114000002443774	68.83000011593099
206.4979991722108	66.46200020268553	61.81599997282031
-0.6840000915527344	65.75999994754788	78.16200006723412
19.65399975776673	63.54199999481444	73.66199984550471
40.41199943065642	63.66399981975553	62.74799986854197
42.17399990081785	61.786000089645356	76.53599936485287
87.63800016403198	70.28200004339213	68.47799981772899
3.3940001678466793	61.22599998474121	87.49800001978875
44.31599941253659	77.49799995303151	63.77599998474124
6.722000036239625	60.95400007247927	65.56200005918745
37.77600013732908	68.23199997603895	62.32399985313418
3.387999954223635	73.38200005829334	74.19399966239934
1.5540000534057605	85.48400016129018	66.61399989604953
320.4160002946854	61.71200001239773	64.41199989318845
25.257999687194822	63.4959999227524	80.82800002261989
66.55800050735482	66.46800001680847	64.38999981492758
1.6940000534057644	58.291999980807326	67.16399989917873
41.53200010299683	83.86599997460843	83.11199997663496
139.8779990386963	60.55200003862377	64.27200017452239
78.55400008201603	68.6679999649525	61.49000013455752
217.44199824333202	59.80799988552929	67.78200009673836
310.3939988422396	66.04000030040744	67.30999985456465
3.277999849319463	78.51200000405314	63.85400007843971
64.48799997329705	73.71999994635587	97.2140002906323
157.30599991798405	71.7180001485347	66.97999971866602
0.5020000648498525	62.953999930620135	70.08199993610377
78.67599967956542	61.58799983620643	64.75199997663493
2.05800008773804	63.318000255823115	66.14199990674852
163.22999940872197	64.9300001549721	64.52999992996455
2.5440000247955328	66.51600029945374	84.49600017786022
3269.7659602069693	54.20199959114198	79.36000066146255
0.8599999904632564	60.29399999365209	61.21400006294247
87.45200049400327	65.11400001943107	67.53600004702807
153.7039997637273	63.898000023365036	76.45999989420164
14.154000258445729	65.98399983346464	71.31200008988388
54.127999668121376	64.02800015270716	70.99799983024589
46.94799989700315	61.8719998115301	75.01799982249729
-1.241999812126157	84.61800047934048	77.71400039389731
68.71200028419494	64.57800002455716	69.92600022792816
156.46400079727167	86.89599983215324	65.06999983787534
16.162000122070307	59.57000016003847	67.68000019550325
50.243999891281135	104.75399983763695	76.020000321865
20.608000321388225	68.39799991488447	66.31800015449521
1.1880000686645489	63.673999878019075	48.578000059723855
8.513999919891356	64.13999996662137	50.710000007152544
13.890000095367416	62.76200027346607	49.42399992808696
441.2859971427922	70.65599998638035	50.7679999820888
1.3480001163482638	73.55200001180167	49.65399990320204
88.6100002908706	79.42599988490348	54.54199999332428
0.12799992561340437	61.643999843895436	55.42400004819033
134.6999995970726	64.20200001478194	61.74200003743179
34.599999885559114	69.66000003099441	55.12400001525877
1.0800001144409195	76.46400024235244	52.84600001096726
32.54600043773653	62.87599998414516	52.687999973297096
1.2739998626708993	69.86400008022778	55.82800004959105
0.8240000152587914	80.62200002193454	53.29800003051755
3.5640000343322815	67.30800013124943	55.632000088691775
12.818000230789186	71.6380001616478	60.04400002598764
27.58600020408628	63.06800029084084	54.85000001907346
0.6039996910095213	62.29200014710424	60.76599990367889
4.520000228881831	69.26399983227255	55.909999980926486
-8.326000032424922	69.17799990624182	53.89200000941751
2255.24597532421	56.837999846935276	54.673999698609066
0.24800013542175106	63.243999929428085	51.84199996948241
43.68600016593931	64.46999986648565	50.79599998474115
312.2559987592697	61.51200002312652	54.39399994373314
27.638000049591074	95.14000009998675	51.90599993228911
19.363999919891352	68.20200013160701	53.30200000405309
169.4479999399185	136.84800027072416	51.59400000572203
145.48399944782253	59.99199996948242	51.61400004342197
14.690000219345082	77.54599989816542	55.08599988937374
1.830000038146974	64.0020000544191	52.589999999999996
3.3940000534057595	64.25600011587143	52.733999948501534
2823.9539653396637	51.611999886035925	56.316000066995635
0.5140000057220455	73.62199946463106	52.25600002527237
3.8320000743866003	70.88200031578538	53.099999994337544
189.32400012135503	64.28400011062627	56.021999942660344
31.321999731063816	60.846000006794924	52.542000226974444
26.732000117301947	66.79200006261466	53.06800000667573
2.9440000534057624	64.8620000755787	53.19600002408022
29.640000066757228	64.72400018095965	52.89400002837184
24.685999994277957	60.59799997925758	52.80800001621246
1.5680001258850094	69.9820000307262	54.68800006389624
87.07400056838992	61.57800003990535	51.925999951511656
37.72199968338011	72.5700000342726	51.56999995470049
56.32399984359738	62.900000035166755	52.15400014400482
4.068000087738036	66.08800023555754	51.96199994564053
134.69800029084095	69.61200020313257	52.63799997091292
5.6500000286102265	64.17400014281272	52.744000055789954
16.179999523162852	60.821999804526556	51.22800003290177
139.3039999866486	73.01399999022479	54.47799986511468
23.758000087738047	66.9560001282394	51.261999998092634
8.623999929428098	66.17199993684885	55.242000017166156
-1.2399998760223359	66.86800016596908	58.81200003862381
23.509999971389778	72.98999995529651	55.46200012207031
24.971999950408943	59.640000132620344	54.27799996554848
172.7619989299774	63.570000025033885	55.7260000133514
56.08399962425231	62.352000131607085	53.68200002670289
2.4640001010894785	67.13600001364946	58.400000016689305
1.409999999999997	63.027999774962645	104.50800009131429
60.559999904632555	60.570000035762845	54.3119999694824
61.234000654220566	64.94799978733057	65.59200009703638
42.12599977493283	64.08400011301042	55.59199989795682
2.2100000095367434	193.80199914425606	74.02200014472002
0.5620000362396265	65.27999998688696	59.54800014019007
243.3819990921019	71.68800023555757	72.19200009942047
300.28999979019153	78.03800026893609	63.55200011253358
50.185999813079825	61.70000002861028	61.455999870300325
0.21000002861022596	59.337999990880476	58.35799978256226
59.61399991989125	77.05399972677233	59.41800005406139
5.868000087738033	65.88800010502337	70.65000013589852
18.68400012969969	78.04999966621403	69.52200031310328
1.7100002670288077	84.95199967101222	58.739999914169246
57.13200009346009	56.248000004738564	59.671999908685656
2.1719997692108186	65.98200009584431	73.92399994134898
1.1620000553131105	114.95599973201749	65.98399997949598
44.89199998855594	65.97400013327598	65.01199996948245
224.52000050067912	113.5140004055202	61.21600006341931
1.6420000457763697	63.98000010758637	61.82000013083216
2.4040000343322787	66.82399992465979	61.87600004196168
2.0839998626708987	59.3380001330375	64.4900001597404
2.1680000305175833	60.151999852657305	60.79200005963444
4.823999938964835	69.42799994826316	65.33400009810923
61.31000023841857	69.6260005012154	60.16600014209746
-1.7179999637603738	60.61999998807899	91.96399957656858
14.3899995803833	75.8820004415512	64.39800027251246
22.058000087738055	68.23599980160594	59.17999994754783
3.5059997177124	65.33400006562468	63.22399988174437
-0.3500001049041722	59.780000071227526	65.77599985122679
29.447999973297105	72.36600036621093	64.48000002264976
-0.8620000553131112	65.79799989581105	60.075999903678884
1.4859997844696033	64.26600006461146	64.63000036954882
323.92799930453293	58.25800011515621	70.4860000565648
23.79600008964539	61.6439998826384	62.56400014877325
26.947999734878554	62.84999996945262	60.11399991989133
1.337999963760376	74.31399995446199	66.02199999809262
20.09400029182435	61.992000043392125	70.23800026774401
3.0140001106262204	74.64999967575076	61.74799993515011
